FIGHTER,STANCE,EVER_CHAMPION,EVER_INTERIM,EVER_CHALLENGER,RA_FIGHTER,RA_KD,RA_TD,RA_SUB.ATT,RA_REV,RA_CTRL,RA_HEAD,RA_BODY,RA_LEG,RA_DISTANCE,RA_CLINCH,RA_GROUND,RA_SIG,RA_TOT.SIG,RA_STR,RA_TOTAL.STR,RA_TOTAL.TD,RA_TOTAL.HEAD,RA_TOTAL.BODY,RA_TOTAL.LEG,RA_TOTAL.DISTANCE,RA_TOTAL.CLINCH,RA_TOTAL.GROUND,RA_OPP_KD,RA_OPP_TD,RA_OPP_SUB.ATT,RA_OPP_REV,RA_OPP_CTRL,RA_OPP_HEAD,RA_OPP_BODY,RA_OPP_LEG,RA_OPP_DISTANCE,RA_OPP_CLINCH,RA_OPP_GROUND,RA_OPP_SIG,RA_OPP_TOT.SIG,RA_OPP_STR,RA_OPP_TOTAL.STR,RA_OPP_TOTAL.TD,RA_OPP_TOTAL.HEAD,RA_OPP_TOTAL.BODY,RA_OPP_TOTAL.LEG,RA_OPP_TOTAL.DISTANCE,RA_OPP_TOTAL.CLINCH,RA_OPP_TOTAL.GROUND,RA_TD_DEF,RA_HEAD_DEF,RA_BODY_DEF,RA_LEG_DEF,RA_DISTANCE_DEF,RA_CLINCH_DEF,RA_GROUND_DEF,RA_SIG_DEF,RA_STR_DEF,RA_TD_%,RA_HEAD_%,RA_BODY_%,RA_LEG_%,RA_DISTANCE_%,RA_CLINCH_%,RA_GROUND_%,RA_SIG_%,RA_STR_%,RA_TD_DEF_%,RA_HEAD_DEF_%,RA_BODY_DEF_%,RA_LEG_DEF_%,RA_DISTANCE_DEF_%,RA_CLINCH_DEF_%,RA_GROUND_DEF_%,RA_SIG_DEF_%,RA_STR_DEF_%
Asu Almabayev,,No,No,No,Asu Almabayev,0.0,3.0,0.0,0.0,3.1777777777777776,7.333333333333333,3.0,4.333333333333333,7.666666666666667,2.6666666666666665,4.333333333333333,14.666666666666666,25.666666666666668,28.333333333333332,44.0,4.666666666666667,17.666666666666668,3.6666666666666665,4.333333333333333,17.0,3.3333333333333335,5.333333333333333,0.0,0.0,0.0,0.0,0.07777777777777777,4.333333333333333,4.666666666666667,0.6666666666666666,7.333333333333333,1.3333333333333333,1.0,9.666666666666666,17.666666666666668,22.0,30.666666666666668,0.0,10.666666666666666,5.666666666666667,1.3333333333333333,15.333333333333334,1.3333333333333333,1.0,0.0,6.333333333333333,1.0,0.6666666666666666,8.0,0.0,0.0,8.0,8.666666666666666,0.6428571428571428,0.4150943396226415,0.8181818181818182,0.6923076923076924,0.45098039215686275,0.7999999999999999,0.8125,0.5714285714285714,0.6439393939393939,,0.59375,0.17647058823529416,1.0,0.5217391304347827,0.0,0.0,0.4528301886792454,0.28260869565217395
CJ Vergara,Orthodox,No,No,No,CJ Vergara,0.0,0.0,0.05555555555555555,0.05555555555555555,0.6814814814814815,12.75,9.861111111111112,3.0833333333333335,18.25,2.5,4.944444444444444,25.694444444444446,44.611111111111114,37.11111111111111,57.30555555555555,0.0,28.472222222222225,12.638888888888891,3.5,34.11111111111111,3.25,7.25,0.1111111111111111,1.0,0.3055555555555555,0.13888888888888887,1.2587962962962962,14.0,5.777777777777779,2.9166666666666665,19.72222222222222,1.527777777777778,1.4444444444444446,22.694444444444446,48.111111111111114,27.36111111111111,54.02777777777778,2.555555555555556,37.333333333333336,7.638888888888889,3.138888888888889,44.25,2.0277777777777777,1.8333333333333333,1.5555555555555556,23.333333333333332,1.8611111111111114,0.2222222222222222,24.527777777777775,0.5,0.38888888888888884,25.416666666666668,26.666666666666668,,0.44780487804878044,0.7802197802197802,0.0,0.5350162866449512,0.7692307692307693,0.6819923371647508,0.5759651307596513,0.6476005816771692,0.6086956521739131,0.625,0.24363636363636354,0.6814159292035398,0.5543000627746391,0.2465753424657533,0.21212121212121193,0.5282909930715936,0.493573264781491
Curtis Blaydes,Orthodox,No,No,No,Curtis Blaydes,0.024444444444444442,1.8866666666666667,0.0,0.0,2.6708888888888884,8.462222222222222,1.548888888888889,1.5,5.433333333333334,1.9,4.177777777777778,11.511111111111111,21.655555555555555,22.5,35.10666666666667,3.837777777777778,18.253333333333334,1.7266666666666666,1.6755555555555552,14.16888888888889,2.1977777777777776,5.288888888888889,0.04666666666666667,0.3333333333333333,0.026666666666666665,0.0,0.2168148148148148,5.788888888888889,1.411111111111111,0.4,6.8822222222222225,0.5422222222222223,0.17555555555555555,7.6,19.677777777777777,26.98888888888889,40.00888888888889,0.6133333333333333,17.313333333333333,1.9066666666666667,0.45777777777777773,18.555555555555554,0.9022222222222223,0.22000000000000003,0.27999999999999997,11.524444444444445,0.4955555555555556,0.057777777777777775,11.673333333333334,0.36,0.04444444444444444,12.077777777777778,13.02,0.49160393746381004,0.4635987338690041,0.8970398970398972,1.1259946949602124,0.38346925972396484,0.8645096056622852,0.7899159663865547,0.5315546434068753,0.6409039118875807,0.4565217391304348,0.6656398408419972,0.25990675990676004,0.27184466019417475,0.6291017964071856,0.3990147783251231,0.2020202020202022,0.6137775268210051,0.3254276827371695
Jailton Almeida,Orthodox,No,No,No,Jailton Almeida,0.0,1.4761904761904763,0.30476190476190473,0.2,3.737936507936508,8.58095238095238,0.5714285714285714,0.26666666666666666,0.6476190476190476,0.6,8.171428571428573,9.41904761904762,14.228571428571428,27.542857142857144,35.98095238095238,3.4095238095238094,12.971428571428572,0.6285714285714286,0.6285714285714286,1.4095238095238094,1.6,11.219047619047618,0.0,0.0,0.0,0.0,0.19873015873015873,3.676190476190476,0.2571428571428571,0.02857142857142857,0.3238095238095238,0.2,3.438095238095238,3.961904761904762,7.352380952380952,5.923809523809524,10.219047619047618,0.4,6.80952380952381,0.5142857142857142,0.02857142857142857,1.9333333333333336,0.2,5.219047619047619,0.4,3.1333333333333333,0.2571428571428571,0.0,1.6095238095238096,0.0,1.780952380952381,3.3904761904761904,4.295238095238095,0.4329608938547486,0.6615271659324522,0.9090909090909091,2.3484848484848486,0.45945945945945954,0.37499999999999994,0.7283531409168083,0.6619812583668006,0.7654843832715723,1.0,0.4601398601398602,0.5,1.0,0.8325123152709359,0.0,0.3412408759124088,0.46113989637305697,0.42031686859273054
Benoit Saint Denis,Southpaw,No,No,No,Benoit Saint Denis,0.20952380952380953,0.8952380952380953,0.2571428571428571,0.047619047619047616,1.4334920634920634,11.952380952380954,6.561904761904763,2.961904761904762,14.514285714285714,2.7619047619047614,4.2,21.476190476190478,39.304761904761904,29.76190476190476,49.047619047619044,3.7809523809523813,28.19047619047619,8.057142857142857,3.057142857142857,28.00952380952381,3.5047619047619047,7.790476190476191,0.06666666666666667,0.20952380952380953,0.3238095238095238,0.0,0.5473015873015873,11.952380952380954,6.828571428571429,2.657142857142857,16.56190476190476,3.5809523809523807,1.2952380952380953,21.43809523809524,38.00952380952381,25.419047619047618,42.79047619047619,0.6761904761904761,27.08571428571429,7.885714285714286,3.038095238095238,31.771428571428572,4.942857142857143,1.2952380952380953,0.4666666666666666,15.133333333333333,1.0571428571428572,0.38095238095238093,15.209523809523809,1.3619047619047617,0.0,16.571428571428573,17.37142857142857,0.2367758186397985,0.42398648648648657,0.814420803782506,0.2928348909657321,0.5181910914654879,0.7880434782608694,0.539119804400978,0.5464017446086746,0.6067961165048543,0.6901408450704225,0.5587201125175809,0.13405797101449268,0.9310344827586207,0.4787170263788969,0.2755298651252409,0.0,0.43598095715359564,0.4059648341865124
Dustin Poirier,Southpaw,No,Yes,Yes,Dustin Poirier,0.10476190476190475,0.3571428571428571,0.3404761904761905,0.03238095238095238,0.9378968253968253,19.855238095238096,2.094761904761905,1.6228571428571428,18.732857142857142,2.65,2.19,23.572857142857142,43.810476190476194,29.18,49.939523809523806,0.9914285714285714,39.13809523809524,2.737142857142857,1.9352380952380954,36.82952380952381,3.870476190476191,3.1104761904761906,0.022857142857142857,0.4447619047619048,0.38190476190476186,0.02571428571428571,0.7987063492063491,12.851904761904763,4.429523809523809,1.8523809523809525,15.667142857142858,2.081904761904762,1.3847619047619049,19.133809523809525,41.79428571428572,25.08857142857143,48.28380952380952,1.3209523809523809,33.87523809523809,5.76095238095238,2.158095238095238,37.06857142857143,3.0228571428571427,1.7028571428571428,0.8761904761904763,21.023333333333333,1.3314285714285714,0.3057142857142857,21.40142857142857,0.940952380952381,0.3180952380952381,22.660476190476192,23.195238095238096,0.3602305475504322,0.5073123251003772,0.7653096729297147,0.18454724409448814,0.508636963098963,0.684670275590551,0.7040722596448254,0.5380643899045672,0.5843067329055144,0.6633020908435472,0.6206106441001995,0.23111258059183326,0.793909973521624,0.5773470016956991,0.31127914303717696,0.18680089485458606,0.5421907756813418,0.48039370389364466
Gilbert Burns,Orthodox,No,No,Yes,Gilbert Burns,0.04171122994652406,0.5307104660045836,0.18846447669977082,0.0,1.0513076139546729,8.479373567608862,3.6937356760886173,3.561955691367456,12.524293353705119,1.5353705118411,1.6754010695187165,15.735064935064935,30.13376623376623,24.078151260504203,39.10893812070283,1.9515660809778457,21.409014514896867,4.409702062643239,4.315049656226127,26.107944996180287,1.9718105423987775,2.0540106951871655,0.09365928189457601,0.13017570664629488,0.00909090909090909,0.0,0.4922650878533231,11.871428571428572,4.073414820473644,1.7433919022154316,15.548357524828111,1.317188693659282,0.8226890756302521,17.688235294117646,36.805805958747136,22.14400305576776,41.63644003055768,0.3539343009931245,29.493735676088612,5.339801375095493,1.9722689075630253,34.03644003055768,1.6087853323147443,1.1605805958747133,0.22375859434682965,17.622307104660045,1.2663865546218487,0.22887700534759362,18.488082505729565,0.29159663865546215,0.3378915202444614,19.11757066462949,19.492436974789918,0.2719408126516871,0.3960655714306105,0.8376383763837638,0.12299058140358331,0.4797119557107034,0.7786602611289761,0.8156730018224422,0.5221738568288584,0.6156687554694337,0.6322037556658753,0.5974932201941083,0.23715986151248958,0.9339969787349421,0.5431849655584161,0.18125267106700227,0.291140073723012,0.5194172540619526,0.4681581076692458
Jack Della Maddalena,Switch,No,No,No,Jack Della Maddalena,0.34920634920634924,0.1111111111111111,0.047619047619047616,0.0,0.21587301587301588,18.476190476190478,7.714285714285714,2.714285714285714,23.3015873015873,2.8571428571428577,2.7460317460317465,28.9047619047619,51.46031746031746,36.714285714285715,60.507936507936506,0.20634920634920637,37.65079365079365,10.634920634920634,3.1746031746031744,44.55555555555555,3.6666666666666665,3.2380952380952386,0.0,0.7777777777777777,0.047619047619047616,0.1111111111111111,1.0658730158730159,10.761904761904761,4.111111111111111,3.8253968253968256,17.444444444444446,1.2063492063492063,0.047619047619047616,18.6984126984127,56.58730158730159,20.603174603174605,58.714285714285715,3.301587301587302,44.74603174603175,7.222222222222222,4.6190476190476195,54.98412698412699,1.5555555555555556,0.047619047619047616,2.5238095238095233,33.98412698412699,3.111111111111111,0.7936507936507936,37.53968253968254,0.34920634920634924,0.0,37.888888888888886,38.11111111111111,0.5384615384615384,0.4907251264755481,0.7253731343283583,0.035,0.5229782686141788,0.7792207792207794,0.8480392156862745,0.5616903146206045,0.6067681007345226,0.764423076923077,0.7594891805604824,0.4307692307692308,0.8316151202749141,0.6827367205542725,0.22448979591836737,0.0,0.6695652173913043,0.6490943498242768
Ion Cutelaba,Southpaw,No,No,No,Ion Cutelaba,0.041666666666666664,0.9722222222222222,0.0,0.0,0.8586805555555554,13.006944444444445,2.6597222222222223,1.3194444444444444,10.354166666666666,3.465277777777778,3.1666666666666665,16.98611111111111,42.74305555555555,24.541666666666668,51.333333333333336,1.8819444444444444,37.4375,3.888888888888889,1.4166666666666667,33.354166666666664,5.201388888888888,4.1875,0.08333333333333333,0.3125,0.18055555555555555,0.020833333333333332,0.7967592592592592,11.583333333333334,1.875,1.875,11.75,2.152777777777778,1.4305555555555556,15.333333333333334,29.1875,21.3125,36.24305555555555,1.298611111111111,24.70138888888889,2.4930555555555554,1.9930555555555556,24.104166666666668,3.0555555555555554,2.0277777777777777,0.986111111111111,13.118055555555555,0.6180555555555555,0.11805555555555554,12.354166666666666,0.9027777777777778,0.5972222222222222,13.854166666666666,14.930555555555557,0.5166051660516605,0.3474309033574476,0.6839285714285714,0.6862745098039216,0.31043098063710184,0.6662216288384514,0.7562189054726368,0.39740048740861095,0.4780844155844156,0.7593582887700534,0.5310655046387405,0.24791086350974922,0.8432055749128919,0.5125324114088159,0.2954545454545453,0.29452054794520544,0.47466095645967166,0.41195631347001327
Philipe Lins,Orthodox,No,No,No,Philipe Lins,0.05555555555555555,0.5555555555555555,0.0,0.0,1.5333333333333332,10.222222222222221,3.8888888888888893,3.055555555555556,14.222222222222221,2.2222222222222223,0.7222222222222223,17.166666666666668,34.97222222222222,20.583333333333332,38.55555555555555,1.6388888888888886,25.777777777777775,5.555555555555556,3.6388888888888893,31.0,3.0,0.9722222222222223,0.05555555555555555,0.0,0.0,0.0,0.20555555555555557,6.722222222222222,4.972222222222222,4.472222222222222,12.444444444444445,3.5833333333333335,0.13888888888888887,16.166666666666668,30.75,30.13888888888889,45.138888888888886,0.38888888888888884,19.472222222222225,6.111111111111111,5.166666666666667,25.833333333333332,4.777777777777778,0.13888888888888887,0.38888888888888884,12.75,1.1388888888888888,0.6944444444444443,13.388888888888888,1.1944444444444444,0.0,14.583333333333334,15.0,0.3389830508474576,0.39655172413793105,0.7,0.1526717557251908,0.45878136200716846,0.7407407407407408,0.7428571428571429,0.49086576648133445,0.5338616714697407,1.0,0.6547788873038517,0.1863636363636363,1.0,0.5182795698924731,0.25,0.0,0.4742547425474254,0.3323076923076923
Joanne Wood,Orthodox,No,No,No,Joanne Wood,0.08021390374331551,0.5329768270944741,0.08912655971479501,0.0499108734402852,0.9052287581699346,15.723707664884136,8.590017825311943,10.92156862745098,27.718360071301248,6.103386809269163,1.4135472370766486,35.23529411764706,68.5204991087344,50.43315508021391,85.94295900178253,0.9554367201426025,41.54188948306595,12.638146167557933,14.340463458110518,58.288770053475936,7.918003565062389,2.3137254901960786,0.0392156862745098,0.33868092691622104,0.16755793226381463,0.0,0.927243018419489,14.402852049910871,6.5828877005347595,2.6666666666666665,18.083778966131906,3.9215686274509802,1.647058823529412,23.6524064171123,49.41889483065953,33.38502673796791,60.71836007130125,0.8805704099821746,36.69162210338681,8.655971479500892,4.071301247771836,42.20320855614974,5.135472370766489,2.0802139037433154,0.5418894830659536,22.288770053475933,2.073083778966132,1.4046345811051693,24.119429590017827,1.213903743315508,0.43315508021390375,25.766488413547236,27.333333333333332,0.5578358208955224,0.37850246728169923,0.6796897038081805,0.03716594157862026,0.47553516819571867,0.770823953174246,0.6109399075500769,0.5142299687825183,0.5868212552370682,0.6153846153846154,0.6074621064904782,0.23949752883031306,0.9168126094570929,0.5715070113194798,0.23637625824366548,0.20822622107969135,0.5213894098975617,0.4501658691248569
Maryna Moroz,Orthodox,No,No,No,Maryna Moroz,0.0,0.20555555555555557,0.18148148148148147,0.027777777777777776,0.9400617283950616,13.833333333333334,6.224074074074075,1.9166666666666667,18.072222222222223,1.8759259259259258,2.0259259259259257,21.97407407407407,65.04074074074074,28.65185185185185,73.16296296296296,0.9203703703703704,52.85740740740741,9.698148148148148,2.4851851851851854,59.30185185185186,3.0685185185185184,2.6703703703703705,0.05555555555555555,0.4185185185185185,0.08888888888888889,0.027777777777777776,0.7393518518518518,13.78888888888889,5.646296296296296,4.875925925925926,19.905555555555555,3.461111111111111,0.9444444444444445,24.311111111111114,50.6462962962963,33.385185185185186,60.72592592592593,0.7092592592592593,37.06481481481482,7.257407407407407,6.3240740740740735,44.88148148148148,4.3240740740740735,1.4407407407407409,0.29074074074074074,23.27592592592593,1.611111111111111,1.4481481481481484,24.975925925925925,0.8629629629629628,0.4962962962962963,26.335185185185185,27.340740740740742,0.2233400402414487,0.2617104018498406,0.6417796448348292,0.0827123695976155,0.30474971114511445,0.6113458056729028,0.7586685159500692,0.33785091965150044,0.39161688771894293,0.4099216710182768,0.6279790157381964,0.2219954069915795,0.9338213762811127,0.5564862188479947,0.19957173447537468,0.3444730077120822,0.5199824490840615,0.4502317638448402
Katlyn Cerminara,,No,No,No,Katlyn Cerminara,0.0,0.3333333333333333,0.0,0.0,0.9555555555555554,14.666666666666666,7.0,0.3333333333333333,14.333333333333334,7.666666666666667,0.0,22.0,50.666666666666664,33.0,62.0,2.0,40.666666666666664,9.0,1.0,41.333333333333336,9.333333333333334,0.0,0.0,1.3333333333333333,0.0,0.0,1.5833333333333333,19.666666666666668,6.0,2.3333333333333335,14.666666666666666,12.0,1.3333333333333333,28.0,50.0,40.666666666666664,63.0,1.3333333333333333,40.333333333333336,7.333333333333333,2.3333333333333335,35.666666666666664,13.0,1.3333333333333333,0.0,20.666666666666668,1.3333333333333333,0.0,21.0,1.0,0.0,22.0,22.333333333333332,0.16666666666666666,0.36065573770491804,0.7777777777777778,0.3333333333333333,0.34677419354838707,0.8214285714285714,,0.4342105263157895,0.532258064516129,0.0,0.5123966942148761,0.18181818181818177,0.4285714285714286,0.5887850467289719,0.07692307692307687,0.0,0.43999999999999995,0.35449735449735453
Maycee Barber,Switch,No,No,No,Maycee Barber,0.0,0.5,0.047619047619047616,0.17489177489177488,1.0082972582972582,14.767099567099569,4.014285714285714,1.6948051948051948,9.693506493506492,7.3545454545454545,3.4281385281385277,20.476190476190478,40.320346320346324,26.094805194805193,47.2917748917749,1.047186147186147,32.96190476190476,5.43939393939394,1.9190476190476191,26.73896103896104,9.207359307359308,4.374025974025974,0.03333333333333333,0.44805194805194803,0.03333333333333333,0.09999999999999999,1.536984126984127,7.458441558441559,3.6437229437229437,1.9995670995670995,8.976623376623378,3.722943722943723,0.40216450216450217,13.1017316017316,30.924675324675324,25.07402597402597,45.322077922077916,0.8523809523809524,22.915584415584416,5.312987012987013,2.696103896103896,25.515151515151516,4.82943722943723,0.5800865800865801,0.40432900432900437,15.457142857142857,1.6692640692640692,0.6965367965367966,16.53852813852814,1.1064935064935064,0.17792207792207793,17.822943722943723,20.24805194805195,0.4774700289375776,0.4480050432087416,0.7380023875845602,0.26054590570719605,0.36252367769197136,0.7987681602332032,0.7837490102929532,0.5078376637320163,0.5517831642927756,0.4743524631792788,0.6745253612921507,0.31418561069013284,0.8338150289017341,0.6481845945028842,0.22911437791323053,0.3067164179104478,0.5763340612576292,0.4467591265975127
Kevin Holland,Orthodox,No,No,No,Kevin Holland,0.06571428571428571,0.28523809523809524,0.10761904761904761,0.03238095238095238,0.5884047619047619,8.008571428571429,2.6485714285714286,3.4061904761904764,10.975714285714286,1.5271428571428571,1.5604761904761904,14.063333333333333,29.70952380952381,33.92857142857143,50.90523809523809,0.768095238095238,21.66857142857143,4.115714285714286,3.9252380952380954,25.289523809523807,2.472857142857143,1.947142857142857,0.0,1.092857142857143,0.1980952380952381,0.06571428571428571,1.940547619047619,6.9819047619047625,3.7323809523809524,2.7595238095238095,10.325714285714286,1.7076190476190476,1.4404761904761905,13.473809523809525,25.68571428571429,30.049523809523812,46.882380952380956,2.1285714285714286,17.60809523809524,5.125238095238095,2.952380952380952,20.357619047619046,2.361428571428571,2.966666666666667,1.0357142857142858,10.626190476190477,1.3928571428571428,0.19285714285714284,10.03190476190476,0.6538095238095238,1.5261904761904763,12.211904761904762,16.832857142857144,0.3713577185368878,0.3695938818565401,0.6435265532801111,0.07266771806381171,0.4340024101830233,0.6175621028307337,0.801418439716312,0.47336111556339155,0.6665045228763062,0.4865771812080536,0.6034832463423209,0.27176437796153485,0.6298387096774193,0.4927837945311221,0.2768703367614438,0.514446227929374,0.4754356692621432,0.35904441713304824
Michael Page,,No,No,No,Michael Page,0.0,0.0,0.0,0.0,0.4777777777777778,9.333333333333334,2.6666666666666665,1.6666666666666667,12.666666666666666,0.6666666666666666,0.3333333333333333,13.666666666666666,20.666666666666668,19.666666666666668,27.0,1.0,15.666666666666666,3.3333333333333335,1.6666666666666667,19.333333333333332,1.0,0.3333333333333333,0.0,0.6666666666666666,0.3333333333333333,0.0,1.4555555555555555,3.6666666666666665,1.3333333333333333,4.666666666666667,6.0,1.3333333333333333,2.3333333333333335,9.666666666666666,20.333333333333332,21.333333333333332,33.0,1.6666666666666667,12.333333333333334,2.0,6.0,15.666666666666666,1.6666666666666667,3.0,1.0,8.666666666666666,0.6666666666666666,1.3333333333333333,9.666666666666666,0.3333333333333333,0.6666666666666666,10.666666666666666,11.666666666666666,0.0,0.5957446808510639,0.7999999999999999,0.0,0.6551724137931034,0.6666666666666666,1.0,0.6612903225806451,0.7283950617283951,0.6000000000000001,0.7027027027027027,0.33333333333333337,0.8888888888888888,0.6170212765957447,0.20000000000000007,0.2222222222222222,0.5245901639344263,0.3535353535353536
Mateusz Gamrot,Southpaw,No,No,No,Mateusz Gamrot,0.025,1.7816666666666667,0.02222222222222222,0.0,1.3457685185185184,12.192222222222222,1.875,0.9883333333333333,12.877222222222224,1.0638888888888889,1.1144444444444446,15.055555555555554,26.529444444444444,22.079444444444444,34.44222222222222,4.818888888888889,22.84,2.6166666666666667,1.0727777777777778,23.58777777777778,1.3333333333333335,1.6083333333333336,0.30944444444444447,0.02222222222222222,0.0,0.0,0.23249074074074075,8.444444444444445,5.609444444444445,1.8933333333333333,14.485555555555555,0.4955555555555556,0.9661111111111111,15.947222222222223,39.903333333333336,18.935,43.05222222222223,0.4988888888888889,30.051666666666666,7.6033333333333335,2.2483333333333335,37.49722222222222,1.0150000000000001,1.3911111111111112,0.4766666666666667,21.607222222222223,1.993888888888889,0.355,23.011666666666667,0.5194444444444445,0.425,23.956111111111113,24.11722222222222,0.36972561678579663,0.5338100797820587,0.7165605095541401,1.6607975142413258,0.5459277403551746,0.7979166666666666,0.6929188255613126,0.5675036123384918,0.6410574875798439,0.955456570155902,0.7190024587284861,0.2622387841589946,0.9901161354089449,0.6136899029557745,0.511767925561029,0.30551118210862627,0.6003536323893854,0.5601853046687486
Rafael Dos Anjos,Southpaw,Yes,No,Yes,Rafael Dos Anjos,0.04316028798787419,0.6192166454235419,0.14016741878810843,0.020303145130731337,1.2687122417812073,10.169099865651589,3.897002997002997,2.8664480347238968,11.633615350167073,3.032439973819284,2.266495573392125,16.932550897378484,34.930426125598544,23.730590099555616,42.63943435874471,1.7782486479038204,26.360144682903304,5.202845430431637,3.3674360122635982,27.883052120293502,3.740788177339901,3.306585827965138,0.027692307692307693,0.6814378724723552,0.013406593406593406,0.012610837438423644,1.1460928381962865,11.184345309862552,3.1448096730855353,2.0360115746322647,13.011384477591372,2.0327369182541597,1.321045161734817,16.365166557580352,39.0426525198939,24.00282682834407,47.72236315408729,1.5358124633986703,32.130459884942645,4.677119432291846,2.2350732026594096,34.26748768472906,2.747987874194771,2.0271769609700643,0.8543745909263152,20.946114575080095,1.5323097592063109,0.19906162802714528,21.25610320713769,0.715250955940611,0.7061317992352475,22.677485962313547,23.719536325743224,0.34821713271283383,0.3857755709606206,0.749013794299804,0.18388371543467075,0.41722890664828033,0.8106419904202306,0.6854488863478009,0.48475076818400364,0.5565409217181332,0.5563013787735711,0.651908334025935,0.3276182661975472,0.6951160831504113,0.6202994337577378,0.2602817001695096,0.3483325890292983,0.5808387621911293,0.4970318894132909
Michal Oleksiejczuk,Southpaw,No,No,No,Michal Oleksiejczuk,0.19444444444444445,0.16666666666666666,0.0,0.027777777777777776,0.2572222222222222,11.422222222222222,5.422222222222222,0.5777777777777777,14.777777777777779,0.9222222222222222,1.722222222222222,17.42222222222222,36.24444444444444,24.8,44.26111111111111,0.5555555555555555,29.03333333333333,6.566666666666666,0.6444444444444445,32.82222222222222,0.9777777777777777,2.444444444444444,0.0,0.6,0.21666666666666667,0.0,0.6228703703703703,12.911111111111111,3.3722222222222222,0.7277777777777777,14.305555555555555,2.1777777777777776,0.5277777777777778,17.01111111111111,45.11666666666667,22.433333333333334,51.88333333333333,0.9611111111111112,38.97777777777778,5.222222222222222,0.9166666666666666,41.31111111111111,3.2777777777777772,0.5277777777777778,0.3611111111111111,26.066666666666666,1.8499999999999999,0.18888888888888888,27.005555555555556,1.1,0.0,28.105555555555554,29.450000000000003,0.30000000000000004,0.393417527745886,0.8257191201353637,0.2586206896551724,0.4502369668246446,0.9431818181818181,0.7045454545454546,0.48068669527896996,0.5603112840466926,0.37572254335260125,0.6687571265678449,0.35425531914893615,0.34545454545454546,0.6537116729424421,0.335593220338983,0.0,0.6229528383204039,0.567619659492451
Michel Pereira,Orthodox,No,No,No,Michel Pereira,0.11428571428571428,0.48095238095238096,0.2238095238095238,0.0,0.42325396825396827,11.695238095238096,9.833333333333334,2.3857142857142857,20.0952380952381,2.9380952380952383,0.8809523809523809,23.914285714285715,44.12857142857143,26.947619047619046,47.94285714285714,0.8666666666666667,28.538095238095238,13.042857142857143,2.5476190476190474,39.22857142857143,3.323809523809524,1.576190476190476,0.0,0.047619047619047616,0.09523809523809523,0.0,0.42555555555555563,11.209523809523809,2.880952380952381,3.5666666666666664,14.366666666666667,1.8047619047619048,1.4857142857142858,17.65714285714286,41.96666666666667,24.228571428571428,49.166666666666664,0.7428571428571429,32.76190476190476,4.728571428571429,4.476190476190476,37.25714285714286,2.676190476190476,2.033333333333333,0.6952380952380953,21.552380952380954,1.8476190476190475,0.9095238095238095,22.890476190476193,0.8714285714285714,0.5476190476190476,24.30952380952381,24.93809523809524,0.554945054945055,0.40981144668780245,0.7539247900693684,0.18878504672897198,0.5122602573440156,0.8839541547277937,0.5589123867069488,0.5419229524117837,0.562077870480731,0.9358974358974359,0.6578488372093023,0.3907351460221551,0.9893617021276596,0.6143916155419222,0.32562277580071164,0.26932084309133486,0.5792579144445705,0.5072154963680388
Kyler Phillips,Orthodox,No,No,No,Kyler Phillips,0.09523809523809523,0.746031746031746,0.16666666666666666,0.047619047619047616,0.8154761904761904,17.484126984126984,4.436507936507937,3.7460317460317456,19.92063492063492,1.8253968253968254,3.920634920634921,25.666666666666668,56.730158730158735,29.42857142857143,60.952380952380956,1.603174603174603,46.23809523809524,6.246031746031747,4.246031746031746,48.84126984126984,2.357142857142857,5.531746031746032,0.0,0.3968253968253968,0.047619047619047616,0.05555555555555555,0.4935185185185185,8.761904761904761,4.142857142857143,2.6587301587301586,14.19047619047619,0.9761904761904763,0.3968253968253968,15.563492063492063,40.46031746031746,19.238095238095237,45.388888888888886,1.5238095238095237,31.28571428571429,6.031746031746032,3.142857142857143,37.96825396825397,1.6984126984126984,0.7936507936507936,1.126984126984127,22.523809523809522,1.888888888888889,0.48412698412698413,23.777777777777775,0.7222222222222223,0.3968253968253968,24.896825396825395,26.150793650793656,0.46534653465346537,0.3781325094404394,0.7102922490470139,0.17570093457943925,0.4078648033799155,0.7744107744107743,0.708751793400287,0.4524342473419138,0.4828125,0.7395833333333333,0.7199391171993912,0.3131578947368421,0.8737373737373737,0.6262541806020068,0.4252336448598131,0.5,0.6153393487642214,0.5761496765168735
Pedro Munhoz,Orthodox,No,No,No,Pedro Munhoz,0.07809523809523809,0.09963369963369964,0.08761904761904762,0.009523809523809523,0.1724908424908425,17.09201465201465,5.525714285714286,8.316630036630036,29.68996336996337,0.6663736263736264,0.578021978021978,30.934358974358975,67.73714285714286,32.185054945054944,69.09509157509157,0.5371428571428571,47.35970695970696,9.917216117216118,10.46021978021978,65.67194139194139,1.1572161172161173,0.9079853479853479,0.0,0.3068131868131868,0.0,0.0,0.08453968253968253,21.89860805860806,4.411282051282051,2.825934065934066,28.593699633699636,0.3265934065934066,0.2155311355311355,29.135824175824176,73.19560439560439,29.59062271062271,73.73245421245421,1.0704761904761904,62.28161172161172,7.503589743589744,3.41040293040293,72.15633699633699,0.7246886446886447,0.3145787545787545,0.7636630036630037,40.38300366300366,3.0923076923076924,0.5844688644688645,43.56263736263736,0.3980952380952381,0.09904761904761905,44.05978021978022,44.141831501831504,0.1854882705946536,0.3608978127030288,0.5571840141833493,0.00952501015534171,0.4520951069920194,0.5758419853127374,0.6365983540422785,0.4566823705511069,0.4658081234334378,0.7133862578702437,0.6483936838935521,0.4121104428649536,0.91003608867503,0.6037257318764505,0.5493327941771129,0.31485794131346057,0.6019457122267595,0.5986757388359856
Petr Yan,Switch,Yes,Yes,Yes,Petr Yan,0.19790209790209792,0.47055944055944054,0.056666666666666664,0.03484848484848485,0.879948717948718,18.562191142191143,4.925058275058275,2.6065967365967366,17.944265734265734,2.52002331002331,5.629557109557109,26.09384615384615,46.20062937062937,34.87298368298368,55.728811188811186,1.014918414918415,37.51344988344989,5.92009324009324,2.767086247086247,36.31118881118881,3.2382284382284383,6.651212121212121,0.016666666666666666,0.5294172494172494,0.0,0.033566433566433566,0.5572249417249417,13.14848484848485,4.963682983682984,2.7815384615384615,18.731608391608393,1.5975990675990677,0.5644988344988345,20.893706293706295,49.98874125874126,24.47102564102564,54.07179487179487,3.323053613053613,39.285244755244754,7.2059207459207455,3.4975757575757576,46.97741258741259,2.244009324009324,0.7673193473193474,2.793636363636364,26.13675990675991,2.2422377622377625,0.716037296037296,28.245804195804197,0.6464102564102564,0.20282051282051286,29.095034965034966,29.60076923076923,0.463642627468994,0.49481429193694004,0.8319224166443545,0.17005593557300266,0.4941800674049109,0.778210480852289,0.8463956654762613,0.5647941707572173,0.625762203410957,0.8406835064780196,0.6653072946241612,0.3111660315591296,0.8486330858536715,0.601263514529375,0.288060414675697,0.2643234704417037,0.5820317582000982,0.547434559939302
Song Yadong,Orthodox,No,No,No,Song Yadong,0.2458874458874459,0.19826839826839826,0.032467532467532464,0.0404040404040404,1.1365295815295817,13.633333333333335,4.029581529581529,2.846753246753247,15.057431457431457,1.2148629148629149,4.237373737373737,20.50966810966811,43.59148629148629,32.61818181818182,58.74848484848485,0.43679653679653685,34.22669552669553,5.722799422799423,3.641991341991342,36.10634920634921,1.799134199134199,5.686002886002886,0.0,0.3519480519480519,0.0,0.0,0.44531024531024527,9.835497835497836,2.8454545454545457,3.3773448773448775,14.357720057720059,0.7124098124098124,0.9881673881673881,16.05829725829726,35.57417027417027,22.254689754689757,42.35844155844156,1.4494949494949494,27.318614718614718,4.204040404040404,4.051515151515152,33.45670995670996,0.9333333333333333,1.1841269841269841,1.0975468975468974,17.483116883116885,1.3585858585858586,0.6741702741702742,19.0989898989899,0.2209235209235209,0.19595959595959594,19.515873015873016,20.103751803751805,0.4539147670961347,0.3983245570025844,0.7041276885448446,0.05443955782717223,0.41703001794442424,0.6752486365094643,0.74522891077048,0.4704971051577515,0.5552174137308505,0.7571926331508213,0.6399708427090927,0.3231619413743392,0.9131317448445346,0.5708567854909319,0.23670377241805818,0.16548866682914942,0.5485967168162771,0.47461027988989724
Josh Parisian,Orthodox,No,No,No,Josh Parisian,0.0,0.33095238095238094,0.0,0.0,0.6781746031746033,11.271428571428572,5.8999999999999995,1.7976190476190474,13.854761904761906,4.0285714285714285,1.0857142857142856,18.96904761904762,40.25,26.678571428571427,51.04047619047619,1.0119047619047619,30.623809523809523,7.647619047619048,1.9785714285714284,32.78095238095238,5.935714285714286,1.5333333333333332,0.09523809523809523,0.85,0.18095238095238098,0.0,1.7975,16.0,3.483333333333333,2.0238095238095237,15.042857142857143,4.857142857142857,1.607142857142857,21.507142857142856,36.77142857142857,44.083333333333336,62.24047619047619,1.5452380952380953,31.12142857142857,3.6261904761904766,2.0238095238095237,28.921428571428574,5.785714285714286,2.0642857142857145,0.6952380952380953,15.121428571428572,0.14285714285714285,0.0,13.878571428571428,0.9285714285714285,0.45714285714285713,15.264285714285714,18.15714285714286,0.3270588235294118,0.36806095475042766,0.7714819427148193,0.16726835138387486,0.4226467170249856,0.6787003610108303,0.7080745341614907,0.47128068618751845,0.5226944068666324,0.4499229583975347,0.4858847831076428,0.03939592908732792,0.5800000000000001,0.4798715732279576,0.16049382716049387,0.221453287197232,0.4151126651126652,0.2917256417122527
Robelis Despaigne,,No,No,No,Robelis Despaigne,1.0,0.0,0.0,0.0,0.0333333333333333,7.0,0.0,0.0,5.0,0.0,2.0,7.0,9.0,7.0,9.0,0.0,9.0,0.0,0.0,7.0,0.0,2.0,0.0,0.0,0.0,0.0,0.0,1.0,1.0,0.0,2.0,0.0,0.0,2.0,5.0,2.0,5.0,0.0,4.0,1.0,0.0,5.0,0.0,0.0,0.0,3.0,0.0,0.0,3.0,0.0,0.0,3.0,3.0,,0.7777777777777778,,,0.7142857142857143,,1.0,0.7777777777777778,0.7777777777777778,,0.75,0.0,,0.6,,,0.6,0.6
Marlon Vera,Switch,No,No,Yes,Marlon Vera,0.24739130434782605,0.11097826086956522,0.18217391304347824,0.01,0.3741721014492754,12.118985507246377,4.203840579710144,4.964202898550725,17.28445652173913,2.0131159420289855,1.9894565217391302,21.287028985507245,43.797717391304346,23.702427536231884,46.69786231884058,0.2781521739130435,31.006521739130438,6.9234057971014495,5.867789855072464,38.38880434782609,2.434963768115942,2.973949275362319,0.0,0.2673188405797101,0.0,0.018695652173913044,0.7055893719806763,20.31514492753623,6.326884057971014,3.5469202898550725,26.958478260869565,1.6592753623188408,1.571195652173913,30.18894927536232,59.976992753623186,34.72565217391305,65.68445652173912,1.119927536231884,47.52963768115942,8.321739130434782,4.125615942028985,55.4356884057971,2.3026811594202896,2.238623188405797,0.8526086956521739,27.214492753623187,1.9948550724637681,0.578695652173913,28.47721014492754,0.6434057971014493,0.667427536231884,29.788043478260867,30.95880434782608,0.39898397811645175,0.39085278926826983,0.6071925729776121,0.018913128044902472,0.45024732641140275,0.8267539617587977,0.6689611481341601,0.48603055714802157,0.5075698620720155,0.7613070203817535,0.5725794279389367,0.23971612678509224,0.9352051077133849,0.5136981421872191,0.27941592976051843,0.29814197390994734,0.4966578367912816,0.4713261856338852
Sean O'Malley,Switch,Yes,No,Yes,Sean O'Malley,0.125,0.1,0.075,0.025,0.05263888888888888,31.758333333333333,9.583333333333334,2.6333333333333333,42.09166666666666,1.0416666666666665,0.8416666666666668,43.975,69.08333333333333,45.05833333333333,70.33333333333334,0.18333333333333332,55.04166666666667,11.333333333333334,2.708333333333333,66.76666666666668,1.3166666666666667,1.0,0.0,0.3,0.0,0.0,0.38458333333333333,9.366666666666665,3.375,5.816666666666666,16.85,1.125,0.5833333333333334,18.55833333333333,48.775,20.325,50.775,0.7416666666666667,35.225,6.666666666666667,6.883333333333333,46.24166666666666,1.7416666666666665,0.7916666666666666,0.4416666666666667,25.85833333333333,3.2916666666666665,1.0666666666666667,29.391666666666662,0.6166666666666667,0.20833333333333334,30.21666666666666,30.45,0.5454545454545455,0.5769871309613929,0.8455882352941176,0.036923076923076927,0.6304293559660508,0.791139240506329,0.8416666666666668,0.6365500603136309,0.6406398104265402,0.5955056179775281,0.7340903714218122,0.49375,0.9564164648910412,0.6356100198233915,0.354066985645933,0.26315789473684204,0.6195113616948573,0.5997045790251108
Abdul-Kareem Al-Selwady,,No,No,No,Abdul-Kareem Al-Selwady,0.0,1.0,0.0,0.0,0.911111111111111,5.0,2.6666666666666665,5.0,11.333333333333334,1.3333333333333333,0.0,12.666666666666666,22.666666666666668,16.666666666666668,28.0,2.3333333333333335,11.333333333333334,3.6666666666666665,7.666666666666667,20.333333333333332,2.3333333333333335,0.0,0.3333333333333333,1.3333333333333333,0.0,0.0,0.4833333333333334,11.0,2.0,0.0,6.0,0.6666666666666666,6.333333333333333,13.0,30.0,19.0,38.333333333333336,1.6666666666666667,24.0,5.0,1.0,21.0,0.6666666666666666,8.333333333333334,0.3333333333333333,13.0,3.0,1.0,15.0,0.0,2.0,17.0,19.333333333333332,0.42857142857142855,0.4411764705882353,0.7272727272727273,0.13043478260869565,0.5573770491803279,0.5714285714285714,,0.5588235294117646,0.5952380952380952,0.20000000000000007,0.5416666666666667,0.6,-0.33333333333333326,0.7142857142857143,0.0,0.2400000000000001,0.5666666666666667,0.5043478260869565
Loik Radzhabov,Orthodox,No,No,No,Loik Radzhabov,0.16666666666666666,1.8333333333333333,0.0,0.0,1.1490740740740741,10.666666666666666,1.8888888888888886,0.1111111111111111,9.222222222222221,0.38888888888888884,3.0555555555555554,12.666666666666666,28.5,18.277777777777775,35.666666666666664,3.3333333333333335,25.055555555555557,3.0,0.4444444444444444,24.111111111111114,0.5555555555555555,3.8333333333333335,0.3333333333333333,0.5,0.27777777777777773,0.16666666666666666,0.6064814814814814,11.555555555555555,3.555555555555556,4.166666666666667,18.11111111111111,0.7222222222222222,0.4444444444444444,19.277777777777775,35.72222222222222,26.055555555555557,43.61111111111111,1.0555555555555556,25.833333333333332,4.611111111111111,5.277777777777778,34.166666666666664,1.111111111111111,0.4444444444444444,0.5555555555555555,14.277777777777779,1.0555555555555556,1.111111111111111,16.055555555555554,0.38888888888888884,0.0,16.444444444444443,17.555555555555557,0.5499999999999999,0.425720620842572,0.6296296296296295,4.125,0.3824884792626727,0.7000000000000001,0.7971014492753622,0.4444444444444444,0.5124610591900312,0.5263157894736843,0.5526881720430108,0.22891566265060226,0.9052631578947369,0.4699186991869918,0.34999999999999987,0.0,0.4603421461897357,0.40254777070063685
Aiemann Zahabi,Orthodox,No,No,No,Aiemann Zahabi,0.1619047619047619,0.06666666666666667,0.0,0.047619047619047616,0.15968253968253965,10.714285714285714,2.6666666666666665,2.6285714285714286,15.076190476190476,0.561904761904762,0.37142857142857144,16.00952380952381,36.63809523809524,16.323809523809523,36.952380952380956,0.38095238095238093,28.65714285714286,4.3428571428571425,3.638095238095238,35.22857142857143,0.8571428571428571,0.5523809523809523,0.06666666666666667,0.2380952380952381,0.0,0.0,0.17809523809523808,8.790476190476191,4.180952380952381,3.7238095238095235,16.01904761904762,0.3904761904761905,0.2857142857142857,16.695238095238096,58.32380952380953,17.533333333333335,59.161904761904765,1.4285714285714286,45.51428571428571,7.885714285714285,4.923809523809524,57.304761904761904,0.7333333333333334,0.2857142857142857,1.1904761904761905,36.72380952380953,3.7047619047619045,1.2,41.285714285714285,0.3428571428571428,0.0,41.628571428571426,41.628571428571426,0.17500000000000002,0.3738783649052841,0.6140350877192983,0.01832460732984293,0.42795350094620166,0.6555555555555557,0.6724137931034484,0.4369638679490512,0.44175257731958756,0.8333333333333333,0.8068633605356769,0.46980676328502413,0.9516441005802708,0.720458700349011,0.4675324675324676,0.0,0.7137491835401698,0.7036381197681906
Javid Basharat,Orthodox,No,No,No,Javid Basharat,0.0,0.4166666666666667,0.0,0.0,0.7111111111111111,16.416666666666668,8.083333333333334,3.0833333333333335,22.916666666666668,2.1666666666666665,2.5,27.583333333333332,54.0,32.25,59.166666666666664,1.0833333333333333,39.333333333333336,10.833333333333334,3.8333333333333335,48.416666666666664,3.0,2.5833333333333335,0.0,0.3333333333333333,0.0,0.0,0.35833333333333334,10.166666666666666,3.0833333333333335,3.3333333333333335,15.833333333333334,0.5833333333333334,0.16666666666666666,16.583333333333332,46.083333333333336,20.666666666666668,50.5,2.25,35.666666666666664,5.5,4.916666666666667,44.833333333333336,1.0,0.25,1.9166666666666667,25.5,2.4166666666666665,1.5833333333333333,29.0,0.4166666666666667,0.08333333333333333,29.5,29.833333333333332,0.38461538461538464,0.4173728813559322,0.7461538461538462,0.10869565217391304,0.4733218588640276,0.7222222222222222,0.9677419354838709,0.5108024691358024,0.5450704225352113,0.8518518518518519,0.7149532710280374,0.43939393939393934,0.9322033898305084,0.6468401486988848,0.41666666666666663,0.33333333333333337,0.6401446654611211,0.5907590759075907
Alex Perez,Orthodox,No,No,Yes,Alex Perez,0.09999999999999999,0.75,0.18333333333333335,0.0,1.775925925925926,8.727777777777778,1.55,3.9,8.805555555555555,1.5444444444444443,3.827777777777778,14.177777777777777,30.150000000000002,27.633333333333336,46.65,1.5777777777777777,22.527777777777775,2.4166666666666665,5.205555555555556,23.194444444444443,2.3944444444444444,4.561111111111111,0.0,0.29444444444444445,0.06666666666666667,0.0,0.4458333333333333,7.816666666666666,2.1333333333333333,0.9111111111111111,8.049999999999999,0.5166666666666667,2.2944444444444443,10.861111111111112,30.055555555555554,17.32777777777778,37.23888888888889,1.8444444444444443,25.777777777777782,2.6777777777777776,1.5999999999999999,26.48888888888889,0.6944444444444445,2.8722222222222222,1.55,17.961111111111112,0.5444444444444444,0.6888888888888888,18.438888888888886,0.17777777777777778,0.5777777777777777,19.194444444444443,19.91111111111111,0.47535211267605637,0.3874229346485821,0.6413793103448276,0.144076840981857,0.3796407185628743,0.6450116009280742,0.8392204628501828,0.4702413856642712,0.5923544122901037,0.8403614457831325,0.6967672413793105,0.20331950207468874,0.8159722222222222,0.6960989932885906,0.256,0.20116054158607355,0.6386321626617375,0.5346859615097717
Muhammad Mokaev,,No,No,No,Muhammad Mokaev,0.06666666666666667,1.9666666666666668,0.31666666666666665,0.0,2.6838888888888888,4.133333333333334,2.1666666666666665,0.9,4.75,0.2833333333333333,2.1666666666666665,7.2,14.733333333333334,21.55,30.8,4.733333333333333,10.566666666666666,2.9,1.2666666666666666,11.6,0.3666666666666667,2.766666666666667,0.0,0.15,0.2333333333333333,0.16666666666666666,0.6491666666666667,3.3000000000000003,1.05,1.0833333333333333,3.1166666666666667,0.8166666666666668,1.5,5.433333333333334,14.533333333333333,16.7,27.516666666666666,0.15,10.700000000000001,1.4333333333333333,2.4,11.983333333333334,0.9,1.6500000000000001,0.0,7.3999999999999995,0.3833333333333333,1.3166666666666667,8.866666666666667,0.08333333333333333,0.15,9.1,10.816666666666668,0.4154929577464789,0.39116719242902215,0.7471264367816092,1.5526315789473686,0.40948275862068967,0.7727272727272726,0.7831325301204818,0.48868778280542985,0.6996753246753247,0.0,0.691588785046729,0.2674418604651163,0.9375,0.7399165507649513,0.09259259259259256,0.09090909090909094,0.6261467889908257,0.3930950938824954
Christian Leroy Duncan,,No,No,No,Christian Leroy Duncan,0.1111111111111111,0.1111111111111111,0.0,0.0,1.0203703703703704,13.333333333333334,2.6666666666666665,7.666666666666667,17.444444444444446,3.1111111111111107,3.111111111111111,23.666666666666668,39.666666666666664,31.11111111111111,48.666666666666664,0.7777777777777778,26.333333333333332,4.333333333333333,9.0,32.22222222222222,3.5555555555555554,3.888888888888889,0.0,0.3333333333333333,0.0,0.0,0.9962962962962963,8.111111111111112,2.6666666666666665,6.4444444444444455,15.222222222222221,1.5555555555555554,0.4444444444444444,17.22222222222222,34.333333333333336,24.11111111111111,42.111111111111114,0.4444444444444444,22.444444444444443,4.111111111111111,7.777777777777778,31.0,2.777777777777778,0.5555555555555555,0.1111111111111111,14.333333333333334,1.4444444444444444,1.3333333333333333,15.777777777777777,1.222222222222222,0.1111111111111111,17.11111111111111,18.0,0.14285714285714285,0.5063291139240507,0.6153846153846154,0.012345679012345678,0.5413793103448277,0.8749999999999999,0.8,0.596638655462185,0.6392694063926941,0.25,0.6386138613861385,0.3513513513513513,0.9571428571428572,0.5089605734767025,0.44000000000000017,0.19999999999999996,0.4983818770226538,0.4274406332453826
Claudio Ribeiro,,No,No,No,Claudio Ribeiro,0.125,0.125,0.0,0.0,0.5874999999999999,7.375,1.375,2.75,7.5,0.75,3.25,11.5,22.375,18.5,30.5,0.25,17.375,1.75,3.25,16.625,1.125,4.625,0.25,0.25,0.0,0.0,0.9916666666666667,9.5,3.0,3.875,10.25,3.25,2.875,16.375,23.25,19.875,27.125,0.75,15.625,3.5,4.125,16.0,3.75,3.5,0.5,6.125,0.5,0.25,5.75,0.5,0.625,6.875,7.25,0.5,0.4244604316546763,0.7857142857142857,0.038461538461538464,0.45112781954887216,0.6666666666666666,0.7027027027027027,0.5139664804469274,0.6065573770491803,0.6666666666666667,0.392,0.1428571428571429,0.9393939393939394,0.359375,0.1333333333333333,0.1785714285714286,0.29569892473118276,0.26728110599078336
Eryk Anders,Southpaw,No,No,No,Eryk Anders,0.09577677224736048,0.7302413273001508,0.016666666666666666,0.016666666666666666,1.3517094017094018,8.623529411764705,3.788914027149321,0.7826546003016592,8.128205128205128,3.2367269984917044,1.8301659125188536,13.195098039215685,29.27337858220211,18.117269984917044,35.19570135746606,2.502337858220211,23.721191553544493,4.567119155354449,0.9850678733031675,22.184012066365007,4.453242835595777,2.6361236802413273,0.08506787330316742,0.11440422322775264,0.03529411764705882,0.03205128205128205,0.21285696329813977,8.019079939668174,5.829336349924585,3.1288084464555053,13.010859728506787,3.498039215686275,0.46832579185520357,16.977224736048264,34.31146304675717,19.053242835595775,36.72239819004525,0.5928355957767723,23.40022624434389,7.35211161387632,3.559125188536953,29.270437405731524,4.112141779788838,0.9288838612368024,0.4784313725490196,15.381146304675715,1.5227752639517345,0.43031674208144793,16.259577677224733,0.614102564102564,0.46055806938159877,17.3342383107089,17.669155354449472,0.29182363400741385,0.3635369408952035,0.829607001321004,0.7413106721788393,0.3663992385096546,0.7268247248094835,0.6942640537834358,0.4507541895843262,0.5147580325480239,0.8070220073781962,0.657307589425274,0.20712080337268834,0.9678560834004323,0.5554948650695908,0.14933885964751392,0.4958187870422993,0.5052025408268679,0.48115472369229006
Jamie Pickett,Orthodox,No,No,No,Jamie Pickett,0.037037037037037035,0.37407407407407406,0.0,0.0,0.5398148148148149,7.059259259259259,4.133333333333333,1.137037037037037,9.677777777777777,2.651851851851852,0.0,12.329629629629629,27.98888888888889,14.207407407407407,30.203703703703706,0.9407407407407407,20.914814814814815,5.696296296296296,1.3777777777777775,24.237037037037037,3.6592592592592594,0.0925925925925926,0.2148148148148148,0.4851851851851852,0.25925925925925924,0.06666666666666667,1.8564814814814816,11.103703703703703,5.766666666666666,1.288888888888889,10.925925925925926,5.866666666666667,1.3666666666666665,18.159259259259258,34.98518518518518,28.137037037037036,47.74814814814815,1.9333333333333336,25.98888888888889,7.4296296296296305,1.5666666666666667,25.46666666666667,6.811111111111111,2.7074074074074073,1.448148148148148,14.885185185185186,1.662962962962963,0.27777777777777773,14.54074074074074,0.9444444444444445,1.3407407407407408,16.825925925925926,19.61111111111111,0.39763779527559057,0.33752434921197094,0.7256176853055916,0.27150537634408606,0.3992970660146699,0.7246963562753036,0.0,0.44051872436151907,0.4703862660944206,0.7490421455938697,0.5727518882713412,0.22382851445663032,0.6903073286052009,0.5709714950552647,0.13866231647634575,0.49521203830369365,0.48094431505399104,0.4107198262488365
Jairzinho Rozenstruik,Orthodox,No,No,No,Jairzinho Rozenstruik,0.2282051282051282,0.0,0.0,0.015384615384615385,0.01893162393162392,10.538461538461538,2.551282051282051,3.7564102564102564,14.512820512820515,1.576923076923077,0.7564102564102564,16.846153846153847,34.416666666666664,19.682051282051283,37.46666666666666,0.06666666666666667,26.687179487179485,3.146153846153846,4.583333333333334,31.174358974358974,2.273076923076923,0.9692307692307693,0.015384615384615385,0.34102564102564104,0.015384615384615385,0.0,1.0457264957264958,5.975641025641026,2.244871794871795,4.15,10.86025641025641,0.614102564102564,0.8961538461538462,12.37051282051282,23.785897435897436,18.656410256410258,30.70897435897436,1.9435897435897438,15.429487179487179,2.980769230769231,5.375641025641025,22.035897435897436,0.7115384615384615,1.0384615384615385,1.6025641025641026,9.453846153846154,0.735897435897436,1.2256410256410257,11.175641025641026,0.09743589743589744,0.1423076923076923,11.415384615384616,12.052564102564101,0.0,0.39488854727132977,0.8109209453952729,0.0,0.4655370949169272,0.6937394247038918,0.7804232804232804,0.48947662506984546,0.5253216534355325,0.8245382585751979,0.6127129206481097,0.2468817204301076,0.9365609348914858,0.5071561554572959,0.13693693693693698,0.13703703703703707,0.4799223845200238,0.3924769339957416
Shamil Gaziev,,No,No,No,Shamil Gaziev,0.0,0.125,0.0,0.0,0.9416666666666667,7.25,2.375,0.125,7.375,1.125,1.25,9.75,24.625,11.875,27.75,1.125,20.875,3.625,0.125,20.375,2.125,2.125,0.0,0.0,0.0,0.0,0.045833333333333316,18.125,6.625,4.0,27.875,0.875,0.0,28.75,47.25,31.5,50.5,0.5,34.75,8.25,4.25,45.625,1.625,0.0,0.5,16.625,1.625,0.25,17.75,0.75,0.0,18.5,19.0,0.1111111111111111,0.3473053892215569,0.6551724137931034,1.0,0.3619631901840491,0.5294117647058824,0.5882352941176471,0.39593908629441626,0.42792792792792794,1.0,0.4784172661870504,0.19696969696969702,1.0,0.3890410958904109,0.46153846153846156,,0.3915343915343915,0.37623762376237624
AJ Cunningham,,No,No,No,AJ Cunningham,0.0,0.0,0.0,0.0,0.4333333333333333,15.0,10.0,11.0,34.0,2.0,0.0,36.0,75.0,36.0,77.0,0.0,49.0,14.0,12.0,72.0,3.0,0.0,1.0,2.0,0.0,0.0,0.45,38.0,21.0,1.0,54.0,2.0,4.0,60.0,91.0,63.0,95.0,3.0,66.0,23.0,2.0,84.0,2.0,5.0,1.0,28.0,2.0,1.0,30.0,0.0,1.0,31.0,32.0,,0.30612244897959184,0.7142857142857143,0.0,0.4722222222222222,0.6666666666666666,,0.48,0.4675324675324675,0.33333333333333337,0.4242424242424242,0.08695652173913049,0.0,0.3571428571428571,0.0,0.19999999999999996,0.34065934065934067,0.33684210526315794
Ludovit Klein,Southpaw,No,No,No,Ludovit Klein,0.13888888888888887,0.5555555555555555,0.0,0.0,1.3944444444444446,10.513888888888888,5.527777777777778,2.0555555555555554,14.333333333333334,2.2777777777777777,1.486111111111111,18.09722222222222,32.72222222222222,24.027777777777775,39.5,1.2083333333333333,23.180555555555554,7.236111111111111,2.3055555555555554,27.73611111111111,2.9583333333333335,2.0277777777777777,0.0,0.1111111111111111,0.16666666666666666,0.0,0.5076388888888889,8.736111111111112,5.708333333333333,3.1944444444444446,12.763888888888891,4.472222222222222,0.40277777777777773,17.63888888888889,37.5,28.0,49.986111111111114,0.6527777777777778,25.597222222222218,8.180555555555555,3.722222222222222,31.097222222222225,5.805555555555556,0.5972222222222222,0.5416666666666666,16.86111111111111,2.472222222222222,0.5277777777777778,18.333333333333332,1.3333333333333333,0.19444444444444442,19.86111111111111,21.986111111111114,0.4597701149425287,0.4535650089874176,0.763915547024952,0.24096385542168672,0.5167751627441162,0.7699530516431924,0.732876712328767,0.5530560271646859,0.6082981715893108,0.8297872340425532,0.6587086272381985,0.3022071307300509,0.9701492537313433,0.5895489057615007,0.22966507177033502,0.32558139534883723,0.5296296296296297,0.43984440122256185
Matt Schnell,Orthodox,No,No,No,Matt Schnell,0.025641025641025644,0.12454212454212454,0.2591575091575092,0.025641025641025644,0.14175824175824175,13.273809523809524,2.608974358974359,2.8434065934065935,16.017399267399266,1.6684981684981686,1.0402930402930404,18.726190476190478,47.67490842490843,26.19139194139194,55.702380952380956,0.3901098901098901,39.88186813186813,4.173076923076923,3.61996336996337,43.75274725274725,2.533882783882784,1.388278388278388,0.21978021978021978,0.34249084249084244,0.05128205128205129,0.07326007326007326,0.5336538461538461,13.441391941391942,2.54029304029304,3.4615384615384617,14.971611721611723,1.8195970695970696,2.652014652014652,19.443223443223445,46.59432234432234,24.407509157509157,51.75091575091576,0.6053113553113553,38.54578754578754,3.5787545787545785,4.46978021978022,41.28388278388278,2.431318681318681,2.879120879120879,0.26282051282051283,25.104395604395602,1.0384615384615385,1.0082417582417582,26.312271062271066,0.6117216117216117,0.2271062271062271,27.1510989010989,27.343406593406595,0.3192488262910798,0.3328281784574407,0.6251920122887864,0.03440424993675689,0.3660889949349073,0.6584748825442717,0.7493403693931401,0.3927892280209754,0.47020237723379416,0.4341906202723147,0.6512876556115176,0.2901740020470829,0.9233763573038312,0.6373497182911139,0.25160075329566844,0.07888040712468192,0.5827126039189481,0.5283656568516422
Steve Erceg,,No,No,No,Steve Erceg,0.1111111111111111,0.6666666666666666,0.2222222222222222,0.1111111111111111,1.1712962962962963,11.277777777777777,6.666666666666667,2.2222222222222223,14.333333333333334,5.166666666666667,0.6666666666666666,20.166666666666668,40.72222222222222,24.777777777777775,46.388888888888886,1.8888888888888886,29.444444444444443,8.722222222222223,2.555555555555556,34.27777777777778,5.666666666666667,0.7777777777777777,0.0,0.27777777777777773,0.0,0.0,0.4092592592592592,9.055555555555555,3.3333333333333335,3.277777777777778,11.777777777777777,3.555555555555556,0.3333333333333333,15.666666666666666,34.22222222222222,21.166666666666668,40.22222222222222,1.2777777777777777,25.388888888888886,5.277777777777778,3.555555555555556,29.166666666666668,4.5,0.5555555555555556,1.0,16.333333333333332,1.9444444444444446,0.27777777777777773,17.38888888888889,0.9444444444444443,0.2222222222222222,18.555555555555557,19.055555555555554,0.35294117647058826,0.3830188679245283,0.7643312101910827,0.26086956521739124,0.4181523500810373,0.9117647058823529,0.8571428571428572,0.49522510231923605,0.5341317365269461,0.782608695652174,0.6433260393873085,0.36842105263157887,0.921875,0.5961904761904762,0.20987654320987648,0.4,0.5422077922077921,0.473756906077348
Bekzat Almakhan,,No,No,No,Bekzat Almakhan,0.3333333333333333,0.0,0.0,0.0,0.18888888888888888,0.3333333333333333,0.6666666666666666,0.0,1.0,0.0,0.0,1.0,5.333333333333333,1.6666666666666667,8.333333333333334,0.0,4.333333333333333,1.0,0.0,5.333333333333333,0.0,0.0,0.0,1.6666666666666667,0.0,0.0,3.8111111111111113,21.333333333333332,0.0,1.3333333333333333,2.3333333333333335,0.0,20.333333333333332,22.666666666666668,32.666666666666664,48.333333333333336,65.66666666666667,1.6666666666666667,31.333333333333332,0.0,1.3333333333333333,4.333333333333333,0.0,28.333333333333332,0.0,10.0,0.0,0.0,2.0,0.0,8.0,10.0,17.333333333333332,,0.07692307692307693,0.6666666666666666,,0.1875,,,0.1875,0.19999999999999998,0.0,0.3191489361702128,,-0.2500000000000002,0.46153846153846145,,0.2823529411764706,0.30612244897959173,0.2639593908629442
Umar Nurmagomedov,Orthodox,No,No,No,Umar Nurmagomedov,0.06666666666666667,1.4444444444444446,0.17777777777777778,0.0,2.8855555555555554,18.61111111111111,3.077777777777778,2.033333333333333,8.033333333333333,0.9555555555555556,14.733333333333334,23.722222222222225,33.800000000000004,39.22222222222222,52.72222222222222,2.411111111111111,27.07777777777778,4.322222222222222,2.4,13.822222222222223,0.9555555555555556,19.022222222222222,0.06666666666666667,0.0,0.0,0.0,0.07185185185185185,0.8111111111111112,0.8777777777777778,0.4222222222222222,1.9111111111111112,0.19999999999999998,0.0,2.111111111111111,9.511111111111111,7.2555555555555555,15.822222222222223,0.06666666666666667,7.388888888888889,1.5666666666666667,0.5555555555555555,9.177777777777777,0.3333333333333333,0.0,0.06666666666666667,6.577777777777778,0.6888888888888888,0.13333333333333333,7.266666666666667,0.13333333333333333,0.0,7.3999999999999995,8.566666666666666,0.599078341013825,0.6873204759950758,0.712082262210797,0.601851851851852,0.5811897106109324,1.0,0.7745327102803738,0.7018408941485864,0.743940990516333,1.0,0.8902255639097745,0.43971631205673756,1.0,0.7917675544794188,0.4,,0.7780373831775701,0.541432584269663
Benardo Sopaj,,No,No,No,Benardo Sopaj,0.0,1.0,0.0,0.0,1.488888888888889,14.0,0.3333333333333333,0.6666666666666666,7.0,0.0,8.0,15.0,28.666666666666668,30.666666666666668,48.666666666666664,1.3333333333333333,27.0,1.0,0.6666666666666666,18.333333333333332,0.6666666666666666,9.666666666666666,0.3333333333333333,0.6666666666666666,0.0,0.0,0.5333333333333333,13.0,3.6666666666666665,5.666666666666667,16.333333333333332,1.0,5.0,22.333333333333332,48.0,29.333333333333332,56.666666666666664,1.3333333333333333,30.333333333333332,6.666666666666667,11.0,37.333333333333336,4.333333333333333,6.333333333333333,0.6666666666666666,17.333333333333332,3.0,5.333333333333333,21.0,3.3333333333333335,1.3333333333333333,25.666666666666668,27.333333333333332,0.75,0.5185185185185185,0.3333333333333333,1.5,0.38181818181818183,0.0,0.8275862068965518,0.5232558139534883,0.6301369863013699,0.5,0.5714285714285714,0.45000000000000007,0.9393939393939394,0.5625,0.7692307692307692,0.21052631578947367,0.5347222222222223,0.48235294117647054
Vinicius Oliveira,,No,No,No,Vinicius Oliveira,0.3333333333333333,0.6666666666666666,0.0,0.0,0.5333333333333333,13.0,3.6666666666666665,5.666666666666667,16.333333333333332,1.0,5.0,22.333333333333332,48.0,29.333333333333332,56.666666666666664,1.3333333333333333,30.333333333333332,6.666666666666667,11.0,37.333333333333336,4.333333333333333,6.333333333333333,0.0,1.0,0.0,0.0,1.488888888888889,14.0,0.3333333333333333,0.6666666666666666,7.0,0.0,8.0,15.0,28.666666666666668,30.666666666666668,48.666666666666664,1.3333333333333333,27.0,1.0,0.6666666666666666,18.333333333333332,0.6666666666666666,9.666666666666666,0.3333333333333333,13.0,0.6666666666666666,0.0,11.333333333333334,0.6666666666666666,1.6666666666666667,13.666666666666666,18.0,0.5,0.4285714285714286,0.5499999999999999,0.0606060606060606,0.43749999999999994,0.23076923076923078,0.7894736842105263,0.46527777777777773,0.5176470588235295,0.25,0.4814814814814815,0.6666666666666667,-0.5,0.6181818181818182,1.0,0.17241379310344818,0.4767441860465117,0.36986301369863006
Tyson Pedro,Orthodox,No,No,No,Tyson Pedro,0.15151515151515152,0.12121212121212122,0.12121212121212122,0.0,0.4130050505050505,4.765151515151516,3.5833333333333335,2.8333333333333335,8.712121212121213,1.840909090909091,0.6287878787878788,11.181818181818182,18.984848484848484,13.840909090909092,21.901515151515152,0.5530303030303031,10.75,4.742424242424242,3.492424242424242,15.946969696969697,2.3181818181818183,0.7196969696969697,0.11363636363636365,0.7348484848484849,0.030303030303030304,0.0,1.4954545454545454,8.128787878787879,1.9621212121212122,1.575757575757576,6.227272727272727,1.5378787878787878,3.901515151515152,11.666666666666666,25.77272727272727,17.818181818181817,32.68939393939394,1.2045454545454544,21.4469696969697,2.3106060606060606,2.015151515151515,17.9469696969697,2.1666666666666665,5.659090909090909,0.4696969696969697,13.318181818181818,0.34848484848484845,0.43939393939393945,11.719696969696969,0.6287878787878788,1.7575757575757576,14.106060606060607,14.87121212121212,0.2191780821917808,0.4432699083861875,0.7555910543130991,0.03470715835140998,0.5463182897862233,0.7941176470588235,0.8736842105263157,0.5889864325618516,0.6319612590799032,0.3899371069182389,0.620981985164253,0.15081967213114755,0.6353383458646616,0.6530181511186155,0.2902097902097902,0.31057563587684067,0.5473251028806584,0.4549246813441483
Vitor Petrino,,No,No,No,Vitor Petrino,0.08333333333333333,1.4444444444444446,0.3055555555555555,0.38888888888888884,2.102777777777778,7.333333333333333,2.194444444444444,1.111111111111111,7.611111111111111,0.25,2.777777777777778,10.638888888888888,23.777777777777775,16.166666666666668,29.86111111111111,2.0555555555555554,19.5,3.0,1.2777777777777777,19.527777777777775,0.5833333333333334,3.6666666666666665,0.0,0.47222222222222215,0.0,0.1111111111111111,0.4828703703703702,5.027777777777778,3.472222222222222,3.1666666666666665,9.25,1.7777777777777777,0.638888888888889,11.666666666666666,20.583333333333332,23.194444444444443,32.94444444444444,1.638888888888889,12.555555555555557,4.583333333333333,3.4444444444444446,18.083333333333332,1.861111111111111,0.638888888888889,1.1666666666666667,7.527777777777779,1.111111111111111,0.27777777777777773,8.833333333333334,0.08333333333333333,0.0,8.916666666666666,9.75,0.7027027027027029,0.37606837606837606,0.7314814814814814,1.1304347826086958,0.38975817923186346,0.42857142857142855,0.7575757575757577,0.44742990654205606,0.5413953488372093,0.7118644067796611,0.5995575221238938,0.24242424242424243,0.8629032258064516,0.48847926267281105,0.04477611940298509,0.0,0.4331983805668016,0.29595278246205736
Brandon Moreno,Orthodox,Yes,Yes,Yes,Brandon Moreno,0.05645604395604396,0.5447802197802198,0.10755494505494505,0.11005494505494506,0.9233209706959707,14.478763736263735,3.475576923076923,1.9191208791208791,17.296895604395605,1.2173626373626374,1.3592032967032968,19.873461538461537,44.11826923076923,24.699313186813185,49.308873626373625,1.0508516483516483,37.01032967032967,4.804505494505494,2.303434065934066,39.869478021978026,2.0987912087912086,2.15,0.09755494505494507,0.49192307692307696,0.039285714285714285,0.04038461538461539,0.5855828754578754,13.87967032967033,3.679395604395604,2.3473626373626373,17.84401098901099,0.7797802197802197,1.2826373626373626,19.90642857142857,50.02686813186814,24.637225274725274,55.80634615384615,1.2278021978021978,41.80634615384615,4.888296703296703,3.3322252747252747,47.00755494505495,1.3450549450549452,1.674258241758242,0.7358791208791209,27.926675824175824,1.208901098901099,0.9848626373626373,29.163543956043952,0.5652747252747252,0.3916208791208792,30.120439560439557,31.16912087912088,0.5184178191419833,0.3912087210579761,0.723399510532696,0.23650784185103468,0.43383802503912144,0.5800303680820986,0.6321875798619985,0.45045877558137,0.5009101074578668,0.599346639219547,0.6680008753074582,0.2473051805725719,0.8523740034462005,0.6204012097657905,0.4202614379084968,0.23390709351361116,0.6020852530892742,0.5585228746779852
Brandon Royval,Southpaw,No,No,Yes,Brandon Royval,0.06666666666666667,0.14444444444444443,0.2777777777777778,0.26666666666666666,0.35500000000000004,19.22222222222222,4.144444444444444,1.2666666666666666,21.977777777777778,0.711111111111111,1.9444444444444442,24.633333333333333,67.25555555555556,39.55555555555556,84.78888888888889,0.2777777777777778,59.677777777777784,5.555555555555555,2.022222222222222,62.44444444444444,1.011111111111111,3.8,0.04444444444444444,1.222222222222222,0.2111111111111111,0.02222222222222222,1.8714814814814815,8.988888888888889,4.188888888888888,4.388888888888888,15.455555555555554,0.8444444444444444,1.2666666666666668,17.56666666666667,32.87777777777778,22.255555555555553,38.28888888888889,2.0333333333333337,21.944444444444446,6.1,4.833333333333333,29.022222222222222,1.8666666666666665,1.988888888888889,0.8111111111111111,12.955555555555554,1.911111111111111,0.4444444444444445,13.566666666666666,1.0222222222222221,0.7222222222222222,15.311111111111112,16.033333333333335,0.5199999999999999,0.3221001675665611,0.7459999999999999,0.07142857142857142,0.3519572953736655,0.7032967032967032,0.5116959064327485,0.36626466215099945,0.4665181496527323,0.3989071038251367,0.590379746835443,0.31329690346083794,0.7471264367816093,0.46745788667687604,0.5476190476190476,0.3631284916201116,0.46569787090233183,0.41874637260592007
Claudio Puelles,Southpaw,No,No,No,Claudio Puelles,0.0,0.9535714285714286,0.3666666666666667,0.0,2.01484126984127,4.210714285714285,2.308333333333333,0.4369047619047619,3.548809523809524,0.4261904761904762,2.980952380952381,6.9559523809523816,13.898809523809524,16.26904761904762,24.915476190476188,2.5607142857142855,9.99047619047619,3.2928571428571427,0.6154761904761905,9.04642857142857,0.7952380952380952,4.057142857142857,0.1619047619047619,0.19166666666666665,0.11428571428571428,0.21666666666666667,0.8084920634920634,6.772619047619048,3.479761904761905,2.005952380952381,7.436904761904763,1.055952380952381,3.7654761904761904,12.258333333333333,22.277380952380952,28.066666666666666,41.38809523809524,0.44761904761904764,15.264285714285714,4.595238095238095,2.4178571428571427,15.798809523809524,1.5273809523809525,4.951190476190476,0.25595238095238093,8.491666666666667,1.1154761904761905,0.41190476190476194,8.361904761904762,0.4714285714285715,1.1857142857142857,10.019047619047619,13.321428571428571,0.37238493723849375,0.42147283126787416,0.7010122921185827,1.5493230174081238,0.3922884590077642,0.5359281437125749,0.7347417840375587,0.5004710920770878,0.6529695637631995,0.571808510638298,0.5563094681017002,0.2427461139896372,0.9207287050713934,0.5292743576218822,0.308651597817615,0.23948064438566963,0.4497408218885267,0.32186619110625325
Fares Ziam,Orthodox,No,No,No,Fares Ziam,0.0,0.2619047619047619,0.05555555555555555,0.2698412698412698,0.8753968253968254,7.936507936507937,2.6825396825396823,2.484126984126984,9.214285714285714,1.5714285714285714,2.3174603174603177,13.103174603174603,26.90476190476191,22.857142857142858,37.84920634920635,1.0952380952380953,21.166666666666668,3.0476190476190474,2.6904761904761902,21.087301587301585,2.1587301587301586,3.6587301587301586,0.0,0.9126984126984127,0.047619047619047616,0.0,1.8511904761904763,3.206349206349206,2.8968253968253967,2.2777777777777777,6.158730158730158,1.0793650793650793,1.1428571428571428,8.380952380952381,24.11904761904762,15.555555555555557,33.23809523809524,2.8174603174603177,16.84920634920635,4.428571428571428,2.8412698412698414,20.444444444444443,1.8650793650793653,1.8095238095238095,1.9047619047619049,13.642857142857144,1.5317460317460319,0.5634920634920634,14.285714285714286,0.7857142857142857,0.6666666666666666,15.738095238095239,17.682539682539684,0.23913043478260868,0.3749531308586427,0.8802083333333334,0.09734513274336284,0.4369589762890478,0.7279411764705883,0.6334056399132322,0.48702064896755154,0.603900188718809,0.676056338028169,0.8097032501177579,0.3458781362007167,0.6787709497206704,0.6987577639751552,0.421276595744681,0.368421052631579,0.6525172754195459,0.5319961795606495
Cristian Quinonez,,No,No,No,Cristian Quinonez,0.0,0.2222222222222222,0.0,0.0,0.3611111111111111,8.333333333333334,0.7777777777777777,3.2222222222222228,11.111111111111112,0.7777777777777778,0.4444444444444444,12.333333333333334,31.333333333333332,14.111111111111109,33.666666666666664,1.0,26.222222222222225,1.888888888888889,3.2222222222222228,29.11111111111111,1.6666666666666667,0.5555555555555556,0.1111111111111111,0.5555555555555555,0.7777777777777777,0.0,0.34814814814814815,9.222222222222221,1.888888888888889,3.6666666666666665,12.777777777777779,1.1111111111111112,0.888888888888889,14.777777777777779,28.222222222222225,17.222222222222225,31.11111111111111,3.0,21.444444444444443,2.6666666666666665,4.111111111111112,26.0,1.222222222222222,1.0,2.444444444444444,12.222222222222221,0.7777777777777778,0.4444444444444444,13.222222222222221,0.1111111111111111,0.1111111111111111,13.444444444444445,13.888888888888888,0.2222222222222222,0.3177966101694915,0.41176470588235287,0.0689655172413793,0.3816793893129771,0.4666666666666667,0.7999999999999999,0.39361702127659576,0.4191419141914191,0.8148148148148149,0.5699481865284974,0.2916666666666665,0.8648648648648649,0.5085470085470085,0.09090909090909083,0.11111111111111105,0.47637795275590555,0.4464285714285713
Raoni Barcelos,Orthodox,No,No,No,Raoni Barcelos,0.17500000000000002,0.587121212121212,0.18333333333333335,0.0,0.987979797979798,18.288636363636364,3.303030303030303,3.4840909090909093,18.93106060606061,1.58030303030303,4.5643939393939394,25.075757575757574,48.196969696969695,30.53030303030303,54.56363636363636,1.7386363636363635,39.96515151515152,4.321212121212121,3.91060606060606,40.34848484848485,1.9431818181818183,5.90530303030303,0.06060606060606061,0.1272727272727273,0.0,0.030303030303030304,0.29176767676767673,13.88030303030303,4.917424242424242,3.9204545454545454,20.721969696969698,1.3446969696969697,0.6515151515151515,22.71818181818182,58.540151515151514,27.787878787878785,64.27499999999999,0.9219696969696969,46.63333333333333,7.266666666666667,4.640151515151516,55.247727272727275,2.375,0.9174242424242424,0.7946969696969696,32.7530303030303,2.349242424242424,0.7196969696969697,34.525757575757574,1.0303030303030303,0.26590909090909093,35.821969696969695,36.48712121212122,0.33769063180827885,0.4576145884672252,0.7643758765778401,0.15013560635412632,0.4691888847164852,0.8132553606237815,0.7729313662604234,0.5202766425652311,0.5595357103187827,0.8619556285949055,0.702352329586068,0.3232902418682235,0.9725714285714285,0.6249262961591728,0.43381180223285487,0.2898431048720066,0.6119213696892835,0.5676720530862888
Daniel Zellhuber,Switch,No,No,No,Daniel Zellhuber,0.08333333333333333,0.0,0.08333333333333333,0.0,0.18148148148148147,17.416666666666668,5.75,2.777777777777778,23.11111111111111,1.0,1.8333333333333333,25.944444444444443,69.8611111111111,26.472222222222225,71.3888888888889,0.1111111111111111,56.36111111111111,10.555555555555555,2.9444444444444446,64.52777777777777,1.0833333333333333,4.25,0.0,0.08333333333333333,0.0,0.0,0.11111111111111112,8.972222222222221,4.444444444444444,9.25,22.13888888888889,0.5277777777777778,0.0,22.666666666666668,53.94444444444445,22.833333333333332,54.27777777777778,1.638888888888889,34.05555555555555,8.583333333333334,11.305555555555555,53.166666666666664,0.611111111111111,0.16666666666666666,1.5555555555555556,25.083333333333332,4.138888888888889,2.055555555555556,31.027777777777782,0.08333333333333333,0.16666666666666666,31.277777777777782,31.444444444444446,0.0,0.3090192212912765,0.5447368421052632,0.0,0.3581575548859234,0.9230769230769231,0.4313725490196078,0.37137176938369787,0.37081712062256805,0.9491525423728814,0.7365415986949428,0.4822006472491911,0.9926289926289926,0.583594566353187,0.13636363636363624,1.0,0.5798146240988672,0.579324462640737
Francisco Prado,,No,No,No,Francisco Prado,0.1111111111111111,0.0,0.16666666666666666,0.16666666666666666,0.16481481481481483,10.5,4.888888888888888,6.5,19.333333333333332,0.3333333333333333,2.2222222222222223,21.88888888888889,55.111111111111114,22.88888888888889,56.333333333333336,0.6666666666666666,37.333333333333336,9.666666666666666,8.11111111111111,51.888888888888886,0.3333333333333333,2.888888888888889,0.0,0.38888888888888884,0.0,0.0,0.6037037037037037,18.5,6.5,4.055555555555555,27.111111111111114,0.7222222222222222,1.222222222222222,29.055555555555557,61.888888888888886,31.5,64.83333333333333,0.5555555555555555,48.77777777777777,8.611111111111112,4.5,59.22222222222222,1.1666666666666667,1.5,0.16666666666666666,30.277777777777782,2.111111111111111,0.4444444444444444,32.11111111111111,0.4444444444444444,0.27777777777777773,32.833333333333336,33.333333333333336,0.0,0.28125,0.5057471264367815,0.0,0.37259100642398285,1.0,0.7692307692307693,0.3971774193548387,0.4063116370808678,0.29999999999999993,0.6207289293849658,0.24516129032258072,0.9135802469135803,0.5422138836772983,0.38095238095238104,0.18518518518518523,0.5305206463195691,0.5141388174807198
Daniel Lacerda,Switch,No,No,No,Daniel Lacerda,0.3333333333333333,0.5,0.6666666666666666,0.0,0.4444444444444445,6.5,3.0,1.1666666666666667,9.166666666666668,0.6666666666666666,0.8333333333333334,10.666666666666666,29.333333333333332,12.666666666666666,31.666666666666668,1.1666666666666665,21.833333333333332,5.833333333333334,1.6666666666666667,26.333333333333332,1.1666666666666667,1.8333333333333333,0.0,0.0,0.8333333333333333,0.0,1.4722222222222223,26.333333333333332,7.333333333333333,4.666666666666666,13.666666666666668,0.0,24.666666666666668,38.333333333333336,65.16666666666667,44.5,73.83333333333333,0.0,46.666666666666664,13.0,5.5,26.166666666666664,0.3333333333333333,38.666666666666664,0.0,20.333333333333332,5.666666666666667,0.8333333333333333,12.5,0.3333333333333333,14.0,26.833333333333332,29.333333333333332,0.4285714285714286,0.29770992366412213,0.5142857142857142,0.3,0.3481012658227849,0.5714285714285714,0.4545454545454546,0.36363636363636365,0.39999999999999997,,0.4357142857142857,0.4358974358974359,1.0,0.47770700636942665,1.0,0.3620689655172413,0.4117647058823529,0.3972911963882618
Edgar Chairez,,No,No,No,Edgar Chairez,0.1111111111111111,0.0,0.6666666666666666,0.3333333333333333,0.12407407407407406,4.888888888888889,1.888888888888889,2.555555555555556,9.222222222222221,0.0,0.1111111111111111,9.333333333333334,14.333333333333334,9.666666666666666,14.666666666666666,0.0,8.0,2.5555555555555554,3.7777777777777772,14.222222222222221,0.0,0.1111111111111111,0.0,0.8888888888888888,0.3333333333333333,0.1111111111111111,2.912962962962963,9.666666666666666,1.0,4.555555555555555,6.777777777777778,0.0,8.444444444444445,15.222222222222221,22.777777777777775,34.0,45.11111111111111,1.3333333333333333,15.888888888888888,2.0,4.888888888888889,11.555555555555555,0.0,11.222222222222223,0.4444444444444444,6.222222222222222,1.0,0.3333333333333333,4.777777777777778,0.0,2.7777777777777772,7.5555555555555545,11.111111111111112,,0.6111111111111112,0.7391304347826089,0.0,0.6484375,,1.0,0.6511627906976745,0.6590909090909091,0.33333333333333337,0.39160839160839156,0.5,0.8181818181818182,0.41346153846153844,,0.24752475247524752,0.3317073170731707,0.24630541871921174
Erik Silva,,No,No,No,Erik Silva,0.0,0.6666666666666666,0.0,0.16666666666666666,0.6333333333333334,3.1666666666666665,1.5,0.8333333333333334,3.8333333333333335,1.3333333333333333,0.3333333333333333,5.5,8.0,8.333333333333334,11.333333333333334,1.0,5.166666666666667,1.8333333333333333,1.0,6.0,1.3333333333333333,0.6666666666666666,0.0,0.6666666666666666,0.3333333333333333,0.5,2.766666666666667,5.5,1.0,0.0,3.6666666666666665,1.1666666666666667,1.6666666666666667,6.5,10.666666666666666,24.333333333333332,32.166666666666664,1.5,9.5,1.1666666666666667,0.0,7.333333333333333,1.3333333333333333,2.0,0.8333333333333334,4.0,0.16666666666666666,0.0,3.6666666666666665,0.16666666666666666,0.3333333333333333,4.166666666666667,7.833333333333333,0.6666666666666666,0.6129032258064515,0.8181818181818182,0.6666666666666666,0.638888888888889,1.0,0.5,0.6875,0.7352941176470589,0.5555555555555556,0.42105263157894735,0.1428571428571429,-inf,0.5,0.12499999999999989,0.16666666666666663,0.390625,0.24352331606217614
Muhammad Naimov,Orthodox,No,No,No,Muhammad Naimov,0.5,0.25,0.0,0.0,0.05416666666666663,7.0,1.5,1.75,7.0,0.75,2.5,10.25,26.75,11.25,27.75,0.5,22.5,2.5,1.75,22.75,1.5,2.5,0.0,1.0,0.0,0.0,0.8666666666666666,6.25,4.25,3.25,9.75,4.0,0.0,13.75,24.5,14.0,25.25,2.5,15.5,5.5,3.5,19.75,4.5,0.25,1.5,9.25,1.25,0.25,10.0,0.5,0.25,10.75,11.25,0.5,0.3111111111111111,0.6,0.14285714285714285,0.3076923076923077,0.5,1.0,0.38317757009345793,0.40540540540540543,0.6,0.5967741935483871,0.2272727272727273,0.7142857142857143,0.5063291139240507,0.11111111111111116,1.0,0.4387755102040817,0.4455445544554455
Jesus Aguilar,,No,No,No,Jesus Aguilar,0.1111111111111111,0.3333333333333333,0.4444444444444444,0.1111111111111111,1.025925925925926,3.0,1.0,1.2222222222222223,3.6666666666666665,0.6666666666666666,0.8888888888888888,5.222222222222222,10.11111111111111,10.0,16.333333333333332,1.1111111111111112,7.0,1.0,2.111111111111111,6.888888888888888,0.7777777777777777,2.444444444444444,0.0,1.0,0.5555555555555555,0.0,2.935185185185185,5.222222222222222,0.8888888888888888,0.0,2.3333333333333335,0.6666666666666666,3.1111111111111107,6.111111111111112,12.888888888888891,13.555555555555557,28.222222222222218,1.6666666666666667,11.333333333333334,1.222222222222222,0.3333333333333333,6.4444444444444455,0.6666666666666666,5.777777777777779,0.6666666666666666,6.111111111111112,0.3333333333333333,0.3333333333333333,4.111111111111111,0.0,2.6666666666666665,6.777777777777779,14.666666666666666,0.3,0.42857142857142855,1.0,0.15789473684210525,0.532258064516129,0.8571428571428572,0.36363636363636365,0.5164835164835165,0.6122448979591837,0.4,0.5392156862745099,0.2727272727272727,-2.0,0.6379310344827587,0.0,0.4615384615384617,0.5258620689655173,0.5196850393700786
Mateus Mendonca,,No,No,No,Mateus Mendonca,0.0,0.8333333333333334,0.16666666666666666,0.0,1.8148148148148149,5.5555555555555545,1.111111111111111,0.7777777777777777,4.777777777777778,0.8333333333333334,1.8333333333333333,7.444444444444444,19.5,18.666666666666668,35.77777777777778,2.944444444444444,16.055555555555554,1.8333333333333333,1.6111111111111114,15.333333333333334,0.8333333333333334,3.3333333333333335,0.0,0.611111111111111,0.16666666666666666,0.1111111111111111,1.6851851851851851,13.777777777777779,4.444444444444444,1.8333333333333333,10.333333333333334,2.222222222222222,7.5,20.055555555555557,28.111111111111114,35.888888888888886,46.111111111111114,1.3333333333333333,20.666666666666668,5.0,2.4444444444444446,16.166666666666668,2.944444444444444,9.0,0.7222222222222222,6.888888888888888,0.5555555555555555,0.611111111111111,5.833333333333333,0.7222222222222223,1.5,8.055555555555555,10.222222222222221,0.28301886792452835,0.3460207612456747,0.606060606060606,0.5172413793103448,0.3115942028985507,1.0,0.5499999999999999,0.3817663817663817,0.5217391304347826,0.5416666666666667,0.33333333333333337,0.11111111111111127,0.75,0.3608247422680413,0.24528301886792458,0.16666666666666663,0.2865612648221344,0.22168674698795188
Chris Duncan,Orthodox,No,No,No,Chris Duncan,0.0,1.222222222222222,0.0,0.0,1.2768518518518517,10.166666666666666,6.222222222222221,4.333333333333333,18.72222222222222,0.8333333333333334,1.1666666666666667,20.72222222222222,42.833333333333336,22.555555555555554,44.833333333333336,3.1666666666666665,27.944444444444443,7.777777777777778,7.111111111111112,40.333333333333336,1.3333333333333333,1.1666666666666667,0.0,0.2222222222222222,0.1111111111111111,0.16666666666666666,0.08333333333333331,6.833333333333333,2.055555555555556,3.1666666666666665,10.833333333333334,1.0,0.2222222222222222,12.055555555555555,26.333333333333332,13.388888888888888,27.833333333333332,0.3333333333333333,19.444444444444443,3.0555555555555554,3.8333333333333335,24.833333333333332,1.277777777777778,0.2222222222222222,0.1111111111111111,12.611111111111112,1.0,0.6666666666666666,14.0,0.27777777777777773,0.0,14.277777777777779,14.444444444444445,0.38596491228070173,0.36381709741550694,0.7999999999999999,0.17187499999999997,0.46418732782369143,0.6250000000000001,1.0,0.48378728923476,0.5030978934324658,0.33333333333333337,0.6485714285714286,0.32727272727272716,0.9420289855072463,0.5637583892617449,0.21739130434782616,0.0,0.5421940928270041,0.5189620758483033
Manuel Torres,,No,No,No,Manuel Torres,0.6666666666666666,0.6666666666666666,0.3333333333333333,0.0,0.3277777777777777,10.666666666666666,4.333333333333333,1.6666666666666667,14.0,2.0,0.6666666666666666,16.666666666666668,28.666666666666668,17.333333333333332,29.333333333333332,1.0,22.333333333333332,4.666666666666667,1.6666666666666667,26.0,2.0,0.6666666666666666,0.0,0.3333333333333333,0.0,0.0,0.3,4.666666666666667,1.0,2.3333333333333335,7.333333333333333,0.6666666666666666,0.0,8.0,15.666666666666666,10.666666666666666,18.666666666666668,2.6666666666666665,12.0,1.0,2.6666666666666665,15.0,0.6666666666666666,0.0,2.3333333333333335,7.333333333333333,0.0,0.3333333333333333,7.666666666666667,0.0,0.0,7.666666666666667,8.0,0.6666666666666666,0.47761194029850745,0.9285714285714285,0.39999999999999997,0.5384615384615384,1.0,1.0,0.5813953488372093,0.5909090909090909,0.875,0.6111111111111112,0.0,0.875,0.5111111111111111,0.0,,0.4893617021276595,0.4285714285714286
Denys Bondar,Orthodox,No,No,No,Denys Bondar,0.0,1.1666666666666667,0.0,0.16666666666666666,0.5416666666666666,10.555555555555555,6.111111111111111,3.8333333333333335,18.38888888888889,1.277777777777778,0.8333333333333334,20.5,44.333333333333336,23.11111111111111,48.27777777777778,2.0,32.166666666666664,8.166666666666666,4.0,41.05555555555556,2.222222222222222,1.0555555555555556,0.0,0.7777777777777778,0.27777777777777773,0.5555555555555555,0.6638888888888889,22.166666666666668,2.8333333333333335,1.4444444444444444,17.88888888888889,4.055555555555555,4.5,26.444444444444443,58.833333333333336,30.88888888888889,64.11111111111111,1.6666666666666667,53.44444444444445,3.944444444444444,1.4444444444444444,49.05555555555555,4.277777777777778,5.5,0.8888888888888888,31.277777777777775,1.111111111111111,0.0,31.166666666666668,0.2222222222222222,1.0,32.38888888888889,33.22222222222222,0.5833333333333334,0.3281519861830743,0.7482993197278912,0.2916666666666667,0.4479025710419486,0.5750000000000002,0.7894736842105263,0.462406015037594,0.47871116225546606,0.5333333333333333,0.5852390852390852,0.2816901408450704,0.46153846153846156,0.6353340883352208,0.051948051948051965,0.18181818181818177,0.550519357884797,0.5181975736568458
Ronaldo Rodriguez,,No,No,No,Ronaldo Rodriguez,0.0,0.0,0.5,1.5,1.4666666666666666,9.5,3.5,2.5,6.5,2.5,6.5,15.5,34.5,25.0,46.5,0.0,27.5,4.5,2.5,21.5,3.5,9.5,0.0,2.0,0.0,0.5,1.4333333333333331,11.0,4.0,5.5,16.0,1.5,3.0,20.5,31.5,23.0,38.5,3.0,19.5,6.5,5.5,25.5,2.0,4.0,1.0,8.5,2.5,0.0,9.5,0.5,1.0,11.0,15.5,,0.34545454545454546,0.7777777777777778,0.0,0.3023255813953488,0.7142857142857143,0.6842105263157895,0.4492753623188406,0.5376344086021505,0.33333333333333337,0.4358974358974359,0.3846153846153846,0.6363636363636364,0.37254901960784315,0.25,0.25,0.3492063492063492,0.4025974025974026
Felipe dos Santos,,No,No,No,Felipe dos Santos,0.0,0.0,0.16666666666666666,0.0,0.1638888888888889,12.833333333333334,6.0,3.8333333333333335,20.833333333333332,1.5,0.3333333333333333,22.666666666666668,65.16666666666667,27.166666666666668,71.66666666666667,0.8333333333333334,46.833333333333336,12.666666666666666,5.666666666666667,60.833333333333336,3.1666666666666665,1.1666666666666667,0.16666666666666666,1.6666666666666667,0.0,0.0,0.9638888888888889,14.0,7.833333333333333,3.5,20.166666666666668,2.6666666666666665,2.5,25.333333333333332,42.666666666666664,28.0,47.166666666666664,2.0,28.333333333333332,10.166666666666666,4.166666666666667,35.166666666666664,3.1666666666666665,4.333333333333333,0.3333333333333333,14.333333333333334,2.3333333333333335,0.6666666666666666,15.0,0.5,1.8333333333333333,17.333333333333332,19.166666666666668,0.0,0.27402135231316727,0.4736842105263158,0.0,0.3424657534246575,0.4736842105263158,0.2857142857142857,0.34782608695652173,0.37906976744186044,0.16666666666666663,0.5058823529411764,0.2295081967213115,0.6000000000000001,0.42654028436018954,0.1578947368421053,0.423076923076923,0.40625,0.40636042402826855
Victor Altamirano,Switch,No,No,No,Victor Altamirano,0.06666666666666667,1.05,0.0,0.0,1.1008333333333333,9.383333333333333,7.3999999999999995,2.983333333333333,14.283333333333333,2.35,3.1333333333333333,19.766666666666666,34.699999999999996,33.78333333333333,51.75,2.9333333333333336,21.900000000000002,9.6,3.1999999999999997,27.483333333333334,2.966666666666667,4.25,0.06666666666666667,0.7000000000000001,0.08333333333333333,0.0,1.0583333333333333,11.133333333333333,3.733333333333333,2.0833333333333335,11.933333333333332,2.8666666666666667,2.15,16.95,38.199999999999996,32.233333333333334,58.48333333333333,1.7333333333333334,30.099999999999998,5.7,2.4,29.7,4.966666666666667,3.533333333333333,1.0333333333333334,18.966666666666665,1.9666666666666668,0.31666666666666665,17.766666666666666,2.1,1.3833333333333335,21.25,26.25,0.3579545454545454,0.42846270928462704,0.7708333333333333,0.32812500000000006,0.5197089144936324,0.7921348314606742,0.7372549019607844,0.569644572526417,0.652818035426731,0.5961538461538461,0.6301218161683277,0.3450292397660819,0.7083333333333333,0.5982042648709316,0.4228187919463088,0.3915094339622641,0.556282722513089,0.4488458250213735
Brian Ortega,Switch,No,No,Yes,Brian Ortega,0.10555555555555556,0.3416666666666667,0.3055555555555555,0.041666666666666664,0.4068981481481481,14.13888888888889,3.775,2.444444444444444,18.252777777777776,1.3611111111111112,0.7444444444444445,20.35833333333333,48.90555555555555,22.038888888888888,51.044444444444444,1.7277777777777779,41.00555555555555,4.9,3.0,45.75555555555555,2.0083333333333337,1.1416666666666668,0.03333333333333333,0.2638888888888889,0.0,0.09166666666666666,0.4500925925925926,25.866666666666667,5.1722222222222225,3.3111111111111113,30.319444444444446,1.152777777777778,2.8777777777777778,34.35,64.29444444444445,38.40833333333334,69.45833333333333,0.575,53.66388888888889,6.713888888888889,3.9166666666666665,58.03055555555555,1.5416666666666667,4.722222222222222,0.3111111111111111,27.797222222222224,1.5416666666666665,0.6055555555555555,27.71111111111111,0.3888888888888889,1.8444444444444443,29.944444444444446,31.05,0.1977491961414791,0.3448042270695028,0.770408163265306,0.11388888888888889,0.3989193783389995,0.6777316735822959,0.6520681265206811,0.41627854140633874,0.4317588158467566,0.5410628019323671,0.5179874734717118,0.22962350020686795,0.9326241134751773,0.47752620745775687,0.25225225225225223,0.3905882352941177,0.46573922059967165,0.4470305938812237
Yair Rodriguez,Orthodox,No,Yes,Yes,Yair Rodriguez,0.11076923076923077,0.19042735042735043,0.13709401709401708,0.10427350427350426,0.2681994301994302,13.10974358974359,3.9264957264957268,5.907350427350427,19.783247863247862,1.1384615384615384,2.0218803418803417,22.943589743589744,52.75555555555555,28.737435897435898,59.4,0.664957264957265,40.07282051282051,5.967521367521367,6.7152136752136755,47.667692307692306,1.6817094017094019,3.4061538461538463,0.0,0.5541880341880342,0.08888888888888888,0.0,1.1774017094017093,16.252307692307692,3.8235897435897437,2.103247863247863,16.334017094017092,2.1234188034188035,3.721709401709402,22.179145299145297,47.46564102564103,28.519658119658118,55.55418803418803,1.1415384615384614,39.44888888888889,4.978119658119658,3.0386324786324783,39.43213675213675,2.7576068376068377,5.275897435897436,0.5873504273504274,23.196581196581196,1.1545299145299146,0.9353846153846153,23.098119658119657,0.6341880341880342,1.554188034188034,25.28649572649573,27.034529914529912,0.2863753213367609,0.3271480125924599,0.6579776568318535,0.0283576010589553,0.4150242419026307,0.6769668631835738,0.5935963063334336,0.43490376514807855,0.4837952171285505,0.514525306978137,0.5880160848615108,0.23192088455463222,0.8176192619261926,0.5857689073080224,0.2299776841061244,0.2945826853291861,0.5327326289101608,0.4866335171327294
Sam Hughes,Orthodox,No,No,No,Sam Hughes,0.0,0.3273809523809524,0.0,0.041666666666666664,1.4398809523809524,13.976190476190476,3.0773809523809526,3.095238095238095,14.583333333333334,2.4464285714285716,3.119047619047619,20.148809523809522,43.81547619047618,34.398809523809526,59.595238095238095,1.0416666666666667,34.25,5.0059523809523805,4.559523809523809,36.291666666666664,3.130952380952381,4.392857142857143,0.047619047619047616,0.613095238095238,0.16666666666666666,0.0,0.41091269841269834,11.226190476190476,8.119047619047619,2.869047619047619,16.886904761904763,4.5773809523809526,0.75,22.21428571428571,51.32142857142858,28.238095238095237,58.61309523809524,1.5,36.029761904761905,11.416666666666666,3.875,45.18452380952382,5.160714285714286,0.9761904761904762,0.8869047619047619,24.803571428571427,3.2976190476190474,1.005952380952381,28.297619047619047,0.5833333333333334,0.2261904761904762,29.107142857142858,30.375,0.3142857142857143,0.408063955509211,0.6147443519619501,0.07180156657963446,0.4018369690011481,0.7813688212927757,0.7100271002710027,0.4598559978263823,0.5772073511785857,0.5912698412698414,0.6884189658020816,0.28884254431699685,0.8417818740399385,0.6262679488868397,0.113033448673587,0.23170731707317072,0.5671537926235213,0.518228902203717
Yazmin Jauregui,,No,No,No,Yazmin Jauregui,0.2222222222222222,0.0,0.0,0.0,0.3351851851851852,18.222222222222225,4.444444444444444,5.666666666666667,23.666666666666668,2.222222222222222,2.444444444444444,28.333333333333332,73.33333333333333,32.80555555555555,78.91666666666667,0.25,56.02777777777778,9.277777777777779,8.027777777777777,66.08333333333333,3.5833333333333335,3.6666666666666665,0.16666666666666666,0.0,0.0,0.0,0.1282407407407407,13.0,4.861111111111111,4.777777777777778,20.222222222222225,1.3333333333333333,1.0833333333333333,22.63888888888889,53.861111111111114,23.777777777777775,55.416666666666664,0.861111111111111,41.111111111111114,6.916666666666667,5.833333333333333,50.638888888888886,1.8333333333333333,1.388888888888889,0.861111111111111,28.11111111111111,2.055555555555556,1.0555555555555556,30.416666666666668,0.5,0.3055555555555555,31.222222222222225,31.63888888888889,0.0,0.3252354982647497,0.47904191616766456,0.0,0.3581336696090795,0.6201550387596898,0.6666666666666666,0.38636363636363635,0.4156986976416754,1.0,0.6837837837837838,0.29718875502008035,1.0,0.6006582556226001,0.2727272727272727,0.2200000000000002,0.5796802475502837,0.5709273182957394
Alexander Volkanovski,Orthodox,Yes,No,Yes,Alexander Volkanovski,0.11151515151515153,0.49757575757575756,0.04,0.06484848484848485,0.950191919191919,19.986666666666668,3.152121212121212,7.788484848484847,23.92,2.6836363636363636,4.323636363636363,30.927272727272726,54.5678787878788,37.265454545454546,62.17393939393939,1.476969696969697,40.089696969696966,4.6878787878787875,9.790303030303031,44.347272727272724,3.7127272727272724,6.507878787878788,0.026666666666666665,0.21454545454545454,0.0696969696969697,0.03151515151515152,0.28447474747474744,10.367878787878787,4.495151515151515,2.3806060606060604,15.264242424242425,1.792727272727273,0.18666666666666668,17.243636363636362,41.5630303030303,20.417575757575758,44.981818181818184,0.8181818181818181,31.81878787878788,6.2672727272727276,3.4769696969696975,39.11636363636363,2.2466666666666666,0.2,0.6036363636363636,21.45090909090909,1.772121212121212,1.0963636363636364,23.85212121212121,0.4539393939393939,0.013333333333333332,24.31939393939394,24.564242424242426,0.3368896183832581,0.4985487089556752,0.6723981900452488,0.050823325492138166,0.5393792792423435,0.7228207639569051,0.6643695287763084,0.5667669957906193,0.5993741897121467,0.7377777777777778,0.6741585874554771,0.2827579537762306,0.9382952762767998,0.6097734808341855,0.20205017534394376,0.06666666666666665,0.5851208095772759,0.5460926973861493
Ilia Topuria,Orthodox,Yes,No,Yes,Ilia Topuria,0.3485714285714286,0.9971428571428571,0.2657142857142857,0.0,1.3685714285714285,18.785714285714285,2.242857142857143,2.48,15.294285714285715,0.8028571428571428,7.411428571428571,23.50857142857143,49.05428571428571,28.78571428571429,55.46,1.2685714285714285,41.97714285714286,4.111428571428571,2.9657142857142857,37.16571428571429,1.0,10.888571428571428,0.02857142857142857,0.02857142857142857,0.1,0.24,0.19285714285714284,7.514285714285714,4.14,2.5685714285714285,13.714285714285714,0.3942857142857143,0.11428571428571428,14.222857142857142,43.88857142857143,17.902857142857144,48.768571428571434,0.4685714285714285,33.07714285714286,7.965714285714286,2.8457142857142856,43.12571428571429,0.49142857142857144,0.27142857142857146,0.44000000000000006,25.562857142857144,3.825714285714286,0.27714285714285714,29.41142857142857,0.09714285714285714,0.15714285714285714,29.665714285714284,30.865714285714283,0.7860360360360361,0.44752246120337597,0.5455177206393329,0.33622350674373797,0.4115159901599016,0.8028571428571428,0.6806612437680399,0.4792358320228319,0.5190355983720571,0.9390243902439024,0.7728254297313639,0.48027259684361556,0.9899598393574297,0.6819928448390089,0.19767441860465118,0.5789473684210527,0.6759325564741879,0.6329017517136329
Amanda Lemos,Southpaw,No,No,Yes,Amanda Lemos,0.11948051948051948,0.18025974025974026,0.2935064935064935,0.01818181818181818,0.481047619047619,7.936623376623376,2.503896103896104,1.2914285714285714,8.89922077922078,1.56,1.2727272727272727,11.731948051948052,23.98961038961039,13.742857142857144,26.122597402597403,0.2851948051948052,19.24207792207792,3.3407792207792206,1.4067532467532469,19.99688311688312,2.1563636363636363,1.8363636363636364,0.2,0.5916883116883117,0.01818181818181818,0.08675324675324676,1.857878787878788,15.672727272727272,6.384935064935066,4.197402597402598,12.105974025974026,3.9381818181818184,10.210909090909091,26.255064935064933,40.46857142857143,45.246233766233765,60.48155844155845,0.9709090909090909,26.875844155844156,8.02025974025974,5.572467532467533,22.731948051948052,4.6903896103896106,13.046233766233765,0.37922077922077924,11.203116883116882,1.6353246753246755,1.375064935064935,10.625974025974026,0.7522077922077923,2.8353246753246752,14.213506493506491,15.235324675324676,0.6320582877959926,0.4124618665802759,0.7494946353599752,0.12813884785819793,0.445030394347171,0.7234401349072513,0.693069306930693,0.48904287570376787,0.5260907608479497,0.39058319957196364,0.41684706973867325,0.2038992162704838,0.8938193343898574,0.4674466966795402,0.16037213423413443,0.21732897985187538,0.35122333187851407,0.2519003323971245
Mackenzie Dern,Orthodox,No,No,No,Mackenzie Dern,0.03076923076923077,0.37243589743589745,0.2814102564102564,0.12243589743589745,1.675790598290598,12.381196581196582,2.176923076923077,1.319017094017094,10.872435897435897,1.7446581196581197,3.2600427350427355,15.877136752136753,38.94059829059829,32.76239316239317,57.51260683760684,1.754700854700855,34.603205128205126,2.9346153846153844,1.402777777777778,32.827991452991455,2.260470085470085,3.852136752136752,0.1264957264957265,0.10705128205128205,0.02222222222222222,0.0,0.6934472934472935,10.588888888888889,5.841452991452991,4.693803418803419,17.38397435897436,2.8923076923076922,0.8478632478632478,21.1241452991453,40.825213675213675,25.21153846153846,45.631623931623935,0.15705128205128205,28.262820512820515,7.5777777777777775,4.984615384615385,36.1215811965812,3.5096153846153846,1.194017094017094,0.05,17.673931623931622,1.7363247863247864,0.2908119658119658,18.737606837606837,0.6173076923076923,0.34615384615384615,19.701068376068378,20.42008547008547,0.2122503653190453,0.3578049066646907,0.741808650065531,0.26549885757806546,0.3311940638526377,0.771812080536913,0.8462946527623697,0.4077270881575049,0.5696558539747882,0.31836734693877555,0.6253421032736071,0.2291337694563501,0.9785236625514403,0.5187371708794491,0.17589041095890412,0.2899069434502506,0.48257110257403346,0.44749854839011793
Andrea Lee,Orthodox,No,No,No,Andrea Lee,0.027777777777777776,0.6111111111111112,0.20555555555555557,0.061111111111111116,0.8118518518518519,10.555555555555555,7.3999999999999995,5.177777777777778,18.822222222222223,2.488888888888889,1.8222222222222222,23.133333333333336,49.63333333333333,29.527777777777775,56.77777777777778,1.0555555555555556,32.422222222222224,10.916666666666666,6.294444444444444,44.05555555555555,3.116666666666667,2.461111111111111,0.0,0.7333333333333334,0.11666666666666665,0.061111111111111116,1.0374999999999999,11.061111111111112,3.911111111111111,3.6555555555555554,16.76111111111111,1.2944444444444445,0.5722222222222223,18.62777777777778,50.199999999999996,28.400000000000002,62.67222222222222,1.6444444444444446,38.27222222222222,7.716666666666666,4.211111111111111,47.35,1.788888888888889,1.0611111111111111,0.9111111111111111,27.21111111111111,3.805555555555556,0.5555555555555556,30.58888888888889,0.49444444444444446,0.48888888888888893,31.572222222222223,34.27222222222222,0.5789473684210527,0.3255654557916381,0.6778625954198473,0.09708737864077671,0.4272383354350568,0.7985739750445632,0.7404063205417608,0.46608462055070526,0.5200587084148728,0.5540540540540541,0.7109885324430251,0.4931605471562275,0.8258575197889182,0.6460166608001878,0.27639751552795033,0.46073298429319365,0.628928729526339,0.5468486836273379
Miranda Maverick,Southpaw,No,No,No,Miranda Maverick,0.0,0.7843915343915344,0.1369047619047619,0.047619047619047616,1.3294312169312168,10.403439153439153,4.257936507936508,3.3445767195767195,14.130291005291005,1.1607142857142858,2.7149470899470898,18.00595238095238,38.17857142857142,33.63558201058201,56.77380952380952,1.7182539682539681,28.669312169312168,5.7559523809523805,3.753306878306878,33.58531746031746,1.460978835978836,3.1322751322751325,0.0,0.5211640211640212,0.1369047619047619,0.047619047619047616,1.0979607583774251,8.787037037037036,2.6534391534391535,1.0218253968253967,10.014550264550264,1.3247354497354495,1.123015873015873,12.462301587301587,30.854497354497354,18.38558201058201,38.745370370370374,0.9318783068783069,25.871031746031747,3.7718253968253967,1.2116402116402116,27.51719576719577,1.8306878306878307,1.5066137566137565,0.41071428571428575,17.08399470899471,1.1183862433862435,0.1898148148148148,17.502645502645503,0.5059523809523809,0.38359788359788355,18.39219576719577,20.359788359788357,0.45650500384911474,0.36287718003137404,0.7397449155463633,0.2089867841409692,0.4207282251235698,0.7944771389769126,0.8667652027027025,0.4716245712503898,0.5924489177791757,0.4407381121362669,0.6603522765038219,0.2965106084516921,0.5698689956331877,0.6360621064269577,0.27637283236994226,0.2546093064091307,0.5960944868387208,0.5254766741204787
Anthony Hernandez,Orthodox,No,No,No,Anthony Hernandez,0.0,1.7797619047619049,0.7698412698412698,0.047619047619047616,2.14864417989418,13.398809523809524,1.8075396825396826,0.44047619047619047,6.761904761904762,2.0992063492063493,6.785714285714286,15.646825396825397,24.97023809523809,22.547619047619047,33.4781746031746,3.23015873015873,22.46626984126984,1.9801587301587302,0.5238095238095238,14.523809523809524,2.867063492063492,7.579365079365079,0.041666666666666664,0.30357142857142855,0.1369047619047619,0.047619047619047616,0.47242063492063496,7.930555555555556,2.4583333333333335,0.5059523809523809,7.900793650793651,2.4543650793650795,0.5396825396825397,10.89484126984127,19.74404761904762,12.876984126984127,21.968253968253972,0.8154761904761904,16.601190476190478,2.636904761904762,0.5059523809523809,15.886904761904761,3.1031746031746033,0.753968253968254,0.5119047619047619,8.670634920634921,0.17857142857142858,0.0,7.986111111111111,0.6488095238095238,0.21428571428571427,8.84920634920635,9.09126984126984,0.5509828009828011,0.5963967146515942,0.9128256513026052,3.397727272727273,0.46557377049180326,0.7321799307958478,0.8952879581151832,0.6266189908621376,0.6735020446867778,0.6277372262773722,0.5222899486076252,0.0677200902934536,0.4,0.5026851504933183,0.209079283887468,0.28421052631578947,0.4481961611898302,0.4138367052023123
Roman Kopylov,Southpaw,No,No,No,Roman Kopylov,0.25396825396825395,0.15873015873015872,0.0,0.0,0.06243386243386242,12.412698412698413,4.222222222222222,2.857142857142857,18.206349206349206,0.873015873015873,0.41269841269841273,19.49206349206349,36.93650793650794,21.158730158730158,38.93650793650794,0.31746031746031744,29.0,5.031746031746032,2.904761904761905,34.92063492063492,1.2698412698412698,0.746031746031746,0.0,0.30158730158730157,0.25396825396825395,0.0,0.7343915343915345,10.92063492063492,1.9365079365079365,3.5238095238095237,13.793650793650793,1.0634920634920635,1.523809523809524,16.38095238095238,40.92063492063492,20.77777777777778,47.58730158730159,2.365079365079365,32.96825396825397,3.206349206349206,4.746031746031746,37.142857142857146,1.396825396825397,2.380952380952381,2.0634920634920637,22.047619047619047,1.2698412698412698,1.2222222222222223,23.34920634920635,0.3333333333333333,0.8571428571428572,24.53968253968254,26.80952380952381,0.5,0.428024083196497,0.8391167192429022,0.05464480874316939,0.5213636363636364,0.6875,0.5531914893617021,0.527718091963902,0.5434162250305747,0.8724832214765101,0.6687530091478093,0.39603960396039595,0.9364548494983278,0.6286324786324786,0.23863636363636376,0.36,0.5996896819239721,0.5633755837224816
Geoff Neal,Southpaw,No,No,No,Geoff Neal,0.16248196248196248,0.0808080808080808,0.01818181818181818,0.0,0.7255315055315056,20.287445887445887,1.4637806637806638,1.081962481962482,19.594516594516595,2.2897546897546897,0.9489177489177487,22.833189033189036,44.34025974025974,25.61327561327561,47.21154401154401,0.19018759018759018,40.95786435786436,2.2378066378066377,1.1445887445887446,39.73679653679654,3.220779220779221,1.3826839826839827,0.01818181818181818,0.073015873015873,0.02857142857142857,0.01818181818181818,0.17281866281866282,22.113131313131312,7.106782106782106,1.9593073593073593,28.813852813852815,2.23001443001443,0.13535353535353534,31.17922077922078,72.17922077922078,34.513419913419916,75.98037518037518,0.658874458874459,61.285425685425686,8.81096681096681,2.0828282828282827,68.86233766233765,3.0562770562770565,0.2606060606060606,0.5858585858585859,39.172294372294374,1.7041847041847042,0.12352092352092352,40.04848484848485,0.8262626262626263,0.12525252525252525,41.0,41.46695526695527,0.424886191198786,0.49532479794812534,0.6541140056744906,0.07060010085728693,0.49310760560106903,0.710931899641577,0.6862867877269879,0.5149538854067002,0.5425214563415409,0.8891809023215068,0.6391779763979016,0.19341631182443508,0.9649438824996536,0.5815731241198954,0.270349386213409,0.48062015503875977,0.5680305156716687,0.5457587590020967
Ian Machado Garry,,No,No,No,Ian Machado Garry,0.0,0.0,0.0,0.0,0.06666666666666667,13.0,6.0,3.3333333333333335,21.666666666666668,0.6666666666666666,0.0,22.333333333333332,45.0,26.666666666666668,49.333333333333336,0.0,32.0,9.0,4.0,44.333333333333336,0.6666666666666666,0.0,0.0,0.0,0.0,0.0,1.25,8.333333333333334,3.3333333333333335,3.6666666666666665,12.666666666666666,2.6666666666666665,0.0,15.333333333333334,29.666666666666668,19.0,34.0,0.0,21.333333333333332,4.333333333333333,4.0,26.333333333333332,3.3333333333333335,0.0,0.0,13.0,1.0,0.3333333333333333,13.666666666666666,0.6666666666666666,0.0,14.333333333333334,15.0,,0.40625,0.6666666666666666,0.0,0.48872180451127817,1.0,,0.4962962962962963,0.5405405405405406,,0.609375,0.23076923076923073,1.0,0.5189873417721519,0.20000000000000007,,0.4831460674157303,0.4411764705882353
Danny Barlow,,No,No,No,Danny Barlow,0.3333333333333333,0.0,0.0,0.0,0.0722222222222222,25.666666666666668,4.333333333333333,1.6666666666666667,29.333333333333332,0.3333333333333333,2.0,31.666666666666668,61.666666666666664,32.0,62.0,0.0,53.666666666666664,6.0,2.0,58.333333333333336,0.6666666666666666,2.6666666666666665,0.0,0.0,0.0,0.0,0.0,7.333333333333333,4.666666666666667,1.0,13.0,0.0,0.0,13.0,30.0,13.0,30.0,0.3333333333333333,22.666666666666668,6.0,1.3333333333333333,30.0,0.0,0.0,0.3333333333333333,15.333333333333334,1.3333333333333333,0.3333333333333333,17.0,0.0,0.0,17.0,17.0,,0.47826086956521746,0.7222222222222222,0.0,0.5028571428571428,0.5,0.75,0.5135135135135136,0.5161290322580645,1.0,0.6764705882352942,0.2222222222222222,1.0,0.5666666666666667,,,0.5666666666666667,0.5666666666666667
Josh Quinlan,Orthodox,No,No,No,Josh Quinlan,0.1111111111111111,0.1111111111111111,0.0,0.0,0.09999999999999999,7.611111111111111,2.944444444444444,3.3333333333333335,13.444444444444443,0.2222222222222222,0.2222222222222222,13.888888888888888,34.05555555555556,13.888888888888888,34.05555555555556,1.2777777777777777,26.5,3.777777777777778,3.7777777777777772,33.61111111111111,0.2222222222222222,0.2222222222222222,0.16666666666666666,0.27777777777777773,0.0,0.0,0.15370370370370368,25.777777777777782,2.6666666666666665,1.277777777777778,28.333333333333332,0.27777777777777773,1.1111111111111112,29.722222222222225,59.94444444444445,30.277777777777775,60.5,0.5555555555555555,54.611111111111114,3.8888888888888893,1.4444444444444446,58.05555555555555,0.4444444444444444,1.4444444444444444,0.27777777777777773,28.833333333333332,1.222222222222222,0.16666666666666666,29.722222222222225,0.16666666666666666,0.3333333333333333,30.222222222222225,30.222222222222225,0.08695652173913043,0.28721174004192873,0.7794117647058822,0.029411764705882356,0.4,1.0,1.0,0.4078303425774877,0.4078303425774877,0.5,0.5279755849440488,0.3142857142857144,0.8076923076923077,0.5119617224880382,0.3750000000000001,0.23076923076923073,0.5041705282669138,0.4995408631772269
Junior Tafa,,No,No,No,Junior Tafa,0.0,0.0,0.0,0.0,0.0,5.5,1.1666666666666667,0.16666666666666666,4.0,2.6666666666666665,0.16666666666666666,6.833333333333333,17.833333333333332,11.166666666666666,22.666666666666668,0.0,16.0,1.6666666666666667,0.16666666666666666,13.5,4.166666666666667,0.16666666666666666,0.16666666666666666,0.6666666666666666,0.0,0.0,3.3249999999999997,4.5,0.5,2.0,4.166666666666667,0.5,2.3333333333333335,7.0,13.333333333333334,27.833333333333332,41.5,3.0,10.666666666666666,0.5,2.1666666666666665,9.666666666666666,0.5,3.1666666666666665,2.3333333333333335,6.166666666666667,0.0,0.16666666666666666,5.5,0.0,0.8333333333333334,6.333333333333333,13.666666666666666,,0.34375,0.7000000000000001,0.0,0.2962962962962963,0.6399999999999999,1.0,0.38317757009345793,0.4926470588235294,0.7777777777777778,0.578125,0.0,0.6923076923076923,0.5689655172413792,0.0,0.26315789473684204,0.475,0.3293172690763052
Marcos Rogerio de Lima,Orthodox,No,No,No,Marcos Rogerio de Lima,0.15873015873015872,0.5502645502645502,0.07407407407407407,0.018518518518518517,1.8413359788359787,7.0436507936507935,1.9259259259259258,2.6626984126984126,8.453703703703704,1.1283068783068784,2.0502645502645502,11.632275132275133,20.162698412698415,26.23148148148148,37.74074074074074,1.2605820105820105,14.517195767195767,2.621693121693122,3.0238095238095237,15.42063492063492,1.6838624338624342,3.058201058201058,0.018518518518518517,0.1693121693121693,0.15079365079365079,0.0,0.6031084656084656,8.522486772486772,1.5714285714285714,0.8941798941798943,9.297619047619047,0.8650793650793651,0.8253968253968255,10.988095238095239,22.5515873015873,17.71428571428571,30.376984126984127,0.5145502645502645,19.20899470899471,2.3267195767195767,1.0158730158730158,20.15079365079365,1.0701058201058202,1.3306878306878307,0.3452380952380952,10.686507936507937,0.7552910052910052,0.12169312169312169,10.853174603174603,0.20502645502645503,0.5052910052910052,11.563492063492063,12.662698412698413,0.43651626442812175,0.4851936218678815,0.734611503531786,0.18197725284339458,0.5482072396637503,0.6700706991358993,0.6704152249134948,0.5769205536967789,0.6950441609421001,0.6709511568123394,0.5563283294312078,0.3246162592382036,0.8333333333333334,0.5385978731784167,0.1915945611866502,0.37972166998011925,0.5127573464719337,0.41685173089484007
Henry Cejudo,Orthodox,Yes,No,Yes,Henry Cejudo,0.07619047619047618,0.6661904761904761,0.04,0.0,1.088111111111111,8.951428571428572,5.966666666666667,3.1066666666666665,11.806666666666667,4.240952380952381,1.9771428571428573,18.024761904761906,36.36904761904762,26.337142857142858,45.47,2.064285714285714,25.243333333333332,7.62,3.505714285714286,27.916190476190472,5.738571428571428,2.7142857142857144,0.014285714285714285,0.2561904761904762,0.016666666666666666,0.0,0.27475396825396825,8.165714285714285,4.745238095238095,4.618095238095238,14.215238095238096,2.8514285714285714,0.46238095238095245,17.52904761904762,38.02333333333333,25.002380952380953,45.733333333333334,1.0471428571428572,26.03571428571429,6.377142857142857,5.61047619047619,33.74285714285715,3.6676190476190476,0.6128571428571429,0.790952380952381,17.869999999999997,1.631904761904762,0.9923809523809524,19.527619047619048,0.8161904761904761,0.15047619047619049,20.494285714285716,20.73095238095238,0.322722029988466,0.3546056478844014,0.7830271216097988,0.1900298831839174,0.4229325873362446,0.7390258069869721,0.728421052631579,0.495607201309329,0.5792202079864275,0.755343337880855,0.6863648834019205,0.2558990442054958,0.9543371244270922,0.5787186000564494,0.22253960010386908,0.2455322455322454,0.5389923480569574,0.45330070803831735
Merab Dvalishvili,Orthodox,No,No,No,Merab Dvalishvili,0.016666666666666666,2.446969696969697,0.06666666666666667,0.0,1.8361363636363635,18.246969696969696,5.443939393939393,4.24090909090909,21.187878787878788,3.1303030303030304,3.613636363636364,27.93181818181818,61.67575757575757,50.63333333333333,86.82424242424243,7.346969696969697,48.628787878787875,8.246969696969696,4.8,51.69090909090909,4.343939393939394,5.640909090909091,0.016666666666666666,0.08484848484848484,0.01818181818181818,0.03484848484848485,0.34934343434343434,8.622727272727271,3.124242424242424,2.290909090909091,11.756060606060606,1.9545454545454546,0.32727272727272727,14.037878787878787,27.806060606060605,17.05151515151515,31.334848484848486,0.8075757575757576,21.303030303030305,3.960606060606061,2.542424242424242,24.740909090909092,2.6863636363636365,0.3787878787878788,0.7227272727272728,12.680303030303032,0.8363636363636363,0.2515151515151515,12.984848484848484,0.7318181818181818,0.051515151515151514,13.76818181818182,14.283333333333335,0.33305836254897914,0.375229786571117,0.6601139077714495,0.5097853535353535,0.4098956501348341,0.7206138821067318,0.6406124093473007,0.4528816390704073,0.5831704593047605,0.8949343339587242,0.5952347083926033,0.2111706197398624,0.966626936829559,0.5248331189907527,0.27241962774957706,0.136,0.49515039232781166,0.4558290218074561
Oban Elliott,,No,No,No,Oban Elliott,0.0,1.0,0.0,0.0,2.988888888888889,20.0,2.3333333333333335,1.0,11.0,1.0,11.333333333333334,23.333333333333332,37.0,45.333333333333336,62.666666666666664,1.6666666666666667,32.0,3.6666666666666665,1.3333333333333333,21.666666666666668,1.0,14.333333333333334,0.3333333333333333,0.6666666666666666,0.0,0.3333333333333333,0.6444444444444445,6.333333333333333,0.6666666666666666,0.6666666666666666,5.0,1.6666666666666667,1.0,7.666666666666667,20.333333333333332,10.0,23.333333333333332,0.6666666666666666,18.333333333333332,1.3333333333333333,0.6666666666666666,15.333333333333334,3.3333333333333335,1.6666666666666667,0.0,12.0,0.6666666666666666,0.0,10.333333333333334,1.6666666666666667,0.6666666666666666,12.666666666666666,13.333333333333334,0.6,0.625,0.6363636363636365,0.75,0.5076923076923077,1.0,0.7906976744186046,0.6306306306306306,0.723404255319149,0.0,0.6545454545454545,0.5,0.0,0.6739130434782609,0.5,0.4,0.6229508196721312,0.5714285714285714
Val Woodburn,,No,No,No,Val Woodburn,0.16666666666666666,0.6666666666666666,0.0,0.3333333333333333,0.6111111111111112,5.833333333333333,0.6666666666666666,0.6666666666666666,4.833333333333333,1.6666666666666667,0.6666666666666666,7.166666666666667,19.0,9.5,21.833333333333332,0.6666666666666666,17.0,1.3333333333333333,0.6666666666666666,15.333333333333334,2.6666666666666665,1.0,0.16666666666666666,0.8333333333333334,0.0,0.0,2.3027777777777776,17.166666666666668,2.0,0.6666666666666666,11.333333333333334,0.6666666666666666,7.833333333333333,19.833333333333332,32.0,38.0,53.333333333333336,1.5,27.666666666666668,3.3333333333333335,1.0,21.666666666666668,0.6666666666666666,9.666666666666666,0.6666666666666666,10.5,1.3333333333333333,0.3333333333333333,10.333333333333334,0.0,1.8333333333333333,12.166666666666666,15.333333333333334,1.0,0.3431372549019608,0.5,1.0,0.3152173913043478,0.6250000000000001,0.6666666666666666,0.37719298245614036,0.4351145038167939,0.4444444444444444,0.37951807228915657,0.4,0.16666666666666663,0.4769230769230769,0.0,0.18965517241379304,0.38020833333333337,0.2875
Carlos Vera,,No,No,No,Carlos Vera,0.0,0.0,0.0,0.0,0.0,2.3333333333333335,0.3333333333333333,1.3333333333333333,2.0,0.3333333333333333,1.6666666666666667,4.0,8.333333333333334,18.333333333333332,26.333333333333332,0.0,6.333333333333333,0.6666666666666666,1.3333333333333333,5.0,0.6666666666666666,2.6666666666666665,0.0,1.0,0.0,0.0,4.3500000000000005,10.0,2.0,0.6666666666666666,2.3333333333333335,0.3333333333333333,10.0,12.666666666666666,23.333333333333332,24.333333333333332,38.0,1.0,20.333333333333332,2.3333333333333335,0.6666666666666666,3.0,0.3333333333333333,20.0,0.0,10.333333333333334,0.3333333333333333,0.0,0.6666666666666666,0.0,10.0,10.666666666666666,13.666666666666666,,0.368421052631579,0.5,0.0,0.4,0.5,0.6250000000000001,0.48,0.6962025316455696,0.0,0.5081967213114753,0.1428571428571429,-0.5,0.2222222222222222,0.0,0.5,0.4571428571428572,0.35964912280701755
Rinya Nakamura,,No,No,No,Rinya Nakamura,0.3333333333333333,0.8333333333333334,0.0,0.0,3.636111111111111,10.0,1.3333333333333333,0.5,3.5,0.3333333333333333,8.0,11.833333333333334,22.333333333333332,22.166666666666668,35.333333333333336,0.8333333333333334,20.166666666666668,1.6666666666666667,0.5,6.5,0.3333333333333333,15.5,0.0,0.0,0.0,0.0,0.0,2.3333333333333335,0.3333333333333333,1.0,2.1666666666666665,0.3333333333333333,1.1666666666666667,3.6666666666666665,8.666666666666666,16.0,23.833333333333332,0.0,7.0,0.6666666666666666,1.0,6.0,0.6666666666666666,2.0,0.0,4.666666666666667,0.3333333333333333,0.0,3.8333333333333335,0.3333333333333333,0.8333333333333334,5.0,7.833333333333333,1.0,0.4958677685950413,0.7999999999999999,1.6666666666666667,0.5384615384615384,1.0,0.5161290322580645,0.5298507462686568,0.6273584905660378,,0.6666666666666666,0.5,1.0,0.6388888888888888,0.5,0.41666666666666663,0.5769230769230769,0.32867132867132864
Paulo Costa,Orthodox,No,No,Yes,Paulo Costa,0.09444444444444444,0.09722222222222222,0.0,0.0,0.3000925925925926,16.702777777777776,11.247222222222224,2.291666666666667,27.38611111111111,1.4694444444444446,1.386111111111111,30.241666666666664,49.78055555555555,32.761111111111106,52.34444444444445,0.11944444444444444,34.62777777777778,12.616666666666667,2.536111111111111,46.19166666666667,1.7416666666666665,1.847222222222222,0.04722222222222222,0.11944444444444444,0.0,0.05,0.45703703703703696,24.51666666666667,4.780555555555556,2.9972222222222222,28.46666666666666,3.5277777777777777,0.3,32.294444444444444,60.30555555555556,34.61666666666666,62.87777777777778,1.3666666666666667,51.4,5.719444444444444,3.186111111111111,55.19166666666668,4.763888888888888,0.35,1.2472222222222222,26.883333333333333,0.9388888888888889,0.18888888888888888,26.725,1.2361111111111112,0.05,28.01111111111111,28.26111111111111,0.8139534883720931,0.4823519974330177,0.8914575077058565,0.03833515881708653,0.5928799085934211,0.8437001594896333,0.7503759398496241,0.6074995814965682,0.6258756102738271,0.9126016260162602,0.5230220492866406,0.16415735794074782,0.962510897994769,0.48422165181941734,0.2594752186588921,0.1428571428571428,0.46448641179180106,0.449461035518643
Robert Whittaker,Orthodox,No,Yes,Yes,Robert Whittaker,0.11111111111111112,0.3526984126984127,0.0,0.0,0.4798730158730159,14.294920634920635,2.727301587301587,4.2,18.575873015873018,1.4276190476190476,1.2187301587301587,21.22222222222222,49.12888888888889,24.18857142857143,52.30412698412698,1.0330158730158732,39.78952380952381,4.389206349206349,4.950158730158731,44.815238095238094,2.300634920634921,2.013015873015873,0.1146031746031746,0.2215873015873016,0.009523809523809523,0.019047619047619046,0.34044973544973545,9.233650793650792,2.9215873015873015,3.384126984126984,12.998095238095237,1.4726984126984126,1.0685714285714285,15.539365079365078,38.50539682539683,19.994285714285713,43.53492063492063,1.105079365079365,29.64920634920635,4.676507936507936,4.17968253968254,35.08603174603174,2.166031746031746,1.2533333333333334,0.8834920634920633,20.415555555555557,1.754920634920635,0.7955555555555556,22.087936507936508,0.6933333333333334,0.18476190476190477,22.966031746031746,23.540634920634922,0.34142593730792864,0.35926342580403237,0.6213655431795169,0.07124991983582375,0.4144990366088633,0.6205326341934593,0.6054250118277873,0.43197032748326397,0.4624600929848627,0.7994829072105717,0.6885700519299749,0.37526305070938837,0.9469846574510101,0.6295364681825173,0.32009380038106405,0.14741641337386024,0.5964366982158757,0.540729937652678
Brendson Ribeiro,,No,No,No,Brendson Ribeiro,0.0,0.0,0.0,0.0,0.0,14.0,0.0,0.0,14.0,0.0,0.0,14.0,31.0,14.0,31.0,0.0,31.0,0.0,0.0,31.0,0.0,0.0,1.0,0.0,0.0,0.0,0.0333333333333333,13.0,2.0,2.0,14.0,0.0,3.0,17.0,28.0,17.0,28.0,0.0,19.0,5.0,4.0,25.0,0.0,3.0,0.0,6.0,3.0,2.0,11.0,0.0,0.0,11.0,11.0,,0.45161290322580644,,,0.45161290322580644,,,0.45161290322580644,0.45161290322580644,,0.3157894736842105,0.6,1.0,0.43999999999999995,,0.0,0.3928571428571429,0.3928571428571429
Zhang Mingyang,,No,No,No,Zhang Mingyang,1.0,0.0,0.0,0.0,0.0333333333333333,13.0,2.0,2.0,14.0,0.0,3.0,17.0,28.0,17.0,28.0,0.0,19.0,5.0,4.0,25.0,0.0,3.0,0.0,0.0,0.0,0.0,0.0,14.0,0.0,0.0,14.0,0.0,0.0,14.0,31.0,14.0,31.0,0.0,31.0,0.0,0.0,31.0,0.0,0.0,0.0,17.0,0.0,0.0,17.0,0.0,0.0,17.0,17.0,,0.6842105263157895,0.4,0.0,0.56,,1.0,0.6071428571428571,0.6071428571428571,,0.5483870967741935,,,0.5483870967741935,,,0.5483870967741935,0.5483870967741935
Bolaji Oki,,No,No,No,Bolaji Oki,0.0,0.3333333333333333,0.0,0.0,0.6055555555555555,17.0,1.6666666666666667,1.3333333333333333,19.333333333333332,0.3333333333333333,0.3333333333333333,20.0,50.666666666666664,20.333333333333332,52.333333333333336,0.3333333333333333,46.333333333333336,2.6666666666666665,1.6666666666666667,48.333333333333336,1.3333333333333333,1.0,0.0,0.3333333333333333,0.0,0.0,0.6388888888888887,6.666666666666667,2.6666666666666665,1.6666666666666667,8.666666666666666,1.6666666666666667,0.6666666666666666,11.0,31.333333333333332,11.666666666666666,32.0,2.0,22.333333333333332,4.666666666666667,4.333333333333333,28.666666666666668,2.0,0.6666666666666666,1.6666666666666667,15.666666666666666,2.0,2.6666666666666665,20.0,0.3333333333333333,0.0,20.333333333333332,20.333333333333332,1.0,0.3669064748201439,0.6250000000000001,0.19999999999999998,0.39999999999999997,0.25,0.3333333333333333,0.39473684210526316,0.3885350318471337,0.8333333333333334,0.7014925373134329,0.4285714285714286,0.9230769230769231,0.6976744186046512,0.16666666666666663,0.0,0.648936170212766,0.6354166666666667
Timmy Cuamba,,No,No,No,Timmy Cuamba,0.0,0.3333333333333333,0.0,0.0,0.6388888888888887,6.666666666666667,2.6666666666666665,1.6666666666666667,8.666666666666666,1.6666666666666667,0.6666666666666666,11.0,31.333333333333332,11.666666666666666,32.0,2.0,22.333333333333332,4.666666666666667,4.333333333333333,28.666666666666668,2.0,0.6666666666666666,0.0,0.3333333333333333,0.0,0.0,0.6055555555555555,17.0,1.6666666666666667,1.3333333333333333,19.333333333333332,0.3333333333333333,0.3333333333333333,20.0,50.666666666666664,20.333333333333332,52.333333333333336,0.3333333333333333,46.333333333333336,2.6666666666666665,1.6666666666666667,48.333333333333336,1.3333333333333333,1.0,0.0,29.333333333333332,1.0,0.3333333333333333,29.0,1.0,0.6666666666666666,30.666666666666668,32.0,0.16666666666666666,0.2985074626865672,0.5714285714285714,0.07692307692307693,0.3023255813953488,0.8333333333333334,1.0,0.35106382978723405,0.3645833333333333,0.0,0.6330935251798562,0.3749999999999999,0.8,0.6000000000000001,0.75,0.6666666666666667,0.6052631578947368,0.6114649681528663
Brad Tavares,Orthodox,No,No,No,Brad Tavares,0.039912280701754385,0.3442982456140351,0.0,0.020526315789473684,0.6511154970760235,8.163859649122807,2.0347368421052634,2.5000877192982456,10.718333333333334,1.4207894736842106,0.5595614035087719,12.698684210526315,33.28464912280701,15.660526315789474,36.725087719298244,2.107105263157895,27.140087719298243,3.181578947368421,2.962982456140351,30.287368421052633,2.2862280701754387,0.7110526315789474,0.05478260869565217,0.21377574370709382,0.2671395881006865,0.01,0.8572536231884058,11.77787185354691,2.772723112128147,4.789656750572083,14.62908466819222,2.7564988558352406,1.9546681922196796,19.34025171624714,36.431876430205946,24.05762013729977,41.48338672768879,1.1402517162471395,26.934530892448514,4.002631578947368,5.494713958810069,30.75512585812357,3.6104805491990843,2.0662700228832955,0.9264759725400458,15.156659038901603,1.229908466819222,0.7050572082379862,16.12604118993135,0.8539816933638444,0.11160183066361555,17.09162471395881,17.425766590389014,0.16339869281045752,0.3008044680459087,0.6395368072787428,0.1161998934217538,0.35388790416941807,0.6214557034877028,0.7869479397976807,0.38151774301941,0.42642583825770425,0.8125188143450601,0.5627222207590403,0.30727496212446037,0.9610942907475044,0.5243366996552825,0.2365285401006476,0.054011251882697064,0.46913929197970194,0.420066150933571
Gregory Rodrigues,Orthodox,No,No,No,Gregory Rodrigues,0.16666666666666666,0.6777777777777777,0.2222222222222222,0.06666666666666667,0.7205555555555555,18.644444444444446,4.444444444444444,1.2583333333333333,20.73888888888889,2.125,1.4833333333333334,24.347222222222225,44.394444444444446,25.76388888888889,46.263888888888886,1.4416666666666667,37.230555555555554,5.425,1.738888888888889,38.580555555555556,3.147222222222222,2.6666666666666665,0.041666666666666664,0.0,0.0,0.0,0.19583333333333333,11.833333333333334,5.797222222222222,4.113888888888889,19.436111111111114,2.2666666666666666,0.041666666666666664,21.744444444444444,45.43055555555555,23.105555555555554,47.18888888888889,0.36944444444444446,33.297222222222224,7.580555555555556,4.552777777777778,42.28611111111111,3.102777777777778,0.041666666666666664,0.36944444444444446,21.46388888888889,1.7833333333333332,0.4388888888888889,22.849999999999998,0.8361111111111111,0.0,23.686111111111114,24.083333333333332,0.47013487475915217,0.5007834066999926,0.8192524321556579,0.389776357827476,0.5375476996184031,0.675198587819947,0.55625,0.5484294831685647,0.5568898228760133,1.0,0.6446149995828814,0.23525100769512652,1.0,0.5403665506142021,0.26947179946284694,0.0,0.5213696117395292,0.510360254297151
Andre Fili,Orthodox,No,No,No,Andre Fili,0.0965909090909091,0.6722027972027972,0.09775641025641026,0.12325174825174827,0.7684197746697746,12.241550116550115,2.4356060606060606,2.1774475524475525,14.646707459207457,0.7712703962703963,1.4366258741258742,16.854603729603728,45.438811188811194,20.791666666666668,49.988927738927735,1.458479020979021,38.92424242424243,3.7396561771561774,2.774912587412587,41.57925407925408,1.4479895104895106,2.411567599067599,0.10227272727272728,0.4305069930069931,0.1488927738927739,0.07765151515151515,0.8212509712509712,10.435897435897436,3.261655011655012,4.733391608391608,15.616113053613054,0.7966200466200467,2.0182109557109555,18.430944055944057,37.91404428904429,25.58522727272727,45.89073426573427,1.3248834498834499,27.448863636363637,5.297785547785548,5.167395104895105,33.11101398601399,1.503642191142191,3.2993881118881117,0.894376456876457,17.0129662004662,2.036130536130536,0.4340034965034965,17.494900932400935,0.7070221445221444,1.281177156177156,19.483100233100235,20.305506993006993,0.46089301768055135,0.31449681109081645,0.6512914410378277,0.24224287289336907,0.352259985984583,0.5326491598752389,0.5957228296985442,0.370929680786939,0.41592543803406357,0.6750604794369914,0.61980584791597,0.38433615663843357,0.9166878118920747,0.5283710411221697,0.47020637535122556,0.38830750209740805,0.51387554660662,0.44247509476370983
Dan Ige,Orthodox,No,No,No,Dan Ige,0.08333333333333333,0.1571969696969697,0.0125,0.03068181818181818,0.43530934343434335,10.998863636363636,5.1284090909090905,2.1696969696969695,15.455303030303032,1.4234848484848484,1.4181818181818182,18.296969696969697,39.79848484848485,23.052651515151517,45.79507575757576,1.6125,30.403787878787874,6.730303030303031,2.6643939393939395,35.824621212121215,1.9662878787878788,2.007575757575758,0.025,0.4359848484848484,0.09886363636363636,0.04583333333333333,1.0186553030303032,14.898106060606063,2.6390151515151516,2.128030303030303,15.984469696969697,1.2696969696969698,2.4109848484848486,19.665151515151514,43.48522727272727,25.666666666666664,51.1969696969697,1.0261363636363636,36.984848484848484,4.133333333333334,2.3670454545454547,37.61931818181818,1.8625,4.0034090909090905,0.5901515151515151,22.086742424242424,1.4943181818181819,0.2390151515151515,21.634848484848483,0.5928030303030303,1.5924242424242423,23.820075757575758,25.53030303030303,0.09748649283533004,0.36175964916652137,0.7619878433138224,0.05899914700028433,0.43141567188639945,0.7239452899248698,0.7064150943396226,0.45974035862489054,0.503387124790114,0.5751199704688077,0.5971835313396148,0.3615285923753666,0.8158105296847495,0.575099431103056,0.3182835062029693,0.3977670545936227,0.5477739740943024,0.4986682450429122
Aoriqileng,Orthodox,No,No,No,Aoriqileng,0.13095238095238096,0.4785714285714286,0.0,0.0,0.7249603174603174,16.580952380952382,5.804761904761905,3.0476190476190474,21.473809523809525,1.4785714285714286,2.480952380952381,25.433333333333334,50.5,34.32857142857143,61.61428571428572,1.0214285714285714,40.15952380952381,6.95952380952381,3.380952380952381,44.595238095238095,2.285714285714286,3.619047619047619,0.18095238095238098,0.7333333333333334,0.1976190476190476,0.0,1.1269444444444445,23.99761904761905,3.7952380952380955,2.502380952380953,27.21428571428571,2.1666666666666665,0.9142857142857143,30.295238095238094,57.769047619047626,35.628571428571426,64.38571428571429,1.873809523809524,49.67619047619047,4.945238095238095,3.1476190476190475,53.980952380952374,2.7785714285714285,1.0095238095238095,1.1404761904761906,25.678571428571427,1.1500000000000001,0.6452380952380953,26.766666666666666,0.611904761904762,0.09523809523809523,27.473809523809525,28.757142857142856,0.4685314685314686,0.41287721586529913,0.834074580910024,0.1415492957746479,0.48152696209289914,0.646875,0.6855263157894737,0.5036303630363036,0.5571527938789705,0.6086404066073698,0.5169190950920244,0.23254694270582565,0.767019667170953,0.4958539167254763,0.220222793487575,0.09433962264150941,0.47558010138894624,0.446638562236521
Daniel Marcos,,No,No,No,Daniel Marcos,0.1111111111111111,0.3333333333333333,0.0,0.0,0.23518518518518514,14.888888888888891,4.444444444444444,5.333333333333333,21.333333333333332,2.444444444444444,0.8888888888888888,24.666666666666668,50.22222222222222,26.0,51.55555555555555,0.4444444444444444,34.44444444444445,9.111111111111112,6.666666666666667,46.444444444444436,2.888888888888889,0.8888888888888888,0.0,0.0,0.0,0.0,0.35370370370370363,7.111111111111112,7.111111111111111,7.333333333333333,21.0,0.5555555555555555,0.0,21.555555555555557,62.444444444444436,21.777777777777782,62.888888888888886,0.8888888888888888,38.55555555555555,14.888888888888891,9.0,60.77777777777778,1.6666666666666667,0.0,0.8888888888888888,31.444444444444443,7.777777777777779,1.6666666666666667,39.77777777777778,1.111111111111111,0.0,40.88888888888889,41.11111111111111,0.75,0.432258064516129,0.4878048780487803,0.049999999999999996,0.4593301435406699,0.846153846153846,1.0,0.49115044247787615,0.5043103448275863,1.0,0.8155619596541787,0.5223880597014927,1.0,0.6544789762340036,0.6666666666666667,,0.6548042704626333,0.6537102473498233
Devin Clark,Orthodox,No,No,No,Devin Clark,0.06951871657754011,0.6876750700280111,0.0196078431372549,0.0196078431372549,1.4363742466683644,8.223198370257194,3.9493251846193025,2.302648332060097,7.544690603514134,4.338680926916221,2.591800356506239,14.475171886936593,26.679017061370004,33.89572192513369,48.584288260758846,2.0822510822510822,19.070537305831422,4.784568372803666,2.8239113827349116,18.159791189202952,5.465622612681436,3.0536032594856124,0.08912655971479501,0.34899414311179017,0.19977081741787625,0.0,1.2106230370936253,8.647313470842883,4.331932773109243,1.7214158390628977,6.373440285204992,5.524700789406672,2.8025210084033616,14.700662083015024,26.33460656990069,21.824548001018588,34.353959765724476,0.8309141838553603,19.14654952890247,5.218869365928189,1.9691876750700281,15.583906289788644,7.101094983447925,3.64960529666412,0.48192004074357014,10.499236058059587,0.8869365928189458,0.24777183600713013,9.210466004583651,1.576394194041253,0.8470842882607589,11.633944486885662,12.529411764705882,0.3302555949614773,0.4311990920016024,0.8254297727393689,0.24351864376211732,0.41546130816745785,0.7938127518811006,0.8487678772463828,0.5425676610813365,0.6976683849562741,0.579987741342323,0.5483617840494224,0.1699480348386152,0.8227725332988491,0.5910242164776627,0.22199311482464323,0.23210298632430915,0.441774000154715,0.3647152133305661
Marcin Prachnio,Orthodox,No,No,No,Marcin Prachnio,0.05555555555555555,0.06666666666666667,0.0,0.0,0.18419753086419752,7.951851851851852,8.351851851851853,9.148148148148147,21.44074074074074,3.9555555555555557,0.05555555555555555,25.451851851851853,46.7962962962963,34.06296296296296,55.96666666666667,0.3111111111111111,24.51851851851852,11.333333333333334,10.944444444444443,41.43333333333333,5.307407407407408,0.05555555555555555,0.14814814814814814,0.5074074074074074,0.12222222222222223,0.0,0.8598148148148148,9.385185185185184,3.437037037037037,1.8888888888888886,11.744444444444445,1.4814814814814816,1.4851851851851852,14.71111111111111,33.17407407407407,18.322222222222223,36.90740740740741,1.2666666666666666,26.214814814814815,4.440740740740741,2.5185185185185186,29.15185185185185,2.174074074074074,1.848148148148148,0.7592592592592592,16.82962962962963,1.0037037037037038,0.6296296296296297,17.40740740740741,0.6925925925925926,0.36296296296296293,18.462962962962962,18.585185185185185,0.21428571428571427,0.32432024169184287,0.7369281045751634,0.006091370558375635,0.5174756413694467,0.7452896022330774,1.0,0.5438860308666403,0.6086294752167295,0.5994152046783625,0.6419892625035322,0.22602168473728101,0.7985294117647059,0.5971287002922119,0.3185689948892674,0.19639278557114226,0.5565479513229876,0.5035624686402409
Fernie Garcia,Orthodox,No,No,No,Fernie Garcia,0.0,0.1111111111111111,0.1111111111111111,0.2222222222222222,0.25925925925925924,6.888888888888888,1.222222222222222,1.9444444444444444,9.833333333333334,0.1111111111111111,0.1111111111111111,10.055555555555555,27.222222222222218,19.444444444444443,39.333333333333336,0.2222222222222222,23.222222222222225,2.055555555555556,1.9444444444444444,26.722222222222225,0.38888888888888884,0.1111111111111111,0.1111111111111111,0.7777777777777777,0.38888888888888884,0.1111111111111111,1.6305555555555558,10.944444444444443,4.666666666666667,2.8333333333333335,15.0,0.6666666666666666,2.777777777777778,18.444444444444443,38.55555555555555,28.166666666666668,52.166666666666664,1.722222222222222,28.111111111111114,6.277777777777778,4.166666666666667,33.55555555555555,1.3333333333333333,3.6666666666666665,0.9444444444444445,17.166666666666668,1.611111111111111,1.3333333333333333,18.555555555555557,0.6666666666666666,0.8888888888888888,20.11111111111111,24.0,0.5,0.2966507177033492,0.5945945945945945,0.05714285714285714,0.36798336798336795,0.28571428571428575,1.0,0.36938775510204086,0.49435028248587565,0.5483870967741935,0.6106719367588933,0.2566371681415929,0.8133333333333334,0.5529801324503311,0.5,0.24242424242424232,0.521613832853026,0.46006389776357826
Hyder Amil,,No,No,No,Hyder Amil,0.5,0.5,1.0,0.5,1.1666666666666665,30.0,7.0,2.5,29.0,1.5,9.0,39.5,72.0,54.5,97.0,1.5,60.5,8.5,3.0,54.5,4.5,13.0,0.0,0.0,0.0,0.5,0.4666666666666666,11.0,1.5,0.5,12.5,0.5,0.0,13.0,39.5,15.5,43.5,0.0,37.5,1.5,0.5,39.0,0.5,0.0,0.0,26.5,0.0,0.0,26.5,0.0,0.0,26.5,28.0,0.3333333333333333,0.49586776859504134,0.8235294117647058,0.16666666666666666,0.5321100917431193,0.3333333333333333,0.6923076923076923,0.5486111111111112,0.5618556701030928,,0.7066666666666667,0.0,1.0,0.6794871794871795,0.0,,0.6708860759493671,0.6436781609195402
Jack Hermansson,Orthodox,No,No,No,Jack Hermansson,0.0,0.4149732620320855,0.07205882352941176,0.0,0.745376559714795,15.27366310160428,5.320588235294117,5.040508021390375,20.908689839572194,1.977673796791444,2.748395721925134,25.634759358288772,61.01136363636364,34.96831550802139,72.15414438502674,1.4100267379679146,47.39893048128342,7.726470588235294,5.88596256684492,54.63582887700535,2.6118983957219255,3.763636363636364,0.04171122994652406,0.08489304812834224,0.224331550802139,0.04812834224598931,0.4095699643493761,16.244518716577538,3.8207219251336895,0.7856951871657755,18.779946524064172,1.1180481283422459,0.9529411764705882,20.850935828877006,45.75748663101604,23.286898395721927,48.51925133689839,0.588903743315508,39.0298128342246,5.55307486631016,1.1745989304812834,42.7894385026738,1.6685828877005349,1.299465240641711,0.5040106951871658,22.78529411764706,1.7323529411764707,0.38890374331550803,24.009491978609624,0.5505347593582888,0.34652406417112297,24.906550802139037,25.23235294117647,0.2943016971650706,0.32223645020082137,0.6886181956604491,0.07050219183682739,0.3826919124196185,0.7571786865946665,0.7302500710429098,0.4201636847698662,0.4846334996562988,0.8558456299659478,0.5837920415971611,0.3119628283217373,0.9277259276121101,0.561107899957821,0.3299415110968673,0.2666666666666666,0.5443164088749686,0.5200482745698823
Joe Pyfer,Orthodox,No,No,No,Joe Pyfer,0.05,0.2,0.15,0.0,0.2675,10.25,3.8,1.55,15.0,0.15,0.45,15.6,42.65,16.2,43.5,1.45,34.45,5.55,2.65,41.8,0.15,0.7,0.0,0.2,0.05,0.0,0.6216666666666667,13.75,2.0,5.95,19.7,1.0,1.0,21.7,41.9,35.1,60.3,0.3,31.35,3.4,7.15,38.65,1.25,2.0,0.1,17.6,1.4,1.2,18.95,0.25,1.0,20.2,25.2,0.13793103448275862,0.29753265602322204,0.6846846846846847,0.07547169811320756,0.35885167464114837,1.0,0.6428571428571429,0.365767878077374,0.37241379310344824,0.33333333333333326,0.5614035087719298,0.4117647058823529,0.972027972027972,0.49029754204398446,0.19999999999999996,0.5,0.4821002386634845,0.417910447761194
Bruna Brasil,,No,No,No,Bruna Brasil,0.0,0.4444444444444444,0.0,0.0,0.9805555555555555,5.888888888888888,4.055555555555555,2.611111111111111,8.666666666666666,3.0555555555555554,0.8333333333333334,12.555555555555555,21.88888888888889,21.555555555555557,33.22222222222222,0.7777777777777777,13.555555555555555,5.388888888888889,2.944444444444444,17.5,3.5555555555555554,0.8333333333333334,0.1111111111111111,0.4444444444444444,0.0,0.0,0.6935185185185184,7.833333333333333,7.277777777777779,5.388888888888889,14.888888888888888,3.055555555555556,2.555555555555556,20.5,43.166666666666664,36.77777777777778,61.05555555555555,0.8333333333333334,23.555555555555557,11.0,8.611111111111112,35.38888888888889,4.0,3.777777777777778,0.38888888888888884,15.722222222222223,3.7222222222222228,3.2222222222222228,20.5,0.9444444444444443,1.222222222222222,22.666666666666668,24.277777777777775,0.5714285714285715,0.4344262295081967,0.7525773195876287,0.1509433962264151,0.4952380952380952,0.859375,1.0,0.5736040609137055,0.6488294314381271,0.4666666666666667,0.6674528301886793,0.33838383838383834,0.9483870967741935,0.5792778649921508,0.23611111111111105,0.32352941176470584,0.525096525096525,0.397634212920837
Loma Lookboonmee,Orthodox,No,No,No,Loma Lookboonmee,0.0,0.5952380952380952,0.041666666666666664,0.047619047619047616,0.7070436507936507,7.083333333333333,9.029761904761905,3.5654761904761902,10.44047619047619,7.68452380952381,1.5535714285714286,19.678571428571427,34.232142857142854,27.49404761904762,44.583333333333336,1.1964285714285714,17.220238095238095,12.595238095238095,4.416666666666667,22.696428571428573,9.44047619047619,2.0952380952380953,0.0,0.4047619047619048,0.2261904761904762,0.13095238095238096,1.4025793650793652,7.8690476190476195,3.017857142857143,1.0714285714285714,7.25,4.071428571428572,0.6369047619047619,11.958333333333334,25.55952380952381,21.31547619047619,37.50595238095238,1.4345238095238095,19.482142857142858,4.309523809523809,1.767857142857143,18.94047619047619,5.678571428571428,0.9404761904761904,1.0297619047619049,11.613095238095239,1.2916666666666667,0.6964285714285715,11.69047619047619,1.607142857142857,0.30357142857142855,13.601190476190476,16.19047619047619,0.4975124378109453,0.41133771171793987,0.7169187145557656,0.1347708894878706,0.4600052452137424,0.8139974779319042,0.7414772727272727,0.5748565466875326,0.6166889185580774,0.7178423236514522,0.5960892147876566,0.29972375690607733,0.771043771043771,0.6172218730358265,0.28301886792452813,0.3227848101265822,0.5321378667908709,0.4316775115061101
Jeremiah Wells,Switch,No,No,No,Jeremiah Wells,0.13888888888888887,0.8333333333333334,0.16666666666666666,0.0,2.201851851851852,8.0,1.472222222222222,0.0,5.083333333333333,0.3333333333333333,4.055555555555556,9.472222222222223,22.11111111111111,17.416666666666668,33.27777777777778,1.8055555555555554,20.055555555555557,1.8055555555555554,0.25,14.972222222222223,0.5555555555555556,6.583333333333333,0.13888888888888887,0.05555555555555555,0.16666666666666666,0.05555555555555555,0.31296296296296294,3.194444444444444,1.472222222222222,0.75,4.444444444444444,0.5555555555555556,0.4166666666666667,5.416666666666667,10.916666666666666,8.638888888888888,14.805555555555555,0.3611111111111111,8.36111111111111,1.75,0.8055555555555555,9.527777777777779,0.611111111111111,0.7777777777777777,0.3055555555555555,5.166666666666667,0.27777777777777773,0.05555555555555555,5.083333333333333,0.05555555555555555,0.36111111111111116,5.5,6.166666666666667,0.4615384615384616,0.39889196675900274,0.8153846153846154,3.3333333333333335,0.3395176252319109,0.6,0.6160337552742617,0.428391959798995,0.5233722871452421,0.8461538461538461,0.6179401993355482,0.15873015873015883,0.9310344827586207,0.533527696793003,0.09090909090909083,0.4642857142857142,0.5038167938931297,0.4165103189493434
Max Griffin,Orthodox,No,No,No,Max Griffin,0.1726190476190476,0.45535714285714285,0.08333333333333333,0.06845238095238095,0.7892361111111109,12.05952380952381,3.705357142857143,2.6488095238095237,15.473214285714286,1.8273809523809523,1.1130952380952381,18.413690476190478,37.333333333333336,22.544642857142858,42.077380952380956,1.0922619047619049,28.9702380952381,5.404761904761905,2.9583333333333335,32.785714285714285,2.7351190476190474,1.8125,0.023809523809523808,0.3452380952380952,0.0,0.0,0.7192460317460317,12.00297619047619,3.544642857142857,2.5476190476190474,14.93154761904762,2.5386904761904763,0.625,18.095238095238095,42.913690476190474,26.485119047619047,52.47619047619048,1.1160714285714286,34.07142857142857,5.6934523809523805,3.1488095238095237,38.49702380952381,3.470238095238095,0.9464285714285715,0.7708333333333334,22.06845238095238,2.1488095238095237,0.6011904761904762,23.56547619047619,0.9315476190476191,0.32142857142857145,24.81845238095238,25.991071428571427,0.4168937329700272,0.416272858023423,0.6855726872246696,0.1539235412474849,0.47194989106753815,0.6681175190424374,0.6141215106732348,0.49322385204081637,0.535790069316735,0.6906666666666668,0.6477113906359189,0.3774176685833769,0.890359168241966,0.612137611132586,0.2684391080617494,0.339622641509434,0.5783341424509327,0.49529264972776776
Darrius Flowers,,No,No,No,Darrius Flowers,0.0,0.16666666666666666,0.0,0.0,0.39999999999999997,6.0,2.6666666666666665,3.8333333333333335,10.333333333333334,1.1666666666666667,1.0,12.5,22.666666666666668,19.0,29.666666666666668,0.8333333333333334,14.166666666666666,3.3333333333333335,5.166666666666667,20.166666666666668,1.5,1.0,0.0,0.8333333333333334,0.16666666666666666,0.0,1.836111111111111,9.5,8.333333333333334,2.6666666666666665,17.666666666666668,0.3333333333333333,2.5,20.5,36.5,26.5,44.166666666666664,1.8333333333333333,21.5,11.5,3.5,33.0,0.8333333333333334,2.6666666666666665,1.0,12.0,3.1666666666666665,0.8333333333333334,15.333333333333334,0.5,0.16666666666666666,16.0,17.666666666666668,0.19999999999999998,0.4235294117647059,0.7999999999999999,0.03225806451612903,0.512396694214876,0.7777777777777778,1.0,0.551470588235294,0.6404494382022472,0.5454545454545454,0.5581395348837209,0.2753623188405797,0.7619047619047619,0.46464646464646464,0.6000000000000001,0.0625,0.4383561643835616,0.4
Michael Johnson,Southpaw,No,No,No,Michael Johnson,0.1304155614500442,0.202522220671041,0.012820512820512822,0.047908232118758436,0.39092403865543607,10.372143887570385,5.982176927730467,2.8213737260924194,17.150891153613475,1.2799571873982039,0.7448462003815907,19.17569454139327,48.749662618083676,20.595211503559963,50.47501047047327,0.4853646051468193,34.844059751500765,10.234468797989669,3.671134068593234,45.512471497045,2.060542603192331,1.17664851784634,0.04185862534319884,0.29361533807994783,0.1600586346502862,0.0,0.87182007848977,12.235888128810089,2.5665456745311555,2.8038298664432966,12.666433989482991,1.2174600958629997,3.72236958443855,17.60626366978454,41.64067662525013,22.30022337009633,47.01100563078785,1.418702592023826,34.18549025082601,4.073200241984271,3.381986132439853,34.62918237237656,1.7867746288798918,5.224719623993671,1.1250872539438783,21.949602122015914,1.5066545674531155,0.5781562659965563,21.96274838289357,0.5693145330168924,1.502350039555121,24.034412955465587,24.710782260691516,0.41725790987535955,0.29767323215325525,0.5845126938982442,0.05516611948433875,0.37683937148363905,0.6211748232796586,0.6330235317381848,0.39335030257789005,0.4080278797684983,0.7930395420924016,0.64207363887331,0.36989454923511067,0.913182571843331,0.6342265938225873,0.3186269403062818,0.2875465379339829,0.5771859370049615,0.525638240006256
Ihor Potieria,Southpaw,No,No,No,Ihor Potieria,0.5111111111111111,0.0,0.0,0.0,0.8392592592592593,19.288888888888888,1.8222222222222222,3.3777777777777778,18.222222222222225,3.4444444444444446,2.8222222222222224,24.48888888888889,52.77777777777778,28.95555555555556,58.555555555555564,0.8222222222222223,46.644444444444446,2.5555555555555554,3.577777777777778,43.44444444444445,5.333333333333333,4.0,0.06666666666666667,0.24444444444444446,0.0,0.0,0.7262962962962963,15.955555555555556,3.1111111111111107,1.1333333333333333,9.577777777777778,4.222222222222222,6.3999999999999995,20.2,48.42222222222222,25.51111111111111,55.22222222222223,0.5555555555555555,40.75555555555555,5.777777777777778,1.888888888888889,33.15555555555556,6.311111111111111,8.955555555555556,0.3111111111111111,24.8,2.6666666666666665,0.7555555555555555,23.57777777777778,2.088888888888889,2.555555555555556,28.222222222222218,29.71111111111111,0.0,0.413530252501191,0.7130434782608696,0.0,0.4194373401534527,0.6458333333333334,0.7055555555555556,0.464,0.49449715370018976,0.5599999999999998,0.6085059978189749,0.46153846153846156,0.8705882352941177,0.7111260053619304,0.33098591549295775,0.2853598014888338,0.5828361633776962,0.5380281690140846
Robert Bryczek,,No,No,No,Robert Bryczek,0.0,0.0,0.0,0.0,0.16666666666666666,6.333333333333333,3.3333333333333335,1.0,10.0,0.6666666666666666,0.0,10.666666666666666,44.333333333333336,13.666666666666666,47.666666666666664,0.0,34.333333333333336,8.0,2.0,42.333333333333336,2.0,0.0,0.3333333333333333,0.0,0.0,0.0,0.8722222222222221,15.666666666666666,1.6666666666666667,5.0,20.333333333333332,2.0,0.0,22.333333333333332,56.0,25.666666666666668,60.333333333333336,1.3333333333333333,46.333333333333336,4.0,5.666666666666667,52.0,4.0,0.0,1.3333333333333333,30.666666666666668,2.3333333333333335,0.6666666666666666,31.666666666666668,2.0,0.0,33.666666666666664,34.666666666666664,,0.1844660194174757,0.4166666666666667,0.0,0.23622047244094488,0.3333333333333333,,0.24060150375939848,0.2867132867132867,1.0,0.6618705035971224,0.5833333333333333,1.0,0.608974358974359,0.5,,0.6011904761904763,0.574585635359116
Armen Petrosyan,Orthodox,No,No,No,Armen Petrosyan,0.0,0.08333333333333333,0.0,0.08333333333333333,0.3888888888888889,9.383333333333333,7.333333333333333,12.4,25.900000000000002,1.8,1.4166666666666667,29.116666666666664,55.833333333333336,34.65,63.75,0.2333333333333333,32.050000000000004,9.516666666666667,14.266666666666666,51.63333333333333,2.1999999999999997,2.0,0.0,0.9,0.2333333333333333,0.0,1.2419444444444443,8.916666666666666,2.5,3.75,14.333333333333334,0.75,0.08333333333333333,15.166666666666666,35.18333333333333,20.25,42.1,1.3166666666666667,26.900000000000002,4.016666666666667,4.266666666666667,33.93333333333333,1.1666666666666667,0.08333333333333333,0.4166666666666667,17.983333333333334,1.5166666666666666,0.5166666666666667,19.599999999999998,0.4166666666666667,0.0,20.016666666666666,21.849999999999998,0.35714285714285715,0.2927717108684347,0.7705779334500875,0.005841121495327103,0.5016139444803099,0.8181818181818183,0.7083333333333334,0.5214925373134328,0.5435294117647058,0.31645569620253167,0.6685254027261462,0.3775933609958506,0.7890625,0.5776031434184675,0.3571428571428572,0.0,0.5689246802463288,0.5190023752969122
Rodolfo Vieira,Orthodox,No,No,No,Rodolfo Vieira,0.0,1.0761904761904761,0.4619047619047619,0.0,1.3715079365079363,11.085714285714287,0.719047619047619,1.5904761904761904,11.71904761904762,0.4380952380952381,1.2380952380952381,13.395238095238094,24.866666666666664,16.947619047619046,29.138095238095236,4.180952380952381,22.185714285714283,0.9952380952380953,1.6857142857142857,22.23809523809524,0.5333333333333333,2.0952380952380953,0.047619047619047616,0.0,0.18095238095238098,0.2333333333333333,0.21928571428571428,15.695238095238096,3.895238095238095,0.6857142857142858,18.228571428571428,1.0476190476190477,1.0,20.276190476190475,39.13809523809524,27.885714285714286,47.38571428571428,0.18095238095238098,32.56666666666667,5.838095238095238,0.7333333333333334,36.61904761904762,1.3047619047619048,1.2142857142857142,0.18095238095238098,16.87142857142857,1.9428571428571428,0.047619047619047616,18.39047619047619,0.2571428571428571,0.21428571428571427,18.861904761904764,19.5,0.2574031890660592,0.4996780424983903,0.722488038277512,0.6384180790960452,0.5269807280513918,0.8214285714285714,0.5909090909090909,0.5386824971275374,0.5816309854551397,1.0,0.5180581956426378,0.33278955954323,1.0,0.5022106631989598,0.1970802919708029,0.17647058823529405,0.48193210852901813,0.4115164305094965
Carlos Prates,,No,No,No,Carlos Prates,0.5,0.0,0.0,0.0,0.0,1.5,9.0,8.0,18.5,0.0,0.0,18.5,36.0,19.0,36.5,0.0,12.0,13.0,11.0,36.0,0.0,0.0,0.0,0.0,0.0,0.0,0.7333333333333334,12.5,1.0,20.5,33.5,0.5,0.0,34.0,51.0,35.0,52.5,1.0,25.5,1.0,24.5,50.0,1.0,0.0,1.0,13.0,0.0,4.0,16.5,0.5,0.0,17.0,17.5,,0.125,0.6923076923076923,0.0,0.5138888888888888,,,0.5138888888888888,0.5205479452054794,1.0,0.5098039215686274,0.0,1.0,0.32999999999999996,0.5,,0.33333333333333337,0.33333333333333337
Trevin Giles,Orthodox,No,No,No,Trevin Giles,0.10897435897435898,0.33945221445221446,0.09761072261072261,0.1185897435897436,0.8396076146076146,10.902680652680653,1.2712703962703962,1.9527972027972027,10.541083916083915,0.9953379953379953,2.5903263403263406,14.126748251748253,25.492132867132867,18.047202797202797,29.842657342657343,0.6608391608391608,21.530011655011652,1.7785547785547784,2.1835664335664338,20.72086247086247,1.5212703962703962,3.25,0.12791375291375293,0.3924825174825175,0.4227855477855478,0.1791958041958042,0.9576243201243203,4.227855477855478,2.2768065268065265,3.07488344988345,8.055652680652681,0.8645104895104895,0.6593822843822844,9.579545454545455,23.24009324009324,14.814685314685315,29.627331002331005,1.3665501165501166,16.16783216783217,3.3618881118881117,3.7103729603729607,21.087703962703966,1.1716200466200466,0.9807692307692308,0.9740675990675992,11.939976689976689,1.0850815850815851,0.6354895104895105,13.032051282051283,0.3071095571095571,0.32138694638694637,13.660547785547786,14.81264568764569,0.513668430335097,0.5063945541405585,0.7147771952817824,0.15545769949292768,0.50871839581517,0.6542807891208581,0.7970234893311817,0.5541610945375991,0.6047451669595781,0.7127931769722815,0.7385020184544406,0.32275957704974867,0.8942201978953982,0.6179928979039144,0.2621238497886098,0.327688651218063,0.5878009027081244,0.4999655786233417
Bogdan Guskov,,No,No,No,Bogdan Guskov,0.5,0.0,0.0,0.0,0.0333333333333333,8.5,0.5,0.0,9.0,0.0,0.0,9.0,27.0,17.5,35.5,0.0,26.0,0.5,0.5,26.5,0.5,0.0,0.5,0.5,0.5,0.0,1.225,13.0,1.5,7.0,14.5,2.0,5.0,21.5,36.0,27.5,46.0,1.5,25.0,3.5,7.5,27.0,2.5,6.5,1.0,12.0,2.0,0.5,12.5,0.5,1.5,14.5,18.5,,0.3269230769230769,1.0,0.0,0.33962264150943394,0.0,,0.3333333333333333,0.49295774647887325,0.6666666666666667,0.48,0.5714285714285714,0.9333333333333333,0.4629629629629629,0.19999999999999996,0.23076923076923073,0.4027777777777778,0.40217391304347827
Zac Pauga,,No,No,No,Zac Pauga,0.0,0.08333333333333333,0.0,0.0,1.162962962962963,9.833333333333334,6.805555555555556,3.0555555555555554,14.333333333333334,5.194444444444444,0.16666666666666666,19.694444444444446,31.63888888888889,22.666666666666668,35.02777777777778,1.4444444444444444,20.36111111111111,8.055555555555555,3.222222222222222,25.277777777777775,6.194444444444444,0.16666666666666666,0.19444444444444442,0.0,0.0,0.0,0.2574074074074074,9.222222222222221,3.1388888888888893,0.5555555555555555,10.527777777777779,2.0833333333333335,0.3055555555555555,12.916666666666666,31.277777777777775,33.888888888888886,53.80555555555555,0.19444444444444442,25.805555555555557,4.75,0.7222222222222222,27.88888888888889,3.0,0.38888888888888884,0.19444444444444442,16.583333333333332,1.611111111111111,0.16666666666666666,17.36111111111111,0.9166666666666666,0.08333333333333333,18.36111111111111,19.916666666666668,0.05769230769230769,0.48294679399727153,0.8448275862068967,0.02586206896551724,0.5670329670329671,0.8385650224215246,1.0,0.6224758560140474,0.6471054718477399,1.0,0.6426264800861141,0.3391812865497075,1.0,0.6225099601593626,0.30555555555555547,0.2142857142857143,0.5870337477797514,0.3701600413009809
Aliaskhab Khizriev,Southpaw,No,No,No,Aliaskhab Khizriev,0.0,0.75,0.5,0.0,0.7625,10.25,2.75,1.0,11.75,0.25,2.0,14.0,22.5,17.0,25.5,1.0,17.75,3.5,1.25,19.75,0.75,2.0,0.0,0.0,0.0,0.0,0.008333333333333325,10.25,1.25,0.0,11.25,0.25,0.0,11.5,29.5,14.5,32.5,0.25,28.0,1.5,0.0,29.0,0.5,0.0,0.25,17.75,0.25,0.0,17.75,0.25,0.0,18.0,18.0,0.75,0.5774647887323944,0.7857142857142857,0.6,0.5949367088607594,0.3333333333333333,1.0,0.6222222222222222,0.6666666666666666,1.0,0.6339285714285714,0.16666666666666663,,0.6120689655172413,0.5,,0.6101694915254237,0.5538461538461539
Makhmud Muradov,Orthodox,No,No,No,Makhmud Muradov,0.18888888888888888,0.9206349206349206,0.05555555555555555,0.05555555555555555,0.6015343915343915,12.563492063492063,5.168253968253968,1.0333333333333334,16.97142857142857,1.103174603174603,0.6904761904761904,18.765079365079362,42.441269841269836,23.328571428571426,47.487301587301594,1.3587301587301586,33.77301587301587,7.457142857142856,1.211111111111111,39.08412698412698,2.033333333333333,1.3238095238095238,0.0,0.20634920634920637,0.17777777777777778,0.17777777777777778,0.4534391534391535,7.634920634920635,1.0873015873015872,2.6888888888888887,10.47142857142857,0.47301587301587306,0.4666666666666666,11.411111111111111,29.463492063492065,17.126984126984127,36.01428571428571,0.9619047619047619,23.633333333333336,2.2571428571428576,3.5730158730158728,28.22063492063492,0.7761904761904761,0.4666666666666666,0.7555555555555555,15.998412698412698,1.16984126984127,0.8841269841269842,17.74920634920635,0.30317460317460315,0.0,18.052380952380954,18.88730158730159,0.677570093457944,0.37199793203929127,0.6930608769689229,0.7601572739187418,0.43422816066279496,0.5425448868071818,0.5215827338129496,0.44214226942927665,0.4912591503158738,0.7854785478547854,0.6769427093827658,0.5182841068917019,0.9422478898267437,0.6289442600821193,0.3905930470347647,0.0,0.6127033724814137,0.5244391555379259
Azat Maksum,,No,No,No,Azat Maksum,0.16666666666666666,0.6666666666666666,0.16666666666666666,0.16666666666666666,0.4749999999999999,9.666666666666666,3.0,1.3333333333333333,13.666666666666666,0.3333333333333333,0.0,14.0,58.666666666666664,14.333333333333334,59.333333333333336,3.0,51.5,5.333333333333333,1.8333333333333333,57.166666666666664,1.5,0.0,0.0,0.3333333333333333,0.5,0.0,0.21388888888888888,9.333333333333334,6.5,10.333333333333334,24.166666666666668,1.5,0.5,26.166666666666668,58.833333333333336,29.833333333333332,65.16666666666667,1.0,37.5,9.166666666666666,12.166666666666666,56.0,2.1666666666666665,0.6666666666666666,0.6666666666666666,28.166666666666668,2.6666666666666665,1.8333333333333333,31.833333333333332,0.6666666666666666,0.16666666666666666,32.666666666666664,35.333333333333336,0.2222222222222222,0.18770226537216828,0.5625,0.36363636363636365,0.239067055393586,0.2222222222222222,,0.23863636363636365,0.24157303370786518,0.6666666666666667,0.7511111111111111,0.2909090909090909,0.9726027397260274,0.5684523809523809,0.3076923076923076,0.25,0.5552407932011332,0.5421994884910486
Charles Johnson,,No,No,No,Charles Johnson,0.0,0.15873015873015872,0.21428571428571427,0.10317460317460318,0.31137566137566136,11.396825396825397,7.071428571428572,4.0,18.055555555555557,3.412698412698413,1.0,22.468253968253965,40.79365079365079,31.19047619047619,51.20634920634921,0.6746031746031745,26.015873015873016,9.674603174603176,5.103174603174604,34.46031746031746,4.833333333333333,1.5,0.047619047619047616,1.7380952380952381,0.10317460317460318,0.05555555555555555,1.9740740740740739,7.166666666666667,3.714285714285714,4.761904761904762,13.992063492063492,0.9682539682539683,0.6825396825396824,15.642857142857144,38.84126984126984,20.182539682539684,44.98412698412699,4.76984126984127,26.682539682539684,6.365079365079365,5.7936507936507935,36.65873015873016,1.349206349206349,0.8333333333333334,3.0317460317460316,19.515873015873016,2.6507936507936507,1.0317460317460319,22.666666666666668,0.38095238095238093,0.15079365079365079,23.1984126984127,24.8015873015873,0.23529411764705882,0.438071995118975,0.7309269893355209,0.031104199066874023,0.5239520958083832,0.7060755336617407,0.6666666666666666,0.5507782101167314,0.6091134531928084,0.6356073211314476,0.7314098750743605,0.41645885286783046,0.7,0.618315652738688,0.2823529411764705,0.1809523809523811,0.5972619534123416,0.5513408609738886
Charles Radtke,,No,No,No,Charles Radtke,0.3333333333333333,0.16666666666666666,0.0,0.0,2.597222222222222,13.5,1.3333333333333333,1.1666666666666667,13.0,2.5,0.5,16.0,31.333333333333332,23.5,41.166666666666664,1.6666666666666667,28.833333333333332,1.3333333333333333,1.1666666666666667,25.5,5.166666666666667,0.6666666666666666,0.0,0.0,0.0,0.0,0.13055555555555554,6.666666666666667,7.0,3.0,8.666666666666666,8.0,0.0,16.666666666666668,35.5,26.166666666666668,48.5,1.0,20.333333333333332,10.666666666666666,4.5,24.0,11.5,0.0,1.0,13.666666666666666,3.6666666666666665,1.5,15.333333333333334,3.5,0.0,18.833333333333332,22.333333333333332,0.09999999999999999,0.4682080924855492,1.0,0.14285714285714285,0.5098039215686274,0.48387096774193544,0.75,0.5106382978723405,0.5708502024291499,1.0,0.6721311475409836,0.34375,1.0,0.6388888888888888,0.30434782608695654,,0.5305164319248825,0.4604810996563574
Gilbert Urbina,Orthodox,No,No,No,Gilbert Urbina,0.25,0.6666666666666666,0.16666666666666666,0.0,1.0319444444444443,12.416666666666666,4.833333333333334,3.416666666666667,11.25,4.083333333333334,5.333333333333333,20.666666666666664,37.0,31.833333333333332,49.666666666666664,1.6666666666666667,25.583333333333332,6.75,4.666666666666666,25.583333333333336,5.25,6.166666666666667,0.3333333333333333,0.25,0.25,0.0,0.3125,8.916666666666668,4.75,3.1666666666666665,13.083333333333334,2.8333333333333335,0.9166666666666666,16.833333333333336,30.916666666666668,20.833333333333336,35.91666666666667,0.25,21.75,6.0,3.1666666666666665,26.25,3.5833333333333335,1.0833333333333335,0.0,12.833333333333334,1.25,0.0,13.166666666666666,0.75,0.16666666666666666,14.083333333333334,15.083333333333334,0.39999999999999997,0.48534201954397393,0.7160493827160495,0.14285714285714288,0.43973941368078173,0.7777777777777779,0.8648648648648648,0.5585585585585585,0.6409395973154363,0.0,0.5900383141762451,0.20833333333333337,0.9210526315789473,0.5015873015873016,0.2093023255813954,0.15384615384615397,0.45552560646900264,0.419953596287703
Blake Bilder,,No,No,No,Blake Bilder,0.0,0.1111111111111111,0.0,0.0,1.0851851851851853,10.111111111111112,1.6666666666666667,7.666666666666667,17.777777777777775,1.4444444444444444,0.2222222222222222,19.444444444444443,40.44444444444445,27.333333333333332,49.11111111111111,1.4444444444444444,28.555555555555554,2.888888888888889,9.0,37.888888888888886,2.111111111111111,0.4444444444444444,0.0,0.2222222222222222,0.0,0.0,0.7648148148148147,11.0,6.111111111111112,3.7777777777777772,17.444444444444446,1.5555555555555556,1.888888888888889,20.88888888888889,44.888888888888886,26.555555555555557,52.0,0.7777777777777778,32.111111111111114,8.555555555555555,4.222222222222222,39.77777777777778,1.6666666666666667,3.444444444444444,0.5555555555555555,21.11111111111111,2.444444444444444,0.4444444444444444,22.333333333333332,0.1111111111111111,1.5555555555555556,24.0,25.444444444444446,0.07692307692307691,0.35408560311284054,0.576923076923077,0.012345679012345678,0.469208211143695,0.6842105263157895,0.5,0.48076923076923067,0.5565610859728507,0.7142857142857143,0.6574394463667821,0.2857142857142856,0.9473684210526316,0.5614525139664803,0.06666666666666665,0.4516129032258064,0.5346534653465347,0.48931623931623924
JeongYeong Lee,,No,No,No,JeongYeong Lee,0.0,0.3333333333333333,0.0,0.0,0.8861111111111111,8.5,3.5,0.3333333333333333,6.5,3.0,2.8333333333333335,12.333333333333334,23.166666666666668,23.5,37.666666666666664,0.5,18.666666666666668,4.166666666666667,0.3333333333333333,14.833333333333334,3.1666666666666665,5.166666666666667,0.0,0.8333333333333334,0.0,0.0,2.2694444444444444,3.3333333333333335,1.3333333333333333,2.5,3.5,2.8333333333333335,0.8333333333333334,7.166666666666667,18.666666666666668,12.166666666666666,25.166666666666668,4.0,12.5,2.3333333333333335,3.8333333333333335,14.333333333333334,3.3333333333333335,1.0,3.1666666666666665,9.166666666666666,1.0,1.3333333333333333,10.833333333333334,0.5,0.16666666666666666,11.5,13.0,0.6666666666666666,0.45535714285714285,0.84,1.0,0.4382022471910112,0.9473684210526316,0.5483870967741935,0.5323741007194245,0.6238938053097346,0.7916666666666666,0.7333333333333334,0.4285714285714286,0.782608695652174,0.7558139534883721,0.15000000000000002,0.16666666666666663,0.6160714285714286,0.5165562913907285
Landon Quinones,Southpaw,No,No,No,Landon Quinones,0.0,0.16666666666666666,0.0,0.0,0.4583333333333333,20.0,8.0,5.833333333333333,31.833333333333332,2.0,0.0,33.833333333333336,83.83333333333333,38.333333333333336,89.16666666666667,0.5,64.66666666666667,12.0,7.166666666666667,80.83333333333333,3.0,0.0,0.0,0.0,0.0,0.0,0.7611111111111111,23.666666666666668,12.5,2.3333333333333335,36.0,2.5,0.0,38.5,87.16666666666667,41.0,90.5,1.6666666666666667,67.83333333333333,16.5,2.8333333333333335,83.66666666666667,3.5,0.0,1.6666666666666667,44.166666666666664,4.0,0.5,47.666666666666664,1.0,0.0,48.666666666666664,49.5,0.3333333333333333,0.3092783505154639,0.6666666666666666,0.02325581395348837,0.3938144329896907,0.6666666666666666,,0.4035785288270378,0.42990654205607476,1.0,0.651105651105651,0.24242424242424243,1.0,0.5697211155378487,0.2857142857142857,,0.5583173996175909,0.5469613259668509
MarQuel Mederos,,No,No,No,MarQuel Mederos,0.0,0.0,0.0,0.0,1.4055555555555557,9.333333333333334,6.0,4.666666666666667,18.333333333333332,1.6666666666666667,0.0,20.0,48.666666666666664,24.666666666666668,55.0,1.6666666666666667,34.333333333333336,8.666666666666666,5.666666666666667,47.0,1.6666666666666667,0.0,0.0,0.3333333333333333,0.0,0.0,0.6888888888888888,13.666666666666666,3.6666666666666665,1.0,18.0,0.3333333333333333,0.0,18.333333333333332,49.666666666666664,26.0,58.666666666666664,1.0,38.333333333333336,8.666666666666666,2.6666666666666665,48.333333333333336,1.3333333333333333,0.0,0.6666666666666666,24.666666666666668,5.0,1.6666666666666667,30.333333333333332,1.0,0.0,31.333333333333332,32.666666666666664,0.0,0.27184466019417475,0.6923076923076924,0.0,0.39007092198581556,1.0,,0.4109589041095891,0.4484848484848485,0.6666666666666667,0.6434782608695653,0.5769230769230769,0.875,0.6275862068965518,0.75,,0.6308724832214765,0.5568181818181819
Julija Stoliarenko,,No,No,No,Julija Stoliarenko,0.0,0.2333333333333333,0.47500000000000003,0.06666666666666667,0.4998611111111111,7.466666666666666,2.183333333333333,1.5916666666666668,9.991666666666667,0.9,0.35000000000000003,11.241666666666667,28.383333333333336,17.083333333333332,34.833333333333336,0.975,22.491666666666664,3.2750000000000004,2.6166666666666667,26.59166666666667,1.375,0.4166666666666667,0.0,0.30833333333333335,0.06666666666666667,0.13333333333333333,2.1108333333333333,12.35,4.783333333333333,3.4250000000000003,11.908333333333333,3.0833333333333335,5.566666666666666,20.558333333333334,38.041666666666664,44.416666666666664,66.69166666666666,0.6583333333333333,28.05,6.175,3.8166666666666664,26.45,3.9666666666666663,7.625,0.35000000000000003,15.700000000000001,1.3916666666666666,0.39166666666666666,14.541666666666666,0.8833333333333333,2.058333333333333,17.483333333333334,22.275000000000002,0.2393162393162393,0.33197480548351244,0.6666666666666665,0.08917197452229299,0.3757442807897211,0.6545454545454545,0.8400000000000001,0.3960657662947739,0.49043062200956933,0.5316455696202531,0.5597147950089127,0.22537112010796223,0.9192139737991266,0.5497794580970384,0.22268907563025198,0.26994535519125684,0.4595837897042716,0.33399975009371485
Luana Carolina,Orthodox,No,No,No,Luana Carolina,0.047619047619047616,0.14285714285714285,0.18452380952380953,0.09523809523809523,0.990079365079365,11.392857142857144,7.107142857142858,2.785714285714286,14.345238095238095,5.017857142857143,1.9226190476190474,21.28571428571429,43.38095238095238,35.273809523809526,59.50595238095238,0.2797619047619047,30.60714285714286,9.434523809523808,3.339285714285714,33.208333333333336,7.089285714285714,3.0833333333333335,0.047619047619047616,0.4583333333333333,0.27976190476190477,0.1369047619047619,1.246031746031746,9.208333333333334,5.678571428571428,2.446428571428571,12.547619047619046,4.089285714285714,0.6964285714285715,17.333333333333332,35.0,26.547619047619047,44.94642857142858,1.7380952380952381,23.827380952380953,7.761904761904762,3.410714285714286,28.702380952380953,5.601190476190477,0.6964285714285715,1.2797619047619049,14.61904761904762,2.0833333333333335,0.9642857142857143,16.154761904761905,1.5119047619047619,0.0,17.666666666666668,18.398809523809522,0.5106382978723405,0.37222870478413067,0.7533123028391169,0.04278074866310161,0.43197705682021864,0.7078085642317381,0.6235521235521234,0.490669593852909,0.592777833350005,0.7363013698630136,0.6135398451161629,0.26840490797546024,0.8656195462478184,0.5628369970966405,0.26992561105207236,0.0,0.5047619047619047,0.4093497549993379
Diana Belbita,Orthodox,No,No,No,Diana Belbita,0.047619047619047616,0.27619047619047615,0.0,0.047619047619047616,0.39888888888888885,18.295238095238094,8.104761904761904,5.247619047619048,26.133333333333336,4.628571428571429,0.8857142857142858,31.64761904761905,74.43809523809523,38.199999999999996,81.76190476190476,0.45714285714285713,57.11428571428572,11.238095238095239,6.085714285714285,67.16190476190476,6.228571428571429,1.0476190476190477,0.0,0.7333333333333334,0.2571428571428571,0.047619047619047616,1.3477777777777777,22.771428571428572,7.4190476190476184,2.1333333333333333,25.123809523809523,3.714285714285715,3.4857142857142858,32.32380952380952,66.8952380952381,37.923809523809524,73.40952380952382,2.304761904761905,54.342857142857135,9.961904761904762,2.5904761904761906,57.13333333333333,4.809523809523809,4.9523809523809526,1.5714285714285714,31.571428571428573,2.5428571428571427,0.45714285714285713,32.009523809523806,1.0952380952380951,1.4666666666666666,34.57142857142858,35.48571428571429,0.6041666666666666,0.3203268300817075,0.721186440677966,0.045383411580594675,0.38910947249007377,0.743119266055046,0.8454545454545455,0.4251535312180144,0.46721025043680836,0.6818181818181819,0.5809674027339642,0.25525812619502875,0.7169117647058824,0.5602600433405568,0.2277227722772276,0.2961538461538462,0.5167995444191344,0.4833938764919564
Molly McCann,Orthodox,No,No,No,Molly McCann,0.07539682539682539,0.5337301587301587,0.16666666666666666,0.027777777777777776,0.5137896825396826,18.976190476190478,4.682539682539683,3.130952380952381,22.412698412698415,2.142857142857143,2.234126984126984,26.78968253968254,53.61904761904762,30.28968253968254,57.285714285714285,1.4206349206349207,43.87103174603175,6.107142857142857,3.640873015873016,46.96230158730159,3.25,3.4067460317460316,0.0,0.6349206349206349,0.21428571428571427,0.0,1.2218253968253967,13.660714285714286,6.031746031746032,3.0912698412698414,18.08928571428571,2.7738095238095237,1.9206349206349207,22.78373015873016,63.67857142857142,28.805555555555557,70.5218253968254,1.0436507936507937,50.96626984126984,8.795634920634921,3.9166666666666665,57.486111111111114,3.748015873015873,2.4444444444444446,0.4087301587301588,37.30555555555556,2.763888888888889,0.8253968253968255,39.3968253968254,0.9742063492063492,0.5238095238095238,40.89484126984127,41.71626984126984,0.3756983240223463,0.43254488716023703,0.7667316439246264,0.14659400544959128,0.4772487219569902,0.6593406593406593,0.6557949912638323,0.49962995855535824,0.5287475755056803,0.3916349809885932,0.7319655857048313,0.3142341529438304,0.8378926038500507,0.6853277189107101,0.25992588671254635,0.2142857142857143,0.6422072661556677,0.5915370115071885
Muslim Salikhov,Orthodox,No,No,No,Muslim Salikhov,0.10833333333333334,0.425,0.0,0.0,0.36319444444444443,9.158333333333333,4.466666666666666,2.183333333333333,12.799999999999999,1.3499999999999999,1.6583333333333332,15.808333333333332,30.900000000000002,18.208333333333332,33.71666666666667,0.975,22.433333333333334,6.116666666666667,2.35,26.59166666666667,1.925,2.3833333333333333,0.075,0.25833333333333336,0.041666666666666664,0.0,0.5759722222222222,7.541666666666667,4.808333333333334,2.275,10.783333333333333,3.0,0.8416666666666668,14.625,38.025,17.916666666666668,41.891666666666666,1.0250000000000001,27.375,7.491666666666667,3.158333333333333,32.9,4.0249999999999995,1.0999999999999999,0.7666666666666666,19.833333333333332,2.6833333333333336,0.8833333333333333,22.116666666666664,1.0250000000000001,0.25833333333333336,23.400000000000002,23.974999999999998,0.4358974358974359,0.40824665676077265,0.7302452316076292,0.18085106382978722,0.48135380758382945,0.7012987012987012,0.6958041958041957,0.5115965480043149,0.5400395452298565,0.7479674796747968,0.7245053272450532,0.35817575083426034,0.9182058047493403,0.6722391084093211,0.2546583850931676,0.23484848484848464,0.6153846153846154,0.5723095285458524
Randy Brown,Orthodox,No,No,No,Randy Brown,0.11967009025832555,0.19747899159663865,0.14347961406784937,0.07625272331154684,0.7776844070961717,12.41503267973856,3.8904450669156554,3.0513538748832865,14.106753812636166,3.436663554310613,1.8134142545907252,19.356831621537506,40.180672268907564,22.696856520385932,44.279489573607215,0.580765639589169,31.255835667600376,5.244786803610333,3.6800497976968565,33.33815748521631,4.143946467475879,2.698568316215375,0.10006224712107065,0.2779333955804544,0.16308745720510426,0.0434173669467787,1.1962599854756717,5.674603174603175,2.4116090880796768,6.025676937441642,10.965764083411143,1.5592903828197944,1.5868347338935573,14.111889200124494,31.05291005291005,24.792250233426703,43.49299719887955,1.1750700280112045,20.41923436041083,3.3789293495175845,7.254746342981637,26.20977279800809,2.2717086834733893,2.5714285714285716,0.8971366324307501,14.744631185807656,0.9673202614379085,1.2290694055399938,15.24400871459695,0.7124183006535948,0.9845938375350141,16.94102085278556,18.700746965452847,0.34003215434083595,0.3972068707991037,0.7417737293416017,0.05366204330175913,0.42314137543119346,0.8293214165008075,0.6719912346462142,0.4817448421965833,0.5125817108315176,0.7634750364190174,0.7220952032557502,0.2862801086906459,0.9616894399279263,0.5816154467296821,0.3136046033703248,0.3828976034858389,0.545553406232147,0.42997144758592565
Drew Dober,Southpaw,No,No,No,Drew Dober,0.1716126063952151,0.24856222682309637,0.014492753623188406,0.037037037037037035,0.7237060041407867,12.175178283873935,3.9981596503335637,2.116632160110421,14.217851391764436,2.057395905221992,2.0147227973314927,18.28997009431792,44.97412008281574,23.8114791810444,51.160455486542446,1.374971244536462,36.76270991488383,5.623763515067863,2.5876466528640445,39.2914653784219,3.0169082125603865,2.6657464918334486,0.028985507246376812,0.6038647342995169,0.16126063952150907,0.047619047619047616,1.0477053140096617,13.40246146767886,3.9175293305728083,1.2422360248447204,14.633885438233264,2.0005751092707613,1.9277662755923626,18.56222682309639,37.51426270991488,28.054520358868185,48.023579480101226,1.363354037267081,30.959282263630087,5.101564297216471,1.4534161490683228,32.23567977915804,2.7658155049459396,2.5127674258109045,0.7594893029675638,17.556820795951232,1.1840349666436623,0.21118012422360247,17.601794340924776,0.7652403956751783,0.5850011502185415,18.952035886818496,19.969059121233034,0.18077630918520995,0.3311828293415515,0.7109402163908944,0.09605725207805484,0.36185597189695556,0.6819550878798276,0.7557818432861579,0.4066776639684914,0.46542742738691834,0.5570741584409011,0.5670939218308813,0.23209253038125954,0.5845204178537511,0.5460345325897302,0.2766780337686102,0.23281149867252604,0.5051954781403591,0.415817799035728
Renato Moicano,Orthodox,No,No,No,Renato Moicano,0.013333333333333332,0.30666666666666664,0.1,0.0,0.4883333333333334,17.433333333333334,1.8266666666666667,2.413333333333333,19.933333333333334,0.7266666666666667,1.0133333333333332,21.673333333333336,43.49333333333333,27.32,50.04666666666667,0.6666666666666666,37.68,3.013333333333333,2.8,41.013333333333335,0.8800000000000001,1.6,0.06,0.5466666666666666,0.03333333333333333,0.0,1.1308888888888888,16.413333333333334,3.0733333333333333,2.2733333333333334,16.793333333333333,0.5866666666666667,4.38,21.759999999999998,50.45333333333333,24.273333333333333,53.07333333333334,1.6600000000000001,43.99333333333333,3.853333333333333,2.6066666666666665,43.373333333333335,0.8333333333333333,6.246666666666667,1.1133333333333333,27.579999999999995,0.78,0.3333333333333333,26.580000000000002,0.24666666666666667,1.8666666666666665,28.693333333333335,28.8,0.45999999999999996,0.4626680820948337,0.6061946902654868,0.10952380952380952,0.48602080624187255,0.8257575757575757,0.6333333333333332,0.4983139178418149,0.5458905021979485,0.6706827309236949,0.6269131686619185,0.20242214532871972,0.7902813299232736,0.612818936366431,0.29599999999999993,0.29882604055496276,0.5687103594080338,0.5426453963069966
Nassourdine Imavov,Orthodox,No,No,No,Nassourdine Imavov,0.025,0.19,0.3,0.0,0.7152499999999999,14.459999999999999,5.3549999999999995,2.565,16.04,4.215,2.125,22.380000000000003,41.735,27.3,47.63,0.655,31.74,7.109999999999999,2.8850000000000002,33.660000000000004,4.825,3.25,0.0,0.16499999999999998,0.0,0.1,1.3295833333333333,12.72,3.55,2.7399999999999998,17.740000000000002,1.22,0.05,19.009999999999998,47.63,24.490000000000002,54.08,0.905,38.589999999999996,5.3,3.7399999999999998,45.68,1.9,0.05,0.74,25.869999999999997,1.75,1.0,27.939999999999998,0.6799999999999999,0.0,28.619999999999997,29.589999999999996,0.2900763358778626,0.4555765595463138,0.7531645569620253,0.0658578856152513,0.4765300059417706,0.8735751295336787,0.6538461538461539,0.536240565472625,0.5731681713205963,0.8176795580110497,0.670380927701477,0.33018867924528306,0.9558823529411765,0.611646234676007,0.35789473684210527,0.0,0.6008817971866471,0.5471523668639053
Roman Dolidze,Orthodox,No,No,No,Roman Dolidze,0.08888888888888888,0.26222222222222225,0.2511111111111111,0.24,1.6470740740740741,6.131111111111111,2.146666666666667,2.1844444444444444,8.902222222222223,0.7422222222222222,0.8177777777777777,10.462222222222222,31.226666666666667,17.80222222222222,40.86666666666667,1.22,24.284444444444443,3.7822222222222224,3.16,28.177777777777777,1.862222222222222,1.1866666666666668,0.02222222222222222,0.27111111111111114,0.06222222222222222,0.0,0.6244444444444446,9.7,2.591111111111111,3.4844444444444447,12.475555555555555,1.5266666666666666,1.7733333333333334,15.775555555555556,31.46666666666667,20.944444444444446,37.693333333333335,0.3888888888888889,22.98,4.7444444444444445,3.7422222222222223,26.893333333333334,2.0266666666666664,2.546666666666667,0.11777777777777779,13.280000000000001,2.1533333333333333,0.2577777777777778,14.417777777777777,0.5,0.7733333333333333,15.691111111111109,16.74888888888889,0.214936247723133,0.25247071742313326,0.5675675675675677,0.08298171589310831,0.3159305993690852,0.3985680190930788,0.6891385767790261,0.3350412752633077,0.4356171832517672,0.3028571428571428,0.5778938207136641,0.45386416861826695,0.9275534441805225,0.5361097339282763,0.24671052631578938,0.3036649214659686,0.4986581920903955,0.4443461855913218
Pete Rodriguez,Switch,No,No,No,Pete Rodriguez,0.3333333333333333,0.0,0.0,0.0,0.08333333333333333,8.0,4.666666666666667,3.0,12.666666666666666,2.0,1.0,15.666666666666666,35.666666666666664,17.0,37.666666666666664,0.0,24.333333333333332,7.666666666666667,3.6666666666666665,31.666666666666668,2.6666666666666665,1.3333333333333333,0.6666666666666666,0.0,0.0,0.0,0.0333333333333333,18.666666666666668,2.6666666666666665,0.3333333333333333,17.333333333333332,1.0,3.3333333333333335,21.666666666666668,38.0,22.0,38.333333333333336,0.6666666666666666,34.666666666666664,3.0,0.3333333333333333,32.666666666666664,1.0,4.333333333333333,0.6666666666666666,16.0,0.3333333333333333,0.0,15.333333333333334,0.0,1.0,16.333333333333332,16.333333333333332,,0.32876712328767127,0.6086956521739131,0.0,0.39999999999999997,0.75,0.75,0.4392523364485981,0.4513274336283186,1.0,0.46153846153846145,0.11111111111111116,1.0,0.4693877551020408,0.0,0.23076923076923073,0.4298245614035088,0.4260869565217391
Themba Gorimbo,,No,No,No,Themba Gorimbo,0.27777777777777773,0.8888888888888888,0.0,0.4444444444444444,2.602777777777778,5.666666666666667,2.611111111111111,0.2222222222222222,3.888888888888889,1.6666666666666667,2.9444444444444446,8.5,13.388888888888888,24.61111111111111,35.833333333333336,2.055555555555556,10.111111111111112,3.0555555555555554,0.2222222222222222,6.833333333333333,2.111111111111111,4.444444444444445,0.0,0.27777777777777773,0.16666666666666666,0.5,0.8490740740740742,5.777777777777779,1.9444444444444446,0.16666666666666666,1.6666666666666667,2.6666666666666665,3.555555555555556,7.888888888888888,13.666666666666666,14.555555555555555,21.166666666666668,0.8888888888888888,10.666666666666666,2.5,0.5,5.222222222222222,2.7777777777777772,5.666666666666667,0.611111111111111,4.888888888888889,0.5555555555555555,0.3333333333333333,3.555555555555556,0.1111111111111111,2.111111111111111,5.777777777777778,6.611111111111111,0.43243243243243235,0.5604395604395604,0.8545454545454546,4.0,0.5691056910569106,0.7894736842105263,0.6625,0.6348547717842324,0.6868217054263566,0.6875,0.45833333333333326,0.2222222222222221,0.44444444444444453,0.6808510638297872,0.039999999999999813,0.37254901960784315,0.4227642276422764,0.3123359580052494
Jamal Pogues,Orthodox,No,No,No,Jamal Pogues,0.0,0.5555555555555555,0.0,0.0,0.7962962962962963,10.444444444444445,2.4444444444444446,2.0,12.222222222222223,2.2222222222222223,0.4444444444444444,14.888888888888888,35.44444444444444,16.88888888888889,37.77777777777778,1.3333333333333333,29.88888888888889,3.5555555555555554,2.0,32.22222222222222,2.777777777777778,0.4444444444444444,0.0,0.2222222222222222,0.0,0.0,0.4425925925925926,9.11111111111111,6.666666666666667,5.333333333333333,20.11111111111111,1.0,0.0,21.11111111111111,39.44444444444445,29.444444444444443,49.88888888888889,0.8888888888888888,25.444444444444446,8.555555555555555,5.4444444444444455,38.0,1.4444444444444446,0.0,0.6666666666666666,16.333333333333332,1.888888888888889,0.1111111111111111,17.88888888888889,0.4444444444444444,0.0,18.333333333333332,20.444444444444446,0.41666666666666663,0.34944237918215615,0.6875000000000001,0.27777777777777773,0.37931034482758624,0.7999999999999999,1.0,0.42006269592476486,0.4470588235294118,0.75,0.6419213973799127,0.22077922077922074,0.9591836734693877,0.4707602339181287,0.3076923076923078,,0.46478873239436624,0.4097995545657016
Thomas Petersen,,No,No,No,Thomas Petersen,0.0,0.3333333333333333,0.0,0.0,0.9277777777777777,8.666666666666666,10.0,0.6666666666666666,18.0,1.3333333333333333,0.0,19.333333333333332,28.666666666666668,38.666666666666664,51.0,2.0,16.666666666666668,11.333333333333334,0.6666666666666666,27.0,1.6666666666666667,0.0,0.0,0.0,0.0,0.0,0.0222222222222222,14.333333333333334,5.0,2.3333333333333335,18.666666666666668,3.0,0.0,21.666666666666668,41.333333333333336,22.0,41.666666666666664,0.0,31.333333333333332,7.666666666666667,2.3333333333333335,37.0,4.333333333333333,0.0,0.0,17.0,2.6666666666666665,0.0,18.333333333333332,1.3333333333333333,0.0,19.666666666666668,19.666666666666668,0.16666666666666666,0.5199999999999999,0.8823529411764706,0.5,0.6666666666666666,0.7999999999999999,,0.6744186046511628,0.7581699346405228,,0.5425531914893617,0.34782608695652173,1.0,0.49549549549549543,0.3076923076923076,,0.47580645161290325,0.472
Natalia Silva,,No,No,No,Natalia Silva,0.15,0.16666666666666666,0.0,0.06666666666666667,0.2594444444444444,12.166666666666666,4.0,4.8,19.733333333333334,0.15,1.0833333333333333,20.966666666666665,46.98333333333333,26.233333333333334,52.73333333333333,0.5166666666666667,34.483333333333334,7.233333333333333,5.266666666666667,45.1,0.2833333333333333,1.5999999999999999,0.0,0.15,0.13333333333333333,0.0,1.0858333333333334,4.466666666666667,2.8833333333333333,2.316666666666667,8.950000000000001,0.7166666666666667,0.0,9.666666666666666,27.8,13.433333333333332,32.56666666666667,1.75,19.55,5.116666666666666,3.1333333333333333,26.766666666666666,1.0333333333333334,0.0,1.5999999999999999,15.083333333333334,2.2333333333333334,0.8166666666666668,17.816666666666666,0.31666666666666665,0.0,18.133333333333333,19.133333333333333,0.32258064516129026,0.3528274528757854,0.5529953917050692,0.03164556962025316,0.43754619364375463,0.5294117647058824,0.6770833333333334,0.44625753813409014,0.49747155499367895,0.9142857142857143,0.7715260017050298,0.4364820846905537,0.9521276595744681,0.6656288916562889,0.30645161290322587,,0.6522781774580336,0.5875127942681679
Viviane Araujo,Orthodox,No,No,No,Viviane Araujo,0.01818181818181818,0.36363636363636365,0.12727272727272726,0.0,0.9318181818181819,16.745454545454542,3.1818181818181817,1.7454545454545454,21.09090909090909,0.2363636363636364,0.34545454545454546,21.672727272727272,46.72727272727273,29.29090909090909,55.8,1.818181818181818,40.527272727272724,4.090909090909091,2.1090909090909093,45.65454545454545,0.5272727272727272,0.5454545454545454,0.01818181818181818,0.10909090909090909,0.0,0.01818181818181818,0.2909090909090909,15.527272727272727,5.0,3.781818181818182,21.672727272727272,2.290909090909091,0.34545454545454546,24.30909090909091,55.36363636363636,33.345454545454544,65.89090909090909,0.509090909090909,43.41818181818182,7.436363636363637,4.50909090909091,51.909090909090914,2.963636363636364,0.4909090909090909,0.4,27.890909090909087,2.4363636363636365,0.7272727272727273,30.236363636363638,0.6727272727272727,0.14545454545454545,31.054545454545455,32.54545454545455,0.20000000000000004,0.41318977119784656,0.7777777777777778,0.17241379310344826,0.4619673436877738,0.4482758620689656,0.6333333333333334,0.46381322957198445,0.5249266862170088,0.7857142857142857,0.6423785594639866,0.3276283618581908,0.9758064516129032,0.5824868651488617,0.22699386503067487,0.2962962962962963,0.560919540229885,0.4939293598233996
Arnold Allen,Southpaw,No,No,No,Arnold Allen,0.05484848484848485,0.1996969696969697,0.07818181818181819,0.0,0.5189444444444444,11.377272727272729,3.173030303030303,1.142121212121212,14.562121212121212,0.5036363636363637,0.6266666666666667,15.692424242424243,43.258181818181825,18.064242424242423,45.88939393939394,0.4075757575757576,35.944242424242425,5.575454545454545,1.7384848484848483,41.31090909090909,0.9963636363636365,0.9509090909090909,0.0,0.31060606060606066,0.06818181818181819,0.02,0.4931717171717171,10.82030303030303,5.286666666666667,3.6954545454545453,18.526969696969694,1.0296969696969698,0.24575757575757576,19.802424242424244,40.17030303030303,24.065454545454546,45.514848484848486,1.2578787878787878,29.257575757575758,6.633636363636365,4.279090909090909,38.39272727272727,1.4636363636363636,0.31393939393939396,0.9472727272727273,18.437272727272727,1.346969696969697,0.5836363636363636,19.865757575757577,0.43393939393939396,0.06818181818181819,20.367878787878787,21.44939393939394,0.4899628252788104,0.3165255951979497,0.5691070166856894,0.11486839811748302,0.35250062350542083,0.5054744525547445,0.6590184831102613,0.36276199282672045,0.3936474394954931,0.7530715490243314,0.6301708959088554,0.20305148234434245,0.9274130727285603,0.5174354360042939,0.29648033126293993,0.21718146718146725,0.5070382160800229,0.4712614597966698
Movsar Evloev,Orthodox,No,No,No,Movsar Evloev,0.0,1.5833333333333333,0.08333333333333333,0.0,1.9569444444444446,17.75,2.5,1.875,16.0,2.0416666666666665,4.083333333333333,22.125,45.708333333333336,42.666666666666664,69.0,3.4166666666666665,40.458333333333336,2.9583333333333335,2.2916666666666665,38.375,2.625,4.708333333333333,0.0,0.3333333333333333,0.3333333333333333,0.125,0.24375,9.291666666666666,3.8333333333333335,1.3333333333333333,11.708333333333334,1.5416666666666667,1.2083333333333333,14.458333333333334,37.166666666666664,19.5,44.166666666666664,1.1666666666666667,29.916666666666668,5.5,1.75,33.583333333333336,1.9166666666666667,1.6666666666666667,0.8333333333333334,20.625,1.6666666666666667,0.4166666666666667,21.875,0.375,0.4583333333333333,22.708333333333332,24.666666666666668,0.4634146341463415,0.4387229660144181,0.8450704225352113,0.6909090909090909,0.4169381107491857,0.7777777777777777,0.8672566371681416,0.4840474020054694,0.6183574879227053,0.7142857142857143,0.6894150417827298,0.303030303030303,0.8095238095238095,0.6513647642679901,0.19565217391304346,0.275,0.6109865470852017,0.5584905660377358
Brad Katona,Orthodox,No,No,No,Brad Katona,0.0,0.5,0.0,0.0,1.1157407407407407,15.888888888888891,3.277777777777778,4.388888888888889,18.0,3.8888888888888893,1.6666666666666667,23.555555555555557,47.27777777777778,29.722222222222225,54.944444444444436,1.8333333333333333,36.88888888888889,5.388888888888889,5.0,39.166666666666664,5.833333333333333,2.2777777777777777,0.0,0.5,0.05555555555555555,0.05555555555555555,0.5527777777777777,17.833333333333332,4.555555555555556,2.5,20.444444444444446,2.7777777777777772,1.6666666666666667,24.88888888888889,47.888888888888886,37.0,60.88888888888889,1.0555555555555556,38.27777777777778,6.833333333333333,2.777777777777778,42.166666666666664,3.5,2.222222222222222,0.5555555555555556,20.444444444444443,2.2777777777777777,0.27777777777777773,21.722222222222218,0.7222222222222223,0.5555555555555555,23.0,23.88888888888889,0.27272727272727276,0.4307228915662651,0.6082474226804124,0.1,0.45957446808510644,0.6666666666666667,0.7317073170731708,0.4982373678025852,0.5409504550050558,0.5263157894736843,0.5341074020319303,0.33333333333333315,0.8200000000000001,0.5151515151515151,0.2063492063492065,0.2499999999999999,0.4802784222737818,0.39233576642335766
Garrett Armfield,Orthodox,No,No,No,Garrett Armfield,0.0,0.0,0.0,0.0,0.3111111111111111,19.833333333333332,4.666666666666667,2.0,24.333333333333332,2.1666666666666665,0.0,26.5,48.5,36.166666666666664,58.666666666666664,0.6666666666666666,40.0,6.5,2.0,45.833333333333336,2.6666666666666665,0.0,0.0,1.3333333333333333,0.16666666666666666,0.0,1.6777777777777778,13.333333333333334,4.0,1.3333333333333333,14.166666666666666,4.0,0.5,18.666666666666668,44.666666666666664,24.666666666666668,52.666666666666664,3.0,38.333333333333336,4.833333333333333,1.5,36.833333333333336,7.0,0.8333333333333334,1.6666666666666667,25.0,0.8333333333333334,0.16666666666666666,22.666666666666668,3.0,0.3333333333333333,26.0,28.0,0.0,0.4958333333333333,0.717948717948718,0.0,0.5309090909090909,0.8125,,0.5463917525773195,0.6164772727272727,0.5555555555555556,0.6521739130434783,0.17241379310344818,0.11111111111111116,0.6153846153846154,0.4285714285714286,0.4,0.5820895522388059,0.5316455696202531
Charles Jourdain,Switch,No,No,No,Charles Jourdain,0.17855477855477855,0.030303030303030304,0.17692307692307693,0.0,0.6342035742035742,15.001165501165502,7.3240093240093245,5.027039627039628,20.149650349650347,5.0048951048951045,2.197668997668998,27.352214452214454,55.942657342657334,36.053613053613056,65.34172494172493,0.3027972027972028,39.62587412587413,10.421445221445222,5.895337995337996,46.0037296037296,6.426573426573427,3.512354312354312,0.05128205128205129,0.7216783216783217,0.14522144522144523,0.025641025641025644,0.7582672882672883,12.347319347319347,4.46037296037296,3.8862470862470864,17.472261072261073,2.4508158508158506,0.770862470862471,20.69393939393939,48.78531468531469,28.121445221445224,57.56759906759907,1.3993006993006993,37.88951048951049,6.666200466200466,4.22960372960373,44.21491841491841,3.3004662004662,1.26993006993007,0.6776223776223776,25.542191142191143,2.205827505827506,0.34335664335664334,26.742657342657342,0.8496503496503497,0.49906759906759907,28.09137529137529,29.446153846153848,0.10007698229407237,0.3785699579399394,0.7027824997763265,0.005140168439365782,0.43800036482295945,0.7787812840043524,0.6256968409875233,0.48893305665974995,0.5517701451219339,0.4842578710644678,0.6741230174842814,0.3308972655430449,0.8293744833287408,0.6048333526639322,0.2574334345645879,0.39298825256975034,0.5758162158546317,0.5115056789423602
Sean Woodson,Orthodox,No,No,No,Sean Woodson,0.10317460317460318,0.27777777777777773,0.16666666666666666,0.0,0.45701058201058203,20.0,4.277777777777778,3.4047619047619047,25.38095238095238,2.0238095238095237,0.2777777777777778,27.682539682539684,59.32539682539683,40.80952380952381,74.54761904761905,0.4444444444444445,49.18253968253968,6.261904761904762,3.8809523809523814,56.32539682539683,2.507936507936508,0.49206349206349204,0.09523809523809523,0.373015873015873,0.1111111111111111,0.05555555555555555,1.0732804232804234,10.023809523809524,4.992063492063491,5.4444444444444455,17.53174603174603,2.507936507936508,0.42063492063492064,20.46031746031746,49.166666666666664,23.333333333333332,52.68253968253968,2.7222222222222228,33.55555555555555,8.46031746031746,7.150793650793651,44.6984126984127,3.5634920634920633,0.9047619047619048,2.3492063492063493,23.531746031746035,3.4682539682539684,1.7063492063492063,27.166666666666668,1.0555555555555556,0.48412698412698413,28.706349206349206,29.34920634920635,0.6249999999999999,0.4066483782475392,0.6831432192648923,0.07157464212678935,0.45061293504297584,0.8069620253164557,0.5645161290322581,0.4666220735785953,0.5474289364420313,0.8629737609329446,0.7012771996215704,0.4099437148217637,0.9478357380688124,0.6077769886363638,0.2962138084632516,0.5350877192982456,0.5838579499596449,0.5570955106959927
Chris Curtis,Orthodox,No,No,No,Chris Curtis,0.1369047619047619,0.0,0.0,0.0,0.07698412698412697,19.16071428571429,8.553571428571429,1.5476190476190474,25.458333333333332,3.2261904761904763,0.5773809523809524,29.26190476190476,59.25595238095238,31.75,62.17857142857142,0.0,45.85119047619048,11.56547619047619,1.8392857142857142,54.75595238095238,3.7380952380952386,0.7619047619047619,0.0,0.125,0.08333333333333333,0.0,0.28482142857142856,19.988095238095237,6.44047619047619,5.654761904761905,29.547619047619047,2.3452380952380953,0.19047619047619047,32.083333333333336,67.14880952380952,32.86309523809524,68.02380952380952,2.2916666666666665,52.077380952380956,8.93452380952381,6.136904761904762,62.958333333333336,3.714285714285714,0.4761904761904762,2.1666666666666665,32.089285714285715,2.494047619047619,0.48214285714285715,33.410714285714285,1.3690476190476193,0.2857142857142857,35.06547619047619,35.160714285714285,,0.417889134103596,0.739577972207926,0.0,0.46494184150451134,0.8630573248407643,0.7578125000000001,0.49382219989954795,0.5106260769672603,0.9454545454545454,0.616184706823637,0.27914723517654905,0.979631425800194,0.5306797768743501,0.3685897435897435,0.6000000000000001,0.5222054782377448,0.5168883444172208
Marc-Andre Barriault,Orthodox,No,No,No,Marc-Andre Barriault,0.10277777777777779,0.061111111111111116,0.027777777777777776,0.027777777777777776,0.46754629629629624,21.594444444444445,5.638888888888888,2.513888888888889,19.494444444444444,7.7,2.5527777777777776,29.747222222222224,61.93888888888889,34.46111111111111,67.55277777777779,0.2638888888888889,51.56388888888889,7.427777777777777,2.9472222222222224,47.26666666666667,11.213888888888889,3.4583333333333335,0.027777777777777776,0.7000000000000001,0.075,0.027777777777777776,1.0199999999999998,17.04722222222222,7.344444444444444,1.8694444444444445,19.125,6.288888888888889,0.8472222222222223,26.26111111111111,55.644444444444446,31.925,62.09722222222222,2.15,44.26666666666667,9.238888888888889,2.138888888888889,46.11666666666667,8.597222222222223,0.9305555555555557,1.45,27.219444444444445,1.8944444444444446,0.26944444444444443,26.991666666666664,2.308333333333333,0.08333333333333333,29.383333333333336,30.172222222222228,0.23157894736842108,0.4187900662608415,0.7591623036649214,0.020735155513666354,0.4124353549600375,0.6866485013623979,0.7381526104417669,0.48026728854605794,0.5101361075702124,0.6744186046511628,0.6148970883534137,0.20505111244738428,0.6727272727272726,0.5852909288037587,0.2684975767366722,0.08955223880597019,0.5280551118210863,0.4858868262133751
Gillian Robertson,Orthodox,No,No,No,Gillian Robertson,0.0,0.7222222222222222,0.34027777777777773,0.125,1.8480324074074073,7.770833333333333,2.368055555555556,2.1597222222222223,6.979166666666667,0.611111111111111,4.708333333333333,12.298611111111112,27.118055555555554,19.395833333333332,36.15277777777778,1.7777777777777777,20.222222222222225,4.0,2.8958333333333335,19.930555555555557,0.8194444444444445,6.3680555555555545,0.0,0.23611111111111108,0.06944444444444443,0.14583333333333334,0.954861111111111,11.486111111111109,2.0208333333333335,1.3194444444444444,10.215277777777777,1.3194444444444444,3.2916666666666665,14.826388888888888,33.97222222222222,26.833333333333332,47.479166666666664,0.47222222222222227,29.5625,2.680555555555556,1.7291666666666667,28.652777777777775,1.625,3.694444444444444,0.23611111111111108,18.07638888888889,0.6597222222222222,0.40972222222222227,18.4375,0.3055555555555555,0.40277777777777773,19.145833333333332,20.645833333333332,0.40625,0.38427197802197793,0.592013888888889,0.24940047961630693,0.3501742160278746,0.7457627118644067,0.7393675027262814,0.45352112676056344,0.5364963503649635,0.5000000000000001,0.6114634719285883,0.24611398963730569,0.8634538152610443,0.6434803683955405,0.18803418803418803,0.10902255639097747,0.563573180703189,0.4348398420359807
Polyana Viana,Orthodox,No,No,No,Polyana Viana,0.03333333333333333,0.16666666666666666,0.3,0.03333333333333333,0.2427777777777778,7.1000000000000005,4.3,2.8000000000000003,11.466666666666667,1.3222222222222222,1.4111111111111112,14.200000000000001,36.5,31.677777777777777,58.34444444444444,0.4666666666666666,26.888888888888886,6.388888888888888,3.2222222222222228,33.06666666666667,1.7333333333333334,1.7,0.03333333333333333,0.6555555555555556,0.13333333333333333,0.03333333333333333,1.9561111111111111,6.833333333333333,3.8666666666666667,2.966666666666667,10.022222222222222,1.3,2.3444444444444446,13.666666666666666,28.900000000000002,21.38888888888889,40.333333333333336,1.1888888888888889,19.18888888888889,6.022222222222222,3.6888888888888887,24.322222222222223,1.4333333333333333,3.1444444444444444,0.5333333333333333,12.355555555555556,2.1555555555555554,0.7222222222222222,14.299999999999999,0.13333333333333333,0.7999999999999999,15.233333333333334,18.944444444444443,0.35714285714285715,0.2640495867768596,0.6730434782608696,0.05172413793103447,0.34677419354838707,0.7628205128205128,0.8300653594771242,0.38904109589041097,0.5429442011045515,0.44859813084112155,0.6438911407064274,0.3579335793357934,0.822289156626506,0.5879396984924623,0.09302325581395343,0.25441696113074197,0.5271049596309112,0.4696969696969697
Jasmine Jasudavicius,Orthodox,No,No,No,Jasmine Jasudavicius,0.05555555555555555,0.611111111111111,0.16666666666666666,0.05555555555555555,2.4,13.611111111111109,4.444444444444445,0.9444444444444443,11.333333333333334,2.611111111111111,5.055555555555555,19.0,41.611111111111114,45.77777777777778,75.22222222222221,1.8333333333333333,33.55555555555556,6.9444444444444455,1.1111111111111112,31.222222222222218,3.9444444444444446,6.444444444444444,0.0,0.16666666666666666,0.0,0.0,0.17777777777777773,11.722222222222223,3.9444444444444446,4.111111111111112,17.666666666666668,1.3333333333333333,0.7777777777777778,19.777777777777775,40.611111111111114,24.222222222222225,45.55555555555555,0.8333333333333334,30.944444444444446,5.222222222222222,4.444444444444445,37.94444444444445,1.5,1.1666666666666667,0.6666666666666666,19.222222222222225,1.277777777777778,0.3333333333333333,20.27777777777778,0.16666666666666666,0.38888888888888884,20.833333333333332,21.333333333333332,0.3333333333333333,0.4056291390728476,0.6399999999999999,0.5499999999999999,0.3629893238434164,0.6619718309859155,0.7844827586206897,0.45660881174899864,0.6085672082717873,0.8,0.6211849192100538,0.24468085106382975,0.9625,0.5344070278184481,0.11111111111111116,0.33333333333333337,0.5129958960328318,0.46829268292682913
Priscila Cachoeira,Orthodox,No,No,No,Priscila Cachoeira,0.06666666666666667,0.03333333333333333,0.0,0.09523809523809523,0.09277777777777778,13.395238095238097,3.7047619047619045,1.1333333333333333,15.11904761904762,2.1857142857142855,0.9285714285714285,18.233333333333334,41.44761904761905,19.023809523809522,42.51904761904762,0.09999999999999999,34.53333333333333,5.466666666666666,1.4476190476190476,37.20952380952381,3.0952380952380953,1.142857142857143,0.09523809523809523,0.6095238095238095,0.5666666666666668,0.12857142857142856,1.7975396825396828,27.328571428571426,4.166666666666667,1.776190476190476,22.142857142857142,2.233333333333333,8.895238095238096,33.27142857142857,58.76666666666667,55.771428571428565,84.6047619047619,1.8428571428571427,51.14761904761905,5.585714285714285,2.033333333333333,44.576190476190476,3.9904761904761905,10.2,1.2333333333333334,23.81904761904762,1.4190476190476191,0.2571428571428571,22.433333333333337,1.7571428571428571,1.3047619047619048,25.495238095238093,28.833333333333332,0.33333333333333337,0.3878929950358523,0.6777003484320558,0.023026315789473683,0.4063219861786537,0.706153846153846,0.8124999999999998,0.43991268382352944,0.44741852391085224,0.669250645994832,0.4656922074294759,0.25404944586530254,0.7002341920374707,0.5032581989103728,0.4403341288782817,0.12791783380018662,0.4338384247629852,0.34080036021838245
Jimmy Flick,Orthodox,No,No,No,Jimmy Flick,0.0,0.375,0.875,0.0,0.30000000000000004,2.125,1.0,1.0,4.125,0.0,0.0,4.125,9.625,4.75,10.25,1.75,6.125,1.75,1.75,9.625,0.0,0.0,0.125,0.375,0.125,0.125,1.0770833333333334,17.0,3.5,2.75,15.875,1.25,6.125,23.25,36.875,30.375,46.875,0.375,29.375,4.5,3.0,26.5,1.25,9.125,0.0,12.375,1.0,0.25,10.625,0.0,3.0,13.625,16.5,0.21428571428571427,0.3469387755102041,0.5714285714285714,0.21428571428571427,0.42857142857142855,,,0.42857142857142855,0.4634146341463415,0.0,0.4212765957446809,0.2222222222222222,0.875,0.40094339622641506,0.0,0.3287671232876712,0.36949152542372876,0.352
Malcolm Gordon,Switch,No,No,No,Malcolm Gordon,0.0,0.42063492063492064,0.20634920634920637,0.20634920634920637,1.3562169312169312,9.222222222222221,0.3968253968253968,0.5158730158730159,4.912698412698412,1.6904761904761905,3.5317460317460316,10.134920634920634,20.1031746031746,21.412698412698415,33.23809523809524,1.2857142857142858,18.88888888888889,0.4444444444444444,0.7698412698412698,13.992063492063492,1.9126984126984123,4.198412698412699,0.09523809523809523,1.1904761904761905,0.5317460317460317,0.047619047619047616,1.6341269841269839,3.9523809523809526,1.4126984126984123,1.0476190476190477,4.095238095238095,0.38095238095238093,1.9365079365079365,6.412698412698412,11.055555555555557,21.0,26.0,1.3809523809523807,8.15079365079365,1.857142857142857,1.0476190476190477,8.26984126984127,0.49206349206349204,2.293650793650794,0.19047619047619047,4.198412698412699,0.4444444444444444,0.0,4.174603174603175,0.1111111111111111,0.35714285714285715,4.642857142857143,5.0,0.32716049382716045,0.488235294117647,0.8928571428571429,0.5463917525773196,0.35110606920022686,0.8838174273858923,0.8412098298676748,0.5041452822739835,0.6442215854823304,0.13793103448275845,0.5150925024342745,0.23931623931623947,-0.13636363636363624,0.5047984644913628,0.22580645161290325,0.1557093425605537,0.4199569274946161,0.1923076923076923
Mike Malott,Orthodox,No,No,No,Mike Malott,0.25,1.25,0.25,0.16666666666666666,1.6833333333333336,6.416666666666667,2.4166666666666665,2.75,8.0,0.08333333333333333,3.5,11.583333333333334,18.75,23.25,31.916666666666668,1.9166666666666667,12.916666666666666,2.6666666666666665,3.1666666666666665,14.333333333333334,0.08333333333333333,4.333333333333333,0.0,0.4166666666666667,0.0,0.0,0.6222222222222222,17.0,1.5,0.3333333333333333,4.083333333333333,0.08333333333333333,14.666666666666666,18.833333333333332,30.833333333333332,33.416666666666664,46.416666666666664,0.5833333333333334,28.25,1.9166666666666667,0.6666666666666666,11.833333333333334,0.3333333333333333,18.666666666666668,0.16666666666666666,11.25,0.4166666666666667,0.3333333333333333,7.75,0.25,4.0,12.0,13.0,0.6521739130434783,0.49677419354838714,0.90625,0.39473684210526316,0.5581395348837209,1.0,0.8076923076923077,0.6177777777777778,0.7284595300261096,0.2857142857142857,0.3982300884955752,0.21739130434782616,0.3749999999999999,0.6549295774647887,0.75,0.2142857142857144,0.3891891891891892,0.2800718132854578
Neil Magny,Orthodox,No,No,No,Neil Magny,0.013657407407407406,0.5348228663446054,0.1138184380032206,0.013657407407407406,0.713299282071927,9.324104267310789,2.4074174718196457,1.2294283413848632,8.14662842190016,2.2790458937198066,2.53527576489533,12.960950080515298,29.278743961352653,23.00605877616747,40.27937801932367,1.6546900161030595,24.314261272141707,3.215257648953301,1.7492250402576488,22.67112520128824,3.211946457326892,3.3956723027375206,0.29282407407407407,0.5018317230273752,0.05476046698872785,0.11875,1.844523953301127,6.267421497584541,1.3092391304347826,2.5933876811594203,7.260507246376811,0.8109500805152979,2.0985909822866344,10.170048309178744,23.82738526570048,18.539985909822867,33.02910628019323,0.9156602254428341,18.913858695652173,1.992703301127214,2.920823268921095,18.558101851851852,1.747363123993559,3.5219202898550726,0.41382850241545893,12.646437198067634,0.6834641706924315,0.3274355877616747,11.297594605475041,0.9364130434782609,1.423329307568438,13.657336956521737,14.489120370370369,0.3232163493704762,0.3834829346838503,0.7487479184143638,0.30574846233954533,0.35933939535728227,0.7095528907466652,0.7466196790695744,0.4426743885469776,0.5711622151943488,0.45194548252363154,0.6686333762752883,0.3429834086719361,0.8281882617250089,0.6087688652461885,0.5359006554619913,0.4041344466734107,0.5731781647137537,0.4386773365121037
Mayra Bueno Silva,Orthodox,No,No,Yes,Mayra Bueno Silva,0.0,0.2885714285714286,0.48285714285714293,0.0,0.6825238095238094,7.2457142857142856,4.251428571428571,2.782857142857143,9.805714285714284,3.6542857142857144,0.82,14.280000000000001,23.162857142857142,19.96,29.32857142857143,1.0457142857142858,14.14,5.26,3.7628571428571433,17.865714285714283,4.1657142857142855,1.1314285714285715,0.0,0.32571428571428573,0.4,0.2571428571428571,2.440238095238095,16.448571428571427,6.814285714285714,2.8542857142857145,12.777142857142858,4.268571428571429,9.071428571428573,26.11714285714286,47.034285714285716,48.754285714285714,72.45714285714286,1.0142857142857142,35.53142857142857,8.237142857142857,3.265714285714286,31.251428571428573,4.86,10.922857142857143,0.6885714285714286,19.082857142857144,1.4228571428571428,0.41142857142857137,18.474285714285713,0.5914285714285714,1.8514285714285712,20.917142857142856,23.70285714285714,0.27595628415300544,0.5124267528793696,0.8082563824008691,0.07668944570994685,0.5488565488565489,0.8772290809327847,0.7247474747474747,0.6165042555815963,0.6805650267900634,0.6788732394366197,0.537069797362496,0.17273673257023936,0.9002624671916011,0.5911501188517096,0.12169312169312174,0.1695003923620193,0.4447211760417932,0.3271293375394322
Raquel Pennington,Orthodox,Yes,No,Yes,Raquel Pennington,0.0,0.19882352941176468,0.3197385620915033,0.12352941176470589,1.5238082788671021,12.392549019607843,5.278823529411765,2.487712418300654,10.115555555555556,5.440261437908497,4.60326797385621,20.15908496732026,36.80196078431372,34.192549019607846,52.60052287581699,0.8800000000000001,27.802222222222223,6.333856209150326,2.665882352941176,25.00993464052288,6.396601307189543,5.395424836601308,0.0,0.5219607843137255,0.13686274509803922,0.013333333333333332,1.1569564270152506,9.380522875816993,4.2159477124183,2.182483660130719,10.052418300653596,4.3681045751633985,1.3584313725490196,15.778954248366015,35.07660130718954,24.368496732026145,45.16901960784314,1.2593464052287582,25.206013071895423,6.729150326797385,3.1414379084967323,27.548758169934636,5.84718954248366,1.680653594771242,0.7373856209150327,15.82549019607843,2.513202614379085,0.9589542483660131,17.496339869281044,1.4790849673202615,0.32222222222222224,19.29764705882353,20.800522875816995,0.22593582887700528,0.44573951393362077,0.8334296446113841,0.07458075904677847,0.40446149503987955,0.8504925001021784,0.8531798909751666,0.5477720354485234,0.6500419986381507,0.5855304131201993,0.6278458299192018,0.3734799331753371,0.8338465379494008,0.6351044849773189,0.2529565625628759,0.19172435249280562,0.5501572655178582,0.4605041919529552
Dricus Du Plessis,Switch,Yes,No,Yes,Dricus Du Plessis,0.12857142857142856,1.0285714285714285,0.15714285714285714,0.02857142857142857,0.6106349206349206,21.057142857142857,5.0095238095238095,4.623809523809524,26.56190476190476,1.9904761904761905,2.138095238095238,30.690476190476193,67.22380952380952,33.142857142857146,70.46190476190476,2.1523809523809527,54.71428571428571,6.285714285714286,6.223809523809524,61.03809523809524,3.0238095238095237,3.1619047619047618,0.0,0.08571428571428572,0.02857142857142857,0.05714285714285714,0.15706349206349207,25.219047619047622,3.0142857142857142,1.0380952380952382,28.20952380952381,0.7761904761904762,0.2857142857142857,29.271428571428572,64.47142857142858,31.195238095238096,66.65714285714286,0.1857142857142857,59.06666666666668,4.3047619047619055,1.1,62.97619047619048,1.0380952380952382,0.45714285714285713,0.09999999999999999,33.84761904761905,1.2904761904761906,0.06190476190476191,34.766666666666666,0.2619047619047619,0.17142857142857143,35.2,35.46190476190476,0.4778761061946901,0.38485639686684076,0.796969696969697,0.1652639632746748,0.4351692931814635,0.6582677165354331,0.6762048192771084,0.4565417581639159,0.47036561465161864,0.5384615384615383,0.5730409545307966,0.299778761061947,0.922077922077922,0.5520604914933838,0.2522935779816514,0.375,0.5459782849545757,0.5320045720817259
Sean Strickland,Orthodox,Yes,No,Yes,Sean Strickland,0.06571428571428571,0.22666666666666666,0.04507936507936507,0.0,0.4521058201058201,26.354603174603177,4.186031746031746,1.2784126984126984,29.67206349206349,1.0231746031746032,1.1238095238095238,31.81904761904762,72.70730158730159,34.55936507936508,76.05111111111111,0.36190476190476184,65.30031746031746,5.8336507936507935,1.5733333333333335,69.36730158730158,1.466984126984127,1.8730158730158728,0.030158730158730156,0.21555555555555556,0.0,0.0,0.24692063492063493,10.640952380952381,7.707301587301588,4.425079365079365,21.276190476190475,0.9269841269841269,0.5701587301587302,22.773333333333333,59.756190476190476,24.646984126984126,61.87936507936509,0.9136507936507936,41.38920634920635,12.534603174603173,5.832380952380952,57.57206349206349,1.2419047619047618,0.9422222222222223,0.6980952380952381,30.74825396825397,4.827301587301587,1.4073015873015873,36.29587301587302,0.31492063492063493,0.3720634920634921,36.98285714285714,37.23238095238095,0.6263157894736843,0.4035907358431861,0.7175663909447105,0.14406779661016947,0.42775288663521077,0.6974680805020558,0.6000000000000001,0.4376320799203591,0.45442288185472596,0.7640722724113969,0.7429051359145855,0.3851180224901225,0.9630415850206836,0.6304424544532181,0.2535787321063395,0.39487870619946097,0.6188958306770369,0.6016930022573364
Ramon Taveras,,No,No,No,Ramon Taveras,0.3333333333333333,0.0,0.0,0.0,0.03333333333333333,16.0,2.6666666666666665,2.0,20.0,0.3333333333333333,0.3333333333333333,20.666666666666668,49.0,20.666666666666668,49.333333333333336,0.0,43.666666666666664,3.3333333333333335,2.0,48.0,0.3333333333333333,0.6666666666666666,0.0,0.0,0.0,0.0,0.13333333333333333,17.0,6.666666666666667,2.6666666666666665,24.333333333333332,2.0,0.0,26.333333333333332,75.33333333333333,27.0,76.33333333333333,1.3333333333333333,60.333333333333336,12.0,3.0,72.66666666666667,2.6666666666666665,0.0,1.3333333333333333,43.333333333333336,5.333333333333333,0.3333333333333333,48.333333333333336,0.6666666666666666,0.0,49.0,49.333333333333336,,0.366412213740458,0.7999999999999999,0.0,0.4166666666666667,1.0,0.5,0.4217687074829932,0.4189189189189189,1.0,0.718232044198895,0.4444444444444444,1.0,0.6651376146788992,0.25,,0.6504424778761062,0.6462882096069869
Serhiy Sidey,,No,No,No,Serhiy Sidey,0.0,0.0,0.0,0.0,0.13333333333333333,17.0,6.666666666666667,2.6666666666666665,24.333333333333332,2.0,0.0,26.333333333333332,75.33333333333333,27.0,76.33333333333333,1.3333333333333333,60.333333333333336,12.0,3.0,72.66666666666667,2.6666666666666665,0.0,0.3333333333333333,0.0,0.0,0.0,0.03333333333333333,16.0,2.6666666666666665,2.0,20.0,0.3333333333333333,0.3333333333333333,20.666666666666668,49.0,20.666666666666668,49.333333333333336,0.0,43.666666666666664,3.3333333333333335,2.0,48.0,0.3333333333333333,0.6666666666666666,0.0,27.666666666666668,0.6666666666666666,0.0,28.0,0.0,0.3333333333333333,28.333333333333332,28.666666666666668,0.0,0.281767955801105,0.5555555555555556,0.0,0.33486238532110085,0.75,,0.3495575221238938,0.35371179039301315,,0.633587786259542,0.20000000000000007,1.0,0.5833333333333333,0.0,0.5,0.5782312925170068,0.5810810810810811
Sam Patterson,,No,No,No,Sam Patterson,0.0,0.5,0.5,0.0,0.3416666666666667,3.0,0.0,0.5,3.5,0.0,0.0,3.5,8.5,3.5,8.5,0.5,7.0,0.0,1.5,8.5,0.0,0.0,0.0,0.5,0.0,0.0,0.09999999999999995,7.5,0.0,0.5,1.5,0.0,6.5,8.0,14.5,8.0,14.5,0.5,13.0,0.0,1.5,6.5,0.0,8.0,0.0,5.5,0.0,1.0,5.0,0.0,1.5,6.5,6.5,1.0,0.42857142857142855,,0.3333333333333333,0.4117647058823529,,,0.4117647058823529,0.4117647058823529,0.0,0.42307692307692313,,0.6666666666666667,0.7692307692307692,,0.1875,0.4482758620689655,0.4482758620689655
Yohan Lainesse,Orthodox,No,No,No,Yohan Lainesse,0.16666666666666666,0.25,0.08333333333333333,0.0,0.3263888888888889,3.8333333333333335,1.9166666666666667,2.75,7.333333333333333,0.6666666666666666,0.5,8.5,22.583333333333332,9.0,23.083333333333332,0.8333333333333334,14.666666666666666,2.8333333333333335,5.083333333333333,21.416666666666668,0.6666666666666666,0.5,0.0,0.3333333333333333,0.16666666666666666,0.0,0.7097222222222221,7.416666666666667,4.25,4.75,14.0,1.0833333333333333,1.3333333333333333,16.416666666666668,38.083333333333336,19.166666666666668,40.833333333333336,2.25,25.25,6.666666666666667,6.166666666666667,33.833333333333336,2.0833333333333335,2.1666666666666665,1.9166666666666667,17.833333333333332,2.4166666666666665,1.4166666666666667,19.833333333333332,1.0,0.8333333333333334,21.666666666666668,21.666666666666668,0.3,0.2613636363636364,0.6764705882352942,0.049180327868852465,0.34241245136186765,1.0,1.0,0.3763837638376384,0.38989169675090257,0.8518518518518519,0.7062706270627063,0.36250000000000004,0.9459459459459459,0.5862068965517242,0.4800000000000001,0.3846153846153846,0.5689277899343546,0.5306122448979591
Andrei Arlovski,Orthodox,Yes,Yes,Yes,Andrei Arlovski,0.05130984643179766,0.058232733842489934,0.024390243902439025,0.004878048780487805,0.18142536475869808,8.787772029235445,2.78810051736881,2.9151186663381785,13.162026771782871,1.0928964441159565,0.23606799704360681,14.490991212942433,51.92219758561222,16.436002299416934,54.11242506364458,0.17336782458733677,43.88210560893488,4.469220661903589,3.570871314773754,49.957666091812435,1.6032602447236595,0.3612712490761271,0.05805206536913854,0.11428923380142893,0.036010511620267714,0.019692863595302618,0.43417727409597323,11.947220169171388,1.508228627740823,2.849782376611645,14.113032766691305,1.0729079412006242,1.119290465631929,16.305231173523858,44.569253510716926,19.377868112014454,48.10554323725056,0.465837234129917,38.92512934220251,2.2898825654923214,3.3542416030220905,41.246407161041304,1.6327995401166135,1.6900468095590047,0.35154800032848815,26.977909173031122,0.7816539377514987,0.5044592264104459,27.133374394350007,0.5598915989159892,0.5707563439270756,28.26402233719307,28.7276751252361,0.33589124153285016,0.200258668249642,0.6238449001041864,0.016307709998275164,0.26346360431637533,0.6816712681005385,0.6534369885433716,0.27909048319938456,0.3037380468549627,0.7546584398413397,0.6930717926679245,0.3413511022489679,0.9659269524000724,0.6578360701433029,0.34290283966885626,0.3377162932404263,0.6341596529185042,0.5971801416638158
Waldo Cortes-Acosta,,No,No,No,Waldo Cortes-Acosta,0.0,0.0,0.0,0.0,0.06944444444444443,20.25,6.0,3.0,28.333333333333332,0.9166666666666666,0.0,29.25,60.166666666666664,30.0,61.083333333333336,0.08333333333333333,48.083333333333336,8.25,3.8333333333333335,58.75,1.3333333333333333,0.08333333333333333,0.0,0.3333333333333333,0.0,0.0,0.5666666666666667,5.833333333333333,4.5,9.583333333333334,19.333333333333332,0.5,0.08333333333333333,19.916666666666668,43.166666666666664,22.166666666666668,46.0,0.8333333333333334,26.333333333333332,6.583333333333333,10.25,41.75,1.25,0.16666666666666666,0.5,20.5,2.0833333333333335,0.6666666666666666,22.416666666666668,0.75,0.08333333333333333,23.25,23.833333333333332,0.0,0.42114384748700173,0.7272727272727273,0.0,0.48226950354609927,0.6875,0.0,0.48614958448753465,0.49113233287858116,0.6000000000000001,0.7784810126582279,0.31645569620253167,0.967479674796748,0.5369261477045908,0.6,0.5,0.5386100386100385,0.5181159420289855
Farid Basharat,,No,No,No,Farid Basharat,0.0,1.4444444444444444,0.27777777777777773,0.0,2.25,8.0,3.4444444444444446,3.944444444444444,11.833333333333334,1.0555555555555556,2.5,15.388888888888888,29.666666666666668,22.38888888888889,38.333333333333336,3.6666666666666665,18.88888888888889,5.5,5.277777777777778,25.11111111111111,1.611111111111111,2.944444444444444,0.0,0.16666666666666666,0.16666666666666666,0.16666666666666666,0.48796296296296293,7.722222222222221,3.611111111111111,2.5,11.166666666666666,1.5,1.1666666666666667,13.833333333333334,32.27777777777778,23.0,41.77777777777778,0.8888888888888888,22.666666666666668,5.0,4.611111111111111,29.333333333333332,1.7777777777777777,1.1666666666666667,0.7222222222222222,14.944444444444445,1.3888888888888886,2.111111111111111,18.166666666666668,0.27777777777777773,0.0,18.444444444444446,18.77777777777778,0.3939393939393939,0.4235294117647059,0.6262626262626263,0.2736842105263158,0.47123893805309736,0.6551724137931035,0.8490566037735849,0.5187265917602996,0.5840579710144927,0.8125,0.6593137254901962,0.2777777777777778,0.963855421686747,0.6193181818181819,0.15625,0.0,0.5714285714285714,0.44946808510638303
Taylor Lapilus,Southpaw,No,No,No,Taylor Lapilus,0.1111111111111111,0.13333333333333333,0.1111111111111111,0.05555555555555555,0.7703703703703703,12.577777777777778,4.444444444444445,1.6888888888888889,13.188888888888888,4.322222222222222,1.2,18.711111111111112,40.28888888888889,22.777777777777775,44.58888888888888,0.32222222222222224,32.52222222222222,5.51111111111111,2.2555555555555555,33.62222222222223,5.188888888888889,1.4777777777777776,0.0,0.7666666666666666,0.06666666666666667,0.0,1.4512962962962963,4.677777777777778,3.3222222222222224,3.4555555555555557,9.322222222222223,1.2666666666666668,0.8666666666666667,11.455555555555556,29.255555555555556,19.244444444444444,38.199999999999996,3.477777777777778,19.0,5.588888888888889,4.666666666666667,26.255555555555556,1.8555555555555554,1.1444444444444444,2.711111111111111,14.322222222222223,2.2666666666666666,1.211111111111111,16.933333333333334,0.5888888888888889,0.2777777777777778,17.8,18.955555555555552,0.41379310344827586,0.38674410659378206,0.806451612903226,0.059113300492610835,0.39226701916721735,0.8329764453961456,0.81203007518797,0.46442360728075016,0.5108397707450785,0.7795527156549521,0.7538011695906432,0.4055666003976143,0.8357142857142857,0.6449428692340246,0.3173652694610777,0.24271844660194164,0.60843144701861,0.496218731820826
Gabriel Benitez,Southpaw,No,No,No,Gabriel Benitez,0.1369047619047619,0.047619047619047616,0.23214285714285712,0.07142857142857142,0.18541666666666665,11.666666666666666,5.136904761904762,3.857142857142857,18.428571428571427,0.613095238095238,1.6190476190476193,20.66071428571429,49.05952380952382,24.25595238095238,53.107142857142854,0.1130952380952381,37.74404761904762,6.8273809523809526,4.488095238095238,45.63690476190476,1.0714285714285714,2.3511904761904763,0.09523809523809523,0.8869047619047619,0.1607142857142857,0.0,1.110515873015873,12.154761904761905,3.3511904761904763,2.4166666666666665,14.75,1.3511904761904763,1.8214285714285714,17.922619047619047,48.56547619047618,24.78571428571429,57.279761904761905,1.9285714285714286,41.19047619047619,4.678571428571429,2.6964285714285716,44.035714285714285,2.1011904761904763,2.4285714285714284,1.0416666666666667,29.03571428571429,1.3273809523809523,0.2797619047619047,29.28571428571429,0.75,0.6071428571428572,30.642857142857142,32.49404761904762,0.42105263157894735,0.3090995111181201,0.7523975588491717,0.010610079575596816,0.40380853006391026,0.5722222222222222,0.688607594936709,0.42113564668769715,0.45673615781214977,0.5401234567901234,0.7049132947976878,0.2837150127226463,0.6710816777041944,0.6650446066504461,0.35694050991501414,0.25,0.6309596764309351,0.5672867089265301
Jim Miller,Southpaw,No,No,No,Jim Miller,0.059970789798899,0.4555443208628244,0.48655207280080887,0.05661161667228401,0.9343633674119012,7.5086956521739125,2.527008201325694,2.7104033254690485,8.984597236265587,1.9813391753735534,1.7801707673295135,12.746107178968655,30.16027412650264,17.971059431524548,36.13315357824963,1.0367374452308729,23.440613414223122,3.53816425120773,3.1814964610717897,24.25158970902146,3.1272778339512413,2.781406583529941,0.018863049095607234,0.4824401752612066,0.19470845972362652,0.09332659251769464,1.2348608770550125,9.78492304235479,3.089023705201663,1.378755196045388,10.458768677676666,1.754780361757106,2.039152904168071,14.252701943601842,33.98230535894843,23.07080103359173,43.90083136726211,0.9653409729243906,27.87875519604539,4.271598696775643,1.8319514661274015,28.052050331423434,2.5926749803392877,3.337580047185709,0.4829007976631839,18.093832153690595,1.1825749915739805,0.4531962700820132,17.59328165374677,0.8378946185821817,1.2984271430176386,19.729603415346592,20.830030333670376,0.4394018205461639,0.3203284623779445,0.7142144970977862,0.14318555008210182,0.3704745686392413,0.6335667249846422,0.6400253662556094,0.42261244461860875,0.4973565175429978,0.5002385801571139,0.6490186533241347,0.2768459950291282,0.7366523162968687,0.6271656241126542,0.3231776543284771,0.38903250998054373,0.5805846073992524,0.4744791769297523
Felipe Bunes,,No,No,No,Felipe Bunes,0.0,1.0,0.0,0.0,1.0166666666666666,14.5,5.5,5.0,24.5,0.5,0.0,25.0,45.5,28.5,50.5,3.0,32.0,8.0,5.5,45.0,0.5,0.0,0.5,0.5,0.0,0.0,0.6166666666666667,31.5,7.5,2.5,30.5,4.5,6.5,41.5,70.5,77.0,111.0,0.5,58.0,9.5,3.0,57.5,5.5,7.5,0.0,26.5,2.0,0.5,27.0,1.0,1.0,29.0,34.0,0.3333333333333333,0.453125,0.6875,0.18181818181818182,0.5444444444444444,1.0,,0.5494505494505495,0.5643564356435643,0.0,0.4568965517241379,0.21052631578947367,0.8333333333333334,0.4695652173913043,0.18181818181818177,0.1333333333333333,0.4113475177304965,0.3063063063063063
Joshua Van,,No,No,No,Joshua Van,0.1111111111111111,0.4444444444444444,0.0,0.0,0.31296296296296294,29.666666666666668,11.722222222222223,4.222222222222222,41.22222222222222,2.9444444444444446,1.4444444444444444,45.611111111111114,86.1111111111111,56.22222222222222,98.16666666666667,1.1111111111111112,66.83333333333333,14.722222222222223,4.555555555555556,80.66666666666667,3.777777777777778,1.6666666666666667,0.0,0.3333333333333333,0.0,0.16666666666666666,0.40185185185185174,15.833333333333334,6.222222222222221,6.833333333333333,28.166666666666668,0.5555555555555555,0.16666666666666666,28.88888888888889,73.94444444444444,30.222222222222225,75.94444444444444,1.6111111111111114,55.666666666666664,9.833333333333334,8.444444444444445,72.44444444444444,1.1666666666666667,0.3333333333333333,1.277777777777778,39.833333333333336,3.611111111111111,1.6111111111111114,44.27777777777778,0.611111111111111,0.16666666666666666,45.05555555555555,45.72222222222222,0.39999999999999997,0.4438902743142145,0.7962264150943397,0.09756097560975607,0.5110192837465565,0.7794117647058824,0.8666666666666666,0.5296774193548388,0.5727221279003961,0.7931034482758621,0.715568862275449,0.36723163841807926,0.9605263157894737,0.6111963190184049,0.523809523809524,0.5,0.6093163035311795,0.6020482809070957
Johnny Walker,Orthodox,No,No,No,Johnny Walker,0.06666666666666667,0.03333333333333333,0.05,0.08333333333333333,0.2125,4.3,1.6833333333333331,6.6833333333333345,10.466666666666665,0.4833333333333334,1.7166666666666668,12.666666666666666,31.433333333333337,15.6,35.2,0.03333333333333333,17.7,3.4,10.333333333333332,28.45,0.6333333333333334,2.35,0.11666666666666665,0.16666666666666669,0.0,0.06666666666666667,0.5991666666666666,4.633333333333333,3.0833333333333335,3.3,8.716666666666665,0.35,1.95,11.016666666666667,22.383333333333333,15.23333333333333,27.1,0.5,11.966666666666665,4.75,5.666666666666666,19.583333333333336,0.5166666666666667,2.2833333333333337,0.33333333333333337,7.333333333333334,1.6666666666666667,2.3666666666666663,10.866666666666667,0.16666666666666666,0.33333333333333337,11.366666666666667,11.866666666666665,1.0,0.24293785310734464,0.49509803921568624,0.0032258064516129037,0.3678968951376684,0.7631578947368421,0.7304964539007093,0.40296924708377513,0.4431818181818181,0.6666666666666666,0.6128133704735376,0.3508771929824561,0.9705882352941176,0.5548936170212767,0.3225806451612905,0.14598540145985417,0.5078183172002978,0.4378843788437886
Magomed Ankalaev,Orthodox,No,No,Yes,Magomed Ankalaev,0.13412698412698415,0.38095238095238093,0.0,0.03888888888888888,1.9940873015873017,9.978571428571428,4.6,1.7246031746031747,9.543650793650794,2.1095238095238096,4.65,16.303174603174604,30.839682539682542,33.13174603174603,49.75238095238095,1.1388888888888888,22.98253968253968,5.943650793650794,1.9134920634920636,21.121428571428574,2.5333333333333337,7.184920634920635,0.02222222222222222,0.05555555555555556,0.02857142857142857,0.0,0.10268518518518518,2.7206349206349207,2.2142857142857144,3.215079365079365,7.397619047619048,0.6912698412698413,0.0611111111111111,8.15,20.993650793650794,13.450793650793651,26.56746031746032,0.4825396825396825,13.342063492063492,3.7666666666666666,3.884920634920635,19.901587301587302,0.8976190476190476,0.19444444444444445,0.42698412698412697,10.621428571428572,1.5523809523809524,0.6698412698412699,12.503968253968255,0.20634920634920634,0.13333333333333333,12.843650793650795,13.116666666666665,0.33449477351916374,0.4341805373299261,0.7739351048204032,0.19908751555371212,0.4518468417690602,0.8327067669172932,0.6471887772009279,0.5286427505275618,0.6659328739152629,0.8848684210526315,0.7960858961394325,0.4121365360303413,0.9856996935648621,0.6282899984048492,0.22988505747126442,0.6857142857142857,0.6117873884772418,0.49371172516803585
Gaston Bolanos,,No,No,No,Gaston Bolanos,0.0,0.0,0.0,0.16666666666666666,0.4333333333333333,9.666666666666666,2.6666666666666665,5.5,13.333333333333334,0.0,4.5,17.833333333333332,39.5,19.833333333333332,42.333333333333336,0.0,27.166666666666668,5.0,7.333333333333333,31.333333333333332,0.0,8.166666666666666,0.16666666666666666,0.8333333333333334,0.16666666666666666,0.0,1.788888888888889,11.0,2.6666666666666665,0.3333333333333333,11.666666666666666,0.6666666666666666,1.6666666666666667,14.0,27.666666666666668,31.833333333333332,46.666666666666664,1.8333333333333333,23.333333333333332,3.5,0.8333333333333334,24.833333333333332,1.0,1.8333333333333333,1.0,12.333333333333334,0.8333333333333334,0.5,13.166666666666666,0.3333333333333333,0.16666666666666666,13.666666666666666,14.833333333333334,,0.35582822085889565,0.5333333333333333,0.0,0.4255319148936171,,0.5510204081632654,0.45147679324894513,0.46850393700787396,0.5454545454545454,0.5285714285714285,0.23809523809523814,0.0,0.5302013422818792,0.33333333333333337,0.09090909090909083,0.49397590361445787,0.31785714285714284
Marcus McGhee,,No,No,No,Marcus McGhee,0.6666666666666666,0.16666666666666666,0.25,0.0,0.44027777777777777,15.416666666666668,3.0,0.75,16.083333333333332,1.1666666666666665,1.9166666666666667,19.166666666666664,37.83333333333333,20.666666666666664,39.83333333333333,0.5,33.166666666666664,3.5833333333333335,1.0833333333333335,33.91666666666667,1.5833333333333335,2.333333333333333,0.0,0.0,0.0,0.0,0.22638888888888886,4.5,2.25,2.25,8.833333333333332,0.16666666666666666,0.0,9.0,30.333333333333332,9.0,30.5,1.4166666666666665,21.916666666666664,4.583333333333334,3.8333333333333335,30.0,0.3333333333333333,0.0,1.4166666666666665,17.416666666666664,2.333333333333333,1.5833333333333333,21.166666666666664,0.16666666666666666,0.0,21.333333333333336,21.5,0.3333333333333333,0.46482412060301515,0.8372093023255813,0.15384615384615383,0.4742014742014741,0.7368421052631577,0.8214285714285716,0.5066079295154186,0.5188284518828452,1.0,0.7946768060836502,0.5090909090909091,1.0,0.7055555555555556,0.5,,0.7032967032967032,0.7049180327868853
Matthew Semelsberger,Switch,No,No,No,Matthew Semelsberger,0.375,0.325,0.125,0.0,0.8041666666666666,11.283333333333333,2.8666666666666667,3.2416666666666667,13.916666666666666,1.4166666666666667,2.058333333333333,17.391666666666666,40.475,20.099999999999998,43.64166666666667,0.5666666666666667,31.825,4.825,3.8249999999999997,34.824999999999996,1.9749999999999999,3.6750000000000003,0.041666666666666664,0.75,0.19166666666666665,0.11666666666666665,1.0697222222222222,13.700000000000001,3.158333333333333,2.6416666666666666,16.166666666666668,1.55,1.7833333333333332,19.5,42.53333333333333,29.974999999999998,55.51666666666667,1.3666666666666665,35.175000000000004,4.483333333333333,2.875,37.61666666666667,2.1083333333333334,2.8083333333333336,0.6166666666666667,21.474999999999998,1.325,0.2333333333333333,21.45,0.5583333333333333,1.0250000000000001,23.03333333333333,25.541666666666668,0.573529411764706,0.3545430741031684,0.5941278065630398,0.08496732026143791,0.39961713328547505,0.7172995780590719,0.5600907029478457,0.42968910850319125,0.46056902806950534,0.4512195121951219,0.6105188343994314,0.2955390334572491,0.7391304347826086,0.5702259636685866,0.2648221343873518,0.36498516320474783,0.5415360501567398,0.46007205043530486
Preston Parsons,Orthodox,No,No,No,Preston Parsons,0.0,1.4722222222222223,1.0,0.3333333333333333,2.062962962962963,12.527777777777779,2.6944444444444446,3.527777777777778,11.055555555555555,2.527777777777778,5.166666666666667,18.75,33.72222222222222,32.69444444444444,50.333333333333336,3.222222222222222,26.805555555555554,3.1666666666666665,3.75,23.805555555555557,3.444444444444444,6.472222222222221,0.0,0.1111111111111111,0.2222222222222222,0.4166666666666667,0.9527777777777778,11.333333333333334,2.0833333333333335,1.5277777777777777,11.527777777777779,1.2222222222222223,2.1944444444444446,14.944444444444445,31.11111111111111,17.86111111111111,34.861111111111114,0.5,26.555555555555557,2.9166666666666665,1.638888888888889,26.194444444444443,1.9166666666666667,3.0,0.38888888888888884,15.222222222222221,0.8333333333333334,0.1111111111111111,14.666666666666666,0.6944444444444443,0.8055555555555555,16.166666666666668,17.0,0.456896551724138,0.4673575129533679,0.8508771929824562,0.3925925925925926,0.4644107351225204,0.7338709677419356,0.7982832618025753,0.556013179571664,0.6495584988962472,0.7777777777777778,0.5732217573221757,0.2857142857142856,0.9322033898305084,0.559915164369035,0.3623188405797101,0.2685185185185185,0.5196428571428571,0.4876494023904383
Nikolas Motta,Orthodox,No,No,No,Nikolas Motta,0.13333333333333333,0.0,0.0,0.0,0.015555555555555552,5.8999999999999995,1.2333333333333334,0.5666666666666667,6.233333333333333,0.0,1.4666666666666668,7.7,25.066666666666666,8.366666666666667,25.733333333333334,0.0,22.766666666666666,1.7333333333333334,0.5666666666666667,23.0,0.06666666666666667,2.0,0.2333333333333333,0.5666666666666667,0.3333333333333333,0.0,1.1305555555555555,11.433333333333332,2.3000000000000003,2.566666666666667,12.200000000000001,2.033333333333333,2.066666666666667,16.3,26.733333333333334,23.633333333333336,34.9,2.766666666666667,21.400000000000002,2.766666666666667,2.566666666666667,20.333333333333332,2.6666666666666665,3.733333333333333,2.1999999999999997,9.966666666666667,0.4666666666666666,0.0,8.133333333333333,0.6333333333333333,1.6666666666666667,10.433333333333334,11.266666666666666,,0.2591508052708638,0.7115384615384616,0.0,0.2710144927536232,0.0,0.7333333333333334,0.3071808510638298,0.32512953367875647,0.7951807228915663,0.46573208722741444,0.1686746987951807,0.7792207792207793,0.3999999999999999,0.23750000000000004,0.4464285714285713,0.3902743142144638,0.3228271251193886
Tom Nolan,,No,No,No,Tom Nolan,0.0,0.0,0.0,0.0,0.0,5.0,5.0,2.0,11.0,1.0,0.0,12.0,20.0,12.0,20.0,0.0,13.0,5.0,2.0,18.0,2.0,0.0,1.0,0.0,0.0,0.0,0.15,19.0,2.0,0.0,8.0,0.0,13.0,21.0,40.0,21.0,40.0,0.0,35.0,5.0,0.0,19.0,1.0,20.0,0.0,16.0,3.0,0.0,11.0,1.0,7.0,19.0,19.0,,0.38461538461538464,1.0,0.0,0.6111111111111112,0.5,,0.6,0.6,,0.4571428571428572,0.6,,0.5789473684210527,1.0,0.35,0.475,0.475
Brunno Ferreira,,No,No,No,Brunno Ferreira,0.6666666666666666,0.3333333333333333,0.0,0.0,0.5444444444444444,11.0,0.6666666666666666,3.0,12.666666666666666,0.3333333333333333,1.6666666666666667,14.666666666666666,31.0,16.666666666666668,33.333333333333336,2.0,25.0,2.6666666666666665,3.3333333333333335,27.0,1.3333333333333333,2.6666666666666665,0.0,0.3333333333333333,0.0,0.0,0.06111111111111107,9.666666666666666,3.0,0.6666666666666666,11.333333333333334,1.0,1.0,13.333333333333334,25.666666666666668,13.333333333333334,26.0,0.6666666666666666,20.333333333333332,4.333333333333333,1.0,22.666666666666668,1.6666666666666667,1.3333333333333333,0.3333333333333333,10.666666666666666,1.3333333333333333,0.3333333333333333,11.333333333333334,0.6666666666666666,0.3333333333333333,12.333333333333334,12.666666666666666,0.16666666666666666,0.44,0.25,0.09999999999999999,0.4691358024691358,0.25,0.6250000000000001,0.47311827956989244,0.5,0.5,0.5245901639344263,0.3076923076923076,0.6666666666666667,0.5,0.4,0.25,0.48051948051948057,0.4871794871794871
Phil Hawes,Orthodox,No,No,No,Phil Hawes,0.08333333333333333,0.7222222222222222,0.041666666666666664,0.0,2.101388888888889,16.305555555555557,5.722222222222222,1.486111111111111,16.097222222222225,3.3333333333333335,4.083333333333333,23.513888888888886,37.958333333333336,43.52777777777778,62.13888888888889,1.597222222222222,29.291666666666668,6.708333333333333,1.9583333333333333,27.527777777777782,4.305555555555556,6.125,0.16666666666666666,0.041666666666666664,0.041666666666666664,0.041666666666666664,0.35509259259259257,12.125,2.944444444444444,0.861111111111111,11.430555555555555,4.097222222222222,0.40277777777777773,15.930555555555557,35.72222222222222,21.63888888888889,42.59722222222222,0.8055555555555557,30.347222222222218,4.361111111111111,1.013888888888889,29.5,5.652777777777778,0.5694444444444444,0.763888888888889,18.222222222222225,1.4166666666666667,0.15277777777777776,18.069444444444443,1.5555555555555554,0.16666666666666666,19.791666666666668,20.958333333333332,0.4521739130434783,0.5566619250829777,0.8530020703933748,0.3687943262411348,0.5847628657921292,0.7741935483870966,0.6666666666666666,0.6194657885107939,0.7004917299955297,0.9482758620689655,0.60045766590389,0.32484076433121023,0.9589041095890412,0.6125235404896422,0.27518427518427513,0.29268292682926833,0.5540435458786936,0.49201173785458097
Mario Bautista,Switch,No,No,No,Mario Bautista,0.05555555555555555,0.6555555555555556,0.19999999999999998,0.03333333333333333,1.025648148148148,19.022222222222222,6.772222222222222,2.6055555555555556,21.605555555555554,5.094444444444444,1.7,28.400000000000002,56.544444444444444,36.766666666666666,65.88888888888889,1.6888888888888889,44.67222222222222,8.616666666666667,3.255555555555555,48.05555555555555,6.266666666666667,2.2222222222222223,0.08888888888888889,0.5444444444444444,0.06666666666666667,0.0,0.5287962962962963,11.549999999999999,3.4499999999999997,3.233333333333333,14.21111111111111,3.5,0.5222222222222223,18.233333333333334,41.1,21.416666666666668,44.43888888888889,1.8499999999999999,32.5,4.866666666666666,3.733333333333333,36.22222222222222,4.027777777777778,0.85,1.3055555555555556,20.95,1.4166666666666667,0.5,22.01111111111111,0.5277777777777778,0.3277777777777778,22.866666666666664,23.022222222222222,0.3881578947368421,0.425817684367616,0.7859445519019986,0.2013651877133106,0.4495953757225434,0.8129432624113475,0.7649999999999999,0.5022597759874239,0.5580101180438448,0.7057057057057057,0.6446153846153846,0.29109589041095885,0.8541666666666666,0.6076687116564417,0.13103448275862062,0.3856209150326797,0.5563665855636659,0.5180647580947618
Ricky Simon,Orthodox,No,No,No,Ricky Simon,0.0696969696969697,0.9007575757575758,0.08636363636363636,0.025,0.9410101010101009,9.221212121212123,1.7189393939393938,1.4893939393939395,10.472727272727273,0.8,1.1568181818181817,12.429545454545455,29.40681818181818,15.569696969696968,33.01287878787879,2.699242424242424,25.544696969696968,2.1962121212121213,1.665909090909091,26.814393939393938,1.028030303030303,1.5643939393939394,0.4333333333333334,0.16818181818181818,0.0,0.025,0.1490151515151515,12.915151515151516,4.6454545454545455,2.7151515151515153,16.28787878787879,0.7204545454545455,3.267424242424242,20.275757575757574,44.63787878787879,22.34166666666667,46.96666666666667,0.8083333333333333,34.75681818181818,6.440151515151515,3.4409090909090905,39.46666666666666,1.1575757575757577,4.013636363636364,0.6401515151515151,21.841666666666665,1.7946969696969695,0.7257575757575758,23.17878787878788,0.43712121212121213,0.7462121212121212,24.362121212121213,24.625,0.33370754981756945,0.3609834218096623,0.7826836840289754,0.540700318326512,0.3905636389320526,0.7781871775976419,0.7394673123486682,0.42267563181080453,0.47162493976180087,0.7919400187441424,0.62841387127008,0.27867309728267264,0.9511228533685601,0.5873003685503685,0.3776178010471205,0.18591921479803708,0.5457723770408337,0.5243080198722498
Jean Silva,,No,No,No,Jean Silva,1.0,1.0,0.0,0.0,0.1333333333333333,24.0,1.0,0.0,23.0,2.0,0.0,25.0,36.0,25.0,36.0,1.0,32.0,4.0,0.0,34.0,2.0,0.0,0.0,0.0,0.0,0.0,0.0666666666666666,8.0,0.0,3.0,11.0,0.0,0.0,11.0,36.0,11.0,36.0,3.0,28.0,5.0,3.0,35.0,1.0,0.0,3.0,20.0,5.0,0.0,24.0,1.0,0.0,25.0,25.0,1.0,0.75,0.25,inf,0.6764705882352942,1.0,,0.6944444444444444,0.6944444444444444,1.0,0.7142857142857143,1.0,1.0,0.6857142857142857,1.0,,0.6944444444444444,0.6944444444444444
Westin Wilson,,No,No,No,Westin Wilson,0.0,0.0,1.0,0.0,0.0333333333333333,4.0,1.5,2.0,7.0,0.5,0.0,7.5,22.0,12.5,27.0,1.5,15.5,4.5,2.0,21.0,1.0,0.0,0.5,1.0,0.0,0.0,1.1333333333333333,22.5,1.0,0.0,14.0,2.5,7.0,23.5,33.0,24.5,34.0,1.0,30.0,2.5,0.5,22.0,2.5,8.5,0.0,7.5,1.5,0.5,8.0,0.0,1.5,9.5,9.5,0.0,0.25806451612903225,0.3333333333333333,0.0,0.3333333333333333,0.5,,0.3409090909090909,0.46296296296296297,0.0,0.25,0.6,-1.0,0.36363636363636365,0.0,0.17647058823529416,0.28787878787878785,0.27941176470588236
Alexandre Pantoja,Orthodox,Yes,No,Yes,Alexandre Pantoja,0.05714285714285714,1.039047619047619,0.27365079365079364,0.050793650793650794,1.9312486772486772,14.443809523809524,3.1619047619047618,2.7314285714285713,16.768571428571427,1.9301587301587304,1.6384126984126985,20.337142857142858,41.67809523809524,25.274603174603175,47.68126984126984,1.6904761904761905,33.660000000000004,4.677142857142857,3.3409523809523805,36.817142857142855,2.795238095238095,2.065714285714286,0.02,0.4196825396825397,0.0,0.32317460317460317,0.48965079365079367,19.58095238095238,1.8177777777777777,0.853015873015873,18.746666666666666,1.9323809523809523,1.5726984126984127,22.25174603174603,41.53873015873016,31.157142857142855,51.58539682539682,1.2812698412698413,38.200634920634926,2.2822222222222224,1.055873015873016,36.42,2.487619047619048,2.631111111111111,0.8615873015873017,18.61968253968254,0.4644444444444444,0.20285714285714285,17.673333333333336,0.5552380952380952,1.0584126984126985,19.28698412698413,20.42825396825397,0.6146478873239436,0.4291090173443114,0.6760333944206882,0.3110034207525656,0.45545553313673753,0.6905167518455424,0.7931458429383741,0.4879575887756501,0.5300740365921862,0.6724479682854312,0.48741814313732024,0.20350535540408965,0.6025255562236922,0.4852645066813107,0.2232006125574274,0.40226833976833976,0.4643132819246907,0.39600846800497247
Alonzo Menifield,Orthodox,No,No,No,Alonzo Menifield,0.1976190476190476,0.21666666666666667,0.07539682539682539,0.027777777777777776,1.2937566137566139,14.833333333333334,1.3055555555555556,1.5238095238095237,12.607142857142856,3.002380952380952,2.0531746031746034,17.662698412698415,29.83253968253968,24.38015873015873,36.87063492063492,0.5166666666666667,26.730158730158724,1.5309523809523808,1.5714285714285714,23.28888888888889,4.142857142857143,2.4007936507936507,0.07539682539682539,0.3674603174603175,0.12301587301587301,0.027777777777777776,0.7434126984126984,9.533333333333333,6.106349206349207,1.3293650793650793,11.44920634920635,5.058730158730159,0.4611111111111111,16.96904761904762,33.31984126984127,25.376190476190477,42.64047619047619,1.58015873015873,24.462698412698415,7.33015873015873,1.5269841269841269,27.26507936507937,5.5658730158730165,0.48888888888888893,1.2126984126984126,14.929365079365079,1.2238095238095237,0.1976190476190476,15.815873015873017,0.5071428571428571,0.027777777777777776,16.35079365079365,17.264285714285716,0.4193548387096774,0.5549287410926367,0.8527734577501297,0.13787878787878788,0.5413372410032714,0.7247126436781608,0.855206611570248,0.5920615073558755,0.6612351206492025,0.7674535409342039,0.6102910164487558,0.16695539194456466,0.7593555093555093,0.5800780112941726,0.09111649793241117,0.05681818181818199,0.49072243527141945,0.4048802278184154
Dustin Jacoby,Orthodox,No,No,No,Dustin Jacoby,0.10256410256410257,0.1111111111111111,0.0,0.0,0.39577397910731243,17.988603988603987,3.658119658119658,4.4586894586894585,24.02279202279202,1.8547008547008546,0.22792022792022792,26.105413105413106,57.168091168091166,29.997150997151,61.59259259259259,0.5213675213675214,46.64672364672364,5.299145299145299,5.222222222222222,54.13105413105413,2.5527065527065527,0.48433048433048437,0.12535612535612536,0.48148148148148145,0.07407407407407407,0.0,0.48262108262108266,14.062678062678062,2.524216524216524,3.660968660968661,17.82905982905983,1.433048433048433,0.9857549857549858,20.247863247863247,48.57549857549858,25.210826210826212,54.25356125356126,1.1168091168091168,40.760683760683754,3.7521367521367517,4.062678062678063,45.054131054131055,2.0626780626780628,1.4586894586894588,0.6353276353276353,26.698005698005698,1.227920227920228,0.40170940170940167,27.22507122507123,0.6296296296296297,0.47293447293447294,28.32763532763533,29.042735042735043,0.21311475409836064,0.38563488670371954,0.6903225806451613,0.02127659574468085,0.4437894736842105,0.7265625,0.47058823529411764,0.45664307784311775,0.4870253018178455,0.5688775510204082,0.65499405885231,0.3272589217919514,0.8814866760168303,0.6042746933097256,0.30524861878453047,0.32421875,0.58316715542522,0.5353148138423568
Lucas Almeida,Orthodox,No,No,No,Lucas Almeida,0.5,0.0,0.0,0.0,0.40277777777777773,8.166666666666666,2.8333333333333335,5.777777777777778,10.277777777777779,0.16666666666666666,6.333333333333333,16.77777777777778,32.5,19.77777777777778,35.5,0.0,21.22222222222222,3.8333333333333335,7.4444444444444455,23.166666666666668,0.16666666666666666,9.166666666666666,0.2222222222222222,0.27777777777777773,0.16666666666666666,0.0,1.0314814814814814,7.611111111111112,2.277777777777778,0.7222222222222222,5.611111111111111,0.4444444444444444,4.555555555555555,10.61111111111111,18.666666666666668,19.5,27.888888888888886,0.4444444444444444,14.666666666666666,3.1666666666666665,0.8333333333333334,12.333333333333334,0.5555555555555555,5.777777777777778,0.16666666666666666,7.0555555555555545,0.888888888888889,0.1111111111111111,6.722222222222221,0.1111111111111111,1.222222222222222,8.055555555555555,8.388888888888888,,0.38481675392670156,0.7391304347826088,0.0,0.44364508393285373,1.0,0.6909090909090909,0.5162393162393163,0.5571205007824727,0.3750000000000001,0.48106060606060597,0.2807017543859648,0.6666666666666667,0.545045045045045,0.19999999999999996,0.21153846153846156,0.43154761904761907,0.30079681274900394
Ariane Lipski,Orthodox,No,No,No,Ariane Lipski,0.12289562289562289,0.234006734006734,0.12289562289562289,0.05555555555555555,0.8568181818181818,9.821548821548822,7.493265993265993,2.292929292929293,15.202020202020202,2.7760942760942764,1.6296296296296295,19.607744107744107,48.65824915824916,30.565656565656564,61.43265993265993,0.36195286195286197,34.85353535353536,10.473063973063972,3.3316498316498318,42.67508417508417,3.5976430976430973,2.3855218855218854,0.030303030303030304,0.28114478114478114,0.1531986531986532,0.05555555555555555,1.061026936026936,12.395622895622894,3.3451178451178447,3.5774410774410774,14.06734006734007,1.8148148148148149,3.436026936026936,19.318181818181817,41.41245791245791,28.153198653198654,52.196969696969695,1.5218855218855218,31.996632996632997,4.949494949494949,4.466329966329966,34.22222222222222,2.324915824915825,4.865319865319866,1.2407407407407407,19.6010101010101,1.6043771043771045,0.8888888888888888,20.154882154882156,0.5101010101010102,1.4292929292929293,22.094276094276097,24.043771043771045,0.6465116279069767,0.28179490895039366,0.7154798263944704,0.07023749368367863,0.3562270701013847,0.7716424894712215,0.6831333803810868,0.4029685499775109,0.4975473404401085,0.8152654867256637,0.6125960223087447,0.3241496598639456,0.9370523935167735,0.5889413616686343,0.21940622737146986,0.2937716262975779,0.5335176226675882,0.4606353813900983
Casey O'Neill,Orthodox,No,No,No,Casey O'Neill,0.0,0.5,0.2222222222222222,0.0,1.2074074074074075,30.166666666666668,5.444444444444444,2.9444444444444446,31.833333333333332,1.8333333333333333,4.888888888888889,38.55555555555555,69.72222222222221,57.11111111111111,92.44444444444444,1.3333333333333333,59.944444444444436,6.611111111111111,3.1666666666666665,60.61111111111111,2.4444444444444446,6.666666666666667,0.0,0.3333333333333333,0.05555555555555555,0.05555555555555555,0.5361111111111111,22.11111111111111,5.111111111111112,1.5555555555555556,22.5,4.666666666666667,1.611111111111111,28.777777777777775,67.61111111111111,36.833333333333336,76.83333333333333,1.1666666666666667,59.94444444444445,6.0,1.6666666666666667,59.77777777777777,5.833333333333333,2.0,0.8333333333333334,37.833333333333336,0.8888888888888888,0.1111111111111111,37.27777777777778,1.1666666666666667,0.38888888888888884,38.833333333333336,40.0,0.375,0.5032437442075998,0.8235294117647058,0.15789473684210528,0.5252062328139322,0.7499999999999999,0.7333333333333334,0.5529880478087649,0.6177884615384615,0.7142857142857143,0.6311399443929565,0.14814814814814803,0.8,0.6236059479553904,0.19999999999999996,0.19444444444444453,0.5743631881676254,0.5206073752711496
Brian Kelleher,Switch,No,No,No,Brian Kelleher,0.11011904761904762,0.5833333333333334,0.16666666666666666,0.08928571428571429,1.2287698412698413,11.19345238095238,2.4047619047619047,2.598214285714286,12.61904761904762,0.9880952380952381,2.5892857142857144,16.196428571428573,37.782738095238095,30.36309523809524,54.455357142857146,1.2380952380952381,29.922619047619047,4.645833333333333,3.214285714285714,33.104166666666664,1.4494047619047619,3.2291666666666665,0.08928571428571429,0.42857142857142855,0.1994047619047619,0.0,0.7138888888888889,13.80952380952381,4.154761904761905,2.5625,17.68452380952381,1.9375,0.9047619047619048,20.52678571428571,45.095238095238095,29.30059523809524,56.080357142857146,1.1101190476190477,35.3125,6.386904761904762,3.3958333333333335,41.026785714285715,2.880952380952381,1.1875,0.6815476190476191,21.50297619047619,2.232142857142857,0.8333333333333334,23.34226190476191,0.9434523809523809,0.28273809523809523,24.56845238095238,26.77976190476191,0.47115384615384615,0.37407996817187184,0.5176169122357464,0.18148148148148152,0.38119212442686334,0.6817248459958932,0.8018433179723503,0.42867270578968103,0.5575777449855168,0.613941018766756,0.6089338390223346,0.3494874184529356,0.873794916739702,0.5689517591585056,0.3274793388429752,0.23809523809523814,0.5448125659978882,0.47752481027437244
Cody Garbrandt,Orthodox,Yes,No,Yes,Cody Garbrandt,0.40857142857142853,0.21142857142857144,0.0,0.0,0.25628571428571434,10.277142857142858,1.64,1.7342857142857142,12.385714285714286,0.7342857142857142,0.5314285714285715,13.651428571428571,33.97428571428571,15.38,35.78571428571429,1.1114285714285714,29.22285714285714,2.437142857142857,2.314285714285714,31.72285714285714,1.2399999999999998,1.0114285714285713,0.12857142857142856,0.18,0.02857142857142857,0.0,0.14623809523809522,16.97142857142857,2.7800000000000002,2.345714285714286,20.762857142857143,0.6057142857142856,0.7285714285714285,22.097142857142856,56.48285714285714,23.925714285714285,58.434285714285714,0.6314285714285715,48.21428571428571,4.731428571428571,3.5371428571428574,54.78571428571429,0.8142857142857143,0.8828571428571429,0.4514285714285714,31.242857142857144,1.9514285714285713,1.1914285714285715,34.02285714285714,0.20857142857142857,0.15428571428571428,34.385714285714286,34.50857142857143,0.19023136246786634,0.3516816581931952,0.6729191090269637,0.09135802469135804,0.3904350175628209,0.5921658986175116,0.5254237288135594,0.4018164998738542,0.42978043912175645,0.7149321266968326,0.6479999999999999,0.41243961352657,0.9491114701130856,0.6210169491525424,0.256140350877193,0.1747572815533981,0.6087814254641105,0.5905534911011148
Irene Aldana,Orthodox,No,No,Yes,Irene Aldana,0.04895104895104895,0.033566433566433566,0.04895104895104895,0.05174825174825175,0.08085081585081584,14.908391608391607,3.0286713286713285,3.3286713286713288,18.930769230769233,1.2433566433566434,1.0916083916083916,21.265734265734267,54.84825174825174,26.610489510489508,60.55804195804196,0.06993006993006994,44.435664335664335,6.045454545454545,4.3671328671328675,51.516783216783224,1.5538461538461539,1.7776223776223776,0.015384615384615385,0.6153846153846153,0.0,0.01818181818181818,1.00481351981352,21.374125874125873,6.7853146853146855,5.422377622377622,29.836363636363636,1.0195804195804197,2.725874125874126,33.58181818181818,69.4993006993007,41.845454545454544,78.91818181818182,2.1552447552447553,53.39510489510489,9.8993006993007,6.204895104895105,64.18321678321679,1.7671328671328674,3.548951048951049,1.53986013986014,32.02097902097902,3.113986013986014,0.7825174825174825,34.34685314685315,0.7475524475524475,0.823076923076923,35.91748251748252,37.07272727272728,0.48,0.3355050910407126,0.5009832272990168,0.007686148919135307,0.36746799875117075,0.8001800180018002,0.6140833988985052,0.38771945482131254,0.43942123374673775,0.7144711226476315,0.5996987754567481,0.314566261655835,0.9008227206130959,0.5351376086814409,0.4230312623664425,0.23192118226600988,0.5168035096192547,0.4697615482087317
Karol Rosa,Orthodox,No,No,No,Karol Rosa,0.07407407407407407,0.4074074074074074,0.0,0.037037037037037035,1.352469135802469,18.666666666666668,4.2592592592592595,8.777777777777777,25.333333333333332,3.2592592592592595,3.111111111111111,31.703703703703706,56.55555555555555,50.03703703703704,76.8888888888889,0.888888888888889,40.74074074074074,5.185185185185186,10.62962962962963,48.14814814814815,4.037037037037037,4.37037037037037,0.037037037037037035,0.2222222222222222,0.0,0.037037037037037035,0.8345679012345678,13.851851851851853,5.814814814814816,4.222222222222222,20.333333333333332,2.9629629629629632,0.5925925925925926,23.888888888888886,47.51851851851851,34.59259259259259,59.7037037037037,0.7037037037037037,35.18518518518518,7.37037037037037,4.962962962962963,43.14814814814815,3.6666666666666665,0.7037037037037036,0.48148148148148145,21.333333333333332,1.5555555555555556,0.7407407407407408,22.814814814814813,0.7037037037037037,0.1111111111111111,23.62962962962963,25.11111111111111,0.45833333333333326,0.4581818181818182,0.8214285714285714,0.03832752613240418,0.5261538461538461,0.8073394495412844,0.711864406779661,0.5605762933857238,0.6507707129094411,0.6842105263157895,0.6063157894736841,0.21105527638190935,0.9552238805970149,0.528755364806867,0.19191919191919182,0.1578947368421052,0.49727201870615745,0.42059553349875933
Bryce Mitchell,Southpaw,No,No,No,Bryce Mitchell,0.037037037037037035,1.082010582010582,0.47883597883597884,0.05555555555555555,2.45136684303351,7.2407407407407405,2.8597883597883595,0.626984126984127,5.177248677248677,0.41005291005291006,5.14021164021164,10.727513227513228,18.261904761904763,23.968253968253972,33.661375661375665,2.5846560846560847,13.095238095238095,4.288359788359789,0.8783068783068783,11.193121693121695,0.6798941798941799,6.388888888888888,0.08465608465608465,0.39153439153439146,0.15079365079365079,0.2804232804232804,0.92663139329806,5.201058201058202,1.5105820105820105,1.0132275132275133,5.134920634920635,0.31216931216931215,2.277777777777778,7.724867724867725,18.634920634920636,12.925925925925926,24.608465608465607,0.5873015873015873,14.928571428571429,2.619047619047619,1.0873015873015872,15.08994708994709,0.5740740740740741,2.9708994708994703,0.19576719576719573,9.727513227513228,1.1084656084656086,0.07407407407407407,9.955026455026454,0.2619047619047619,0.693121693121693,10.910052910052912,11.682539682539684,0.4186284544524054,0.5529292929292929,0.6668723010487352,1.2319277108433737,0.462538406995982,0.603112840466926,0.8045548654244307,0.5874257569172824,0.7120402389185791,0.3333333333333335,0.6516037568669147,0.4232323232323233,0.6399026763990268,0.6597124824684432,0.45622119815668205,0.23330365093499528,0.5854628052243045,0.47473661578155235
Josh Emmett,Orthodox,No,No,Yes,Josh Emmett,0.19523809523809527,0.20836940836940837,0.01818181818181818,0.014285714285714285,0.22409331409331407,11.702308802308803,4.541414141414141,2.5321789321789323,16.693650793650797,0.8017316017316016,1.2805194805194806,18.775901875901877,55.86450216450216,19.97806637806638,57.6005772005772,0.7698412698412699,45.504906204906206,7.472294372294373,2.8873015873015873,52.80909090909091,1.056998556998557,1.9984126984126984,0.1181818181818182,0.3911976911976912,0.01818181818181818,0.0,0.42907647907647906,20.685281385281385,3.26002886002886,2.5014430014430014,22.005772005772005,0.9054834054834056,3.5354978354978357,26.446753246753246,64.85757575757575,30.285569985569985,69.04227994227995,0.5266955266955267,56.729004329004326,5.188888888888888,2.93968253968254,58.263636363636365,1.3818181818181818,5.212121212121213,0.13549783549783548,36.04372294372294,1.9288600288600288,0.43823953823953826,36.25786435786436,0.47633477633477633,1.6766233766233767,38.41082251082251,38.756709956709955,0.2706654170571696,0.2571658701946098,0.6077670277890427,0.07216752461392374,0.31611320146351995,0.7584982935153584,0.6407682865188823,0.3360971842300351,0.34683795456595157,0.25726027397260265,0.6353667470467934,0.3717289134848021,0.8669251914392303,0.6223069245381618,0.34471595655806175,0.3216777408637874,0.5922333985222364,0.5613474814144459
Colby Covington,Orthodox,No,Yes,Yes,Colby Covington,0.014285714285714285,1.0607142857142857,0.04285714285714286,0.014285714285714285,1.9912500000000002,13.766071428571427,2.8785714285714286,2.632142857142857,15.651785714285714,1.7,1.925,19.276785714285715,49.205357142857146,35.22857142857143,67.48392857142858,2.5732142857142857,41.67321428571429,4.385714285714285,3.1464285714285714,43.96785714285714,2.4964285714285714,2.7410714285714284,0.08571428571428572,0.1839285714285714,0.11071428571428572,0.05535714285714286,0.16586309523809523,9.514285714285714,3.6392857142857147,1.6089285714285715,12.2625,1.5267857142857142,0.9732142857142858,14.7625,32.47321428571429,19.407142857142855,37.503571428571426,0.49107142857142855,25.7875,4.8392857142857135,1.8464285714285715,29.644642857142856,1.744642857142857,1.0839285714285714,0.3071428571428571,16.273214285714285,1.2,0.2375,17.38214285714286,0.21785714285714283,0.11071428571428572,17.710714285714285,18.09642857142857,0.4122137404580153,0.33033380468783474,0.6563517915309447,0.337116912599319,0.35598245471529527,0.6809728183118741,0.7022801302931597,0.3917619306840864,0.5220290545367944,0.6254545454545455,0.6310504812686102,0.2479704797047968,0.9003868471953579,0.5863502198662731,0.1248720573183213,0.10214168039538696,0.5453945559527084,0.48252547376440347
Leon Edwards,Southpaw,Yes,No,Yes,Leon Edwards,0.08269607843137254,0.3608823529411765,0.1419607843137255,0.0709313725490196,0.8423986928104575,7.468480392156863,3.0655882352941175,3.2826960784313726,11.134460784313726,1.5451470588235294,1.137156862745098,13.816764705882354,25.85,17.75029411764706,30.280833333333334,1.048186274509804,18.174117647058825,4.012990196078431,3.662892156862745,22.402450980392157,1.9165686274509803,1.5309803921568625,0.0125,0.49495098039215685,0.026666666666666665,0.0,1.1391503267973857,7.4484803921568625,3.063627450980392,1.8763235294117646,9.390882352941176,1.902598039215686,1.0949509803921569,12.38843137254902,26.683235294117644,23.62676470588235,38.78436274509804,1.7875490196078432,19.81563725490196,4.128333333333333,2.739264705882353,22.73191176470588,2.4140196078431373,1.5373039215686275,1.2925980392156862,12.367156862745098,1.0647058823529412,0.8629411764705882,13.341029411764705,0.511421568627451,0.4423529411764706,14.294803921568626,15.157598039215685,0.3442921947341346,0.41094046694286207,0.7639162035057717,0.09852388153580559,0.49701975886742084,0.8062049209678245,0.7427638319672133,0.5344976675389692,0.5861890893903313,0.7231119398892119,0.6241109838486638,0.25790211118763207,0.8193124675650042,0.5868855004302063,0.21185476993055286,0.2877459264691815,0.5357222901946952,0.3908172512420991
Martin Buday,Orthodox,No,No,No,Martin Buday,0.1111111111111111,0.06666666666666667,0.06666666666666667,0.0,0.9614814814814814,15.611111111111109,4.916666666666667,1.788888888888889,16.02777777777778,5.066666666666666,1.222222222222222,22.316666666666666,44.88333333333333,34.794444444444444,59.48888888888889,0.19999999999999998,37.52222222222222,5.572222222222223,1.788888888888889,36.83888888888889,6.48888888888889,1.5555555555555556,0.0,0.0,0.0,0.0,0.5889814814814814,13.605555555555554,8.372222222222222,2.9055555555555554,21.26111111111111,2.888888888888889,0.7333333333333334,24.883333333333336,55.37222222222223,29.072222222222223,60.47222222222222,0.1111111111111111,41.46111111111111,10.627777777777778,3.283333333333333,49.75555555555555,4.283333333333333,1.3333333333333333,0.1111111111111111,27.855555555555554,2.2555555555555555,0.37777777777777777,28.494444444444444,1.3944444444444446,0.6,30.48888888888889,31.400000000000002,0.33333333333333337,0.4160497482973053,0.8823529411764706,0.037267080745341616,0.4350776655104811,0.7808219178082191,0.7857142857142856,0.49721500185666545,0.5848898020171834,1.0,0.6718477823931395,0.2122320961840043,1.0,0.5726887003126395,0.3255512321660181,0.44999999999999996,0.5506170362195244,0.5192466697289848
Shavkat Rakhmonov,Orthodox,No,No,No,Shavkat Rakhmonov,0.05555555555555555,0.3333333333333333,0.7222222222222223,0.0,2.3407407407407406,15.611111111111112,6.194444444444444,1.3333333333333333,12.027777777777779,8.416666666666666,2.6944444444444446,23.13888888888889,34.666666666666664,34.5,47.22222222222222,1.638888888888889,26.083333333333332,7.194444444444444,1.3888888888888886,20.666666666666668,10.027777777777777,3.9722222222222228,0.0,0.0,0.0,0.0,0.2986111111111111,10.194444444444445,1.8888888888888886,1.0555555555555556,10.277777777777779,2.527777777777778,0.3333333333333333,13.138888888888888,25.722222222222225,16.722222222222225,29.805555555555557,0.3055555555555555,21.722222222222218,2.527777777777778,1.472222222222222,21.805555555555557,3.388888888888889,0.5277777777777778,0.3055555555555555,11.527777777777779,0.638888888888889,0.4166666666666667,11.527777777777779,0.861111111111111,0.19444444444444442,12.583333333333334,13.083333333333334,0.20338983050847453,0.5985090521831736,0.861003861003861,0.24000000000000005,0.581989247311828,0.8393351800554016,0.6783216783216783,0.6674679487179488,0.7305882352941176,1.0,0.5306905370843988,0.25274725274725296,1.0,0.5286624203821656,0.25409836065573754,0.368421052631579,0.4892008639308857,0.4389561975768872
Stephen Thompson,Orthodox,No,No,Yes,Stephen Thompson,0.11826923076923077,0.055384615384615386,0.0,0.01,0.3058162393162393,14.372692307692308,4.884807692307692,2.0223717948717947,19.524487179487178,1.1012820512820514,0.6541025641025641,21.279871794871795,47.94378205128205,24.893782051282052,52.044230769230765,0.1866025641025641,38.58384615384615,7.038846153846154,2.3210897435897437,45.30185897435898,1.5464102564102564,1.0955128205128204,0.13583333333333333,0.2473076923076923,0.11955128205128204,0.01,0.701323717948718,9.146858974358974,2.5057692307692307,3.2977564102564103,10.53647435897436,2.237435897435897,2.176474358974359,14.950384615384616,33.744358974358974,20.98679487179487,41.2500641025641,0.8162179487179486,25.298782051282053,4.171282051282051,4.274294871794872,27.79801282051282,3.1962820512820516,2.7500641025641026,0.5689102564102564,16.151923076923076,1.6655128205128205,0.9765384615384616,17.26153846153846,0.9588461538461537,0.5735897435897436,18.79397435897436,20.263269230769232,0.2968052215733425,0.3725054327239379,0.6939784711217967,0.02386147090502361,0.43098644562330457,0.7121538716630742,0.5970743124634289,0.4438505033272142,0.4783197231152004,0.6970077750726458,0.6384466668862645,0.3992807966560118,0.9421407039697656,0.6209630369261776,0.29998796678833595,0.20857322673131162,0.5569515892494852,0.4912300058585768
Cody Durden,Southpaw,No,No,No,Cody Durden,0.037037037037037035,1.4111111111111112,0.0925925925925926,0.0,2.1783333333333332,9.751851851851852,2.1888888888888887,2.3555555555555556,11.437037037037037,0.6703703703703704,2.1888888888888887,14.296296296296296,28.62962962962963,23.8962962962963,42.43333333333333,3.0407407407407407,23.048148148148147,2.814814814814815,2.766666666666667,24.496296296296297,0.8851851851851853,3.2481481481481485,0.07407407407407407,0.2148148148148148,0.611111111111111,0.1962962962962963,0.5848765432098765,8.111111111111112,3.3888888888888893,2.8000000000000003,12.42962962962963,0.9592592592592593,0.9111111111111111,14.299999999999999,28.92222222222222,19.133333333333333,34.77407407407407,0.6481481481481481,20.692592592592593,4.7370370370370365,3.4925925925925925,25.98148148148148,1.633333333333333,1.3074074074074076,0.43333333333333335,12.581481481481482,1.348148148148148,0.6925925925925926,13.551851851851852,0.674074074074074,0.3962962962962963,14.622222222222222,15.640740740740739,0.46406820950060906,0.42310782580748835,0.7776315789473683,0.5100401606425703,0.46688841850619894,0.7573221757322175,0.6738882554161915,0.49935316946959896,0.5631491664484596,0.6685714285714286,0.6080186146411312,0.28459734167318196,0.9384941675503712,0.5215965787598004,0.41269841269841256,0.303116147308782,0.5055704955820208,0.4497816593886462
Tagir Ulanbekov,Southpaw,No,No,No,Tagir Ulanbekov,0.06666666666666667,1.1833333333333333,0.6277777777777778,0.13333333333333333,2.46212962962963,12.672222222222222,1.8055555555555556,1.0833333333333333,11.233333333333334,2.588888888888889,1.738888888888889,15.56111111111111,33.49444444444445,25.927777777777777,45.36666666666667,2.588888888888889,29.811111111111114,2.4,1.2833333333333334,28.21666666666667,3.1388888888888893,2.138888888888889,0.06666666666666667,0.5722222222222223,0.15,0.0,0.34935185185185186,7.0055555555555555,2.733333333333333,5.461111111111111,11.71111111111111,2.183333333333333,1.3055555555555556,15.200000000000001,31.82777777777778,27.366666666666664,45.68333333333334,1.4777777777777779,21.57777777777778,3.805555555555556,6.444444444444444,27.583333333333332,2.9388888888888887,1.3055555555555556,0.9055555555555556,14.572222222222223,1.0722222222222222,0.9833333333333334,15.872222222222222,0.7555555555555555,0.0,16.627777777777776,18.316666666666666,0.45708154506437765,0.4250838613492359,0.7523148148148149,0.922077922077922,0.3981098641464855,0.8247787610619468,0.812987012987013,0.46458782551003475,0.5715160421258878,0.612781954887218,0.6753347064881565,0.28175182481751837,0.9112068965517242,0.5754279959718026,0.2570888468809074,0.0,0.5224297434107175,0.4009485589201023
Paddy Pimblett,Orthodox,No,No,No,Paddy Pimblett,0.13333333333333333,0.3,0.4222222222222222,0.0,1.4616666666666667,13.311111111111112,2.9555555555555557,4.166666666666667,13.844444444444443,1.8444444444444443,4.7444444444444445,20.433333333333334,39.74444444444445,31.666666666666668,52.86666666666667,1.3,31.8,3.711111111111111,4.233333333333333,29.866666666666664,3.033333333333333,6.844444444444444,0.0,0.7111111111111111,0.0,0.0,1.5046296296296298,8.255555555555555,5.3,2.1999999999999997,12.433333333333332,1.5,1.8222222222222222,15.755555555555555,26.266666666666666,27.866666666666664,38.855555555555554,1.5,16.433333333333334,7.633333333333333,2.1999999999999997,21.95555555555556,2.033333333333333,2.277777777777778,0.7888888888888889,8.177777777777777,2.3333333333333335,0.0,9.522222222222222,0.5333333333333333,0.45555555555555555,10.511111111111111,10.988888888888889,0.23076923076923075,0.4185883997204752,0.7964071856287426,0.07086614173228346,0.4635416666666667,0.608058608058608,0.6931818181818182,0.5141179759575063,0.5989911727616646,0.5259259259259259,0.49763353617309003,0.30567685589519644,0.6767676767676767,0.4337044534412957,0.2622950819672131,0.20000000000000018,0.40016920473773265,0.2828138404346583
Tony Ferguson,Orthodox,No,Yes,Yes,Tony Ferguson,0.028502415458937197,0.12367149758454106,0.17198067632850242,0.02222222222222222,0.08892109500805152,14.557246376811595,4.8910628019323665,5.1089371980676335,23.06111111111111,0.4391304347826087,1.0570048309178746,24.557246376811595,51.99130434782609,26.787681159420288,54.48816425120773,0.38381642512077296,38.72705314009662,7.116666666666665,6.147584541062802,50.011111111111106,0.621256038647343,1.3589371980676328,0.057004830917874394,0.23067632850241546,0.14516908212560387,0.030917874396135265,0.7646175523349436,15.876328502415458,3.346376811594203,3.2111111111111112,20.693478260869565,0.17198067632850242,1.5683574879227051,22.433816425120774,44.56835748792271,24.807971014492754,47.63768115942029,0.8048309178743962,35.4951690821256,5.488888888888889,3.584299516908213,41.659178743961355,0.5333333333333334,2.3758454106280196,0.5741545893719806,19.618840579710145,2.142512077294686,0.37318840579710144,20.965700483091787,0.36135265700483093,0.807487922705314,22.134541062801933,22.82971014492754,0.32221522970421645,0.37589346971870513,0.6872687777890915,0.02011708773722054,0.46111975116640747,0.7068429237947123,0.7778172769285462,0.47233372358811393,0.4916238512995332,0.7133853541416567,0.5527186117727119,0.3903362084140116,0.9356425635150617,0.5032672538253251,0.6775362318840581,0.33987393249288345,0.49664251299366446,0.47923638576209304
Anthony Smith,Orthodox,No,No,Yes,Anthony Smith,0.09064935064935065,0.09493506493506494,0.15121212121212121,0.02,0.26842207792207795,6.796147186147186,2.0170995670995673,1.4135064935064936,8.58939393939394,0.8753246753246753,0.7620346320346321,10.226753246753248,21.62272727272727,12.133246753246754,23.735021645021646,0.5047186147186147,16.72779220779221,3.3258441558441563,1.569090909090909,19.253246753246753,1.4353679653679654,0.9341125541125542,0.07064935064935066,0.45272727272727276,0.01,0.02,1.7503181818181819,13.271125541125542,3.060822510822511,4.762943722943723,11.513246753246753,2.3906493506493502,7.190995670995671,21.094891774891774,34.71857142857143,37.41290043290043,52.41896103896104,1.0002164502164503,25.49021645021645,3.9428138528138525,5.285541125541125,22.70619047619048,3.178051948051948,8.834329004329003,0.5474891774891775,12.219090909090909,0.8819913419913419,0.5225974025974025,11.192943722943722,0.7874025974025974,1.6433333333333333,13.623679653679654,15.006060606060606,0.1880950338794065,0.4062787905137521,0.6064925091439207,0.06050322794239365,0.44612703766160766,0.609825979431191,0.8157845954212624,0.4729631520466081,0.511195942211903,0.5473706989829041,0.4793639525562816,0.22369591233983677,0.9143460883239418,0.4929467906419861,0.24776265783989226,0.18601676850930793,0.39240323242298314,0.28627161448139293
Khalil Rountree Jr.,Southpaw,No,No,No,Khalil Rountree Jr.,0.4583333333333333,0.0,0.022222222222222223,0.0,0.10291666666666666,9.502777777777778,3.222222222222222,3.283333333333333,14.161111111111111,0.9333333333333332,0.9138888888888889,16.008333333333333,41.22777777777778,19.330555555555552,45.04722222222222,0.022222222222222223,32.68888888888889,4.644444444444445,3.8944444444444444,38.394444444444446,1.3083333333333333,1.5250000000000001,0.022222222222222223,0.3972222222222222,0.022222222222222223,0.0,0.6318518518518518,9.652777777777779,4.497222222222223,3.6888888888888887,15.66388888888889,0.6083333333333333,1.5666666666666667,17.83888888888889,36.455555555555556,24.53888888888889,44.73888888888889,1.1388888888888888,26.563888888888886,5.563888888888889,4.3277777777777775,33.74166666666667,0.8583333333333334,1.8555555555555554,0.7416666666666667,16.91111111111111,1.0666666666666667,0.638888888888889,18.07777777777778,0.25,0.2888888888888889,18.616666666666664,20.2,0.0,0.2907036029911625,0.6937799043062199,0.0,0.3688322963391694,0.7133757961783439,0.599271402550091,0.3882899878722544,0.4291175926496886,0.651219512195122,0.6366203074349053,0.19171243135297045,0.9082156611039794,0.5357701490079855,0.2912621359223302,0.1556886227544909,0.510667479427004,0.4515087545014279
HyunSung Park,,No,No,No,HyunSung Park,0.3333333333333333,0.3333333333333333,1.0,0.0,1.1083333333333334,9.166666666666666,2.1666666666666665,4.166666666666667,12.833333333333334,1.3333333333333333,1.3333333333333333,15.5,38.5,21.833333333333332,50.166666666666664,1.1666666666666667,29.166666666666668,3.1666666666666665,6.166666666666667,31.666666666666668,3.1666666666666665,3.6666666666666665,0.16666666666666666,0.0,0.0,0.0,0.525,6.5,2.0,3.1666666666666665,11.5,0.16666666666666666,0.0,11.666666666666666,32.666666666666664,16.166666666666668,38.833333333333336,0.6666666666666666,25.5,2.8333333333333335,4.333333333333333,30.833333333333332,1.8333333333333333,0.0,0.6666666666666666,19.0,0.8333333333333334,1.1666666666666667,19.333333333333332,1.6666666666666667,0.0,21.0,22.666666666666668,0.2857142857142857,0.3142857142857143,0.6842105263157895,0.05405405405405405,0.4052631578947368,0.42105263157894735,0.36363636363636365,0.4025974025974026,0.43521594684385384,1.0,0.7450980392156863,0.2941176470588236,1.0,0.6270270270270271,0.9090909090909091,,0.6428571428571428,0.5836909871244635
Shannon Ross,,No,No,No,Shannon Ross,0.0,0.0,0.0,0.0,0.0,9.333333333333334,3.3333333333333335,6.0,18.5,0.16666666666666666,0.0,18.666666666666668,45.666666666666664,22.0,50.333333333333336,0.0,34.5,4.5,6.666666666666667,43.333333333333336,2.3333333333333335,0.0,1.0,0.0,0.0,0.0,0.6861111111111111,12.333333333333332,5.0,2.333333333333333,15.166666666666668,2.5,2.0,19.666666666666668,50.166666666666664,22.833333333333336,55.83333333333333,0.5,40.0,7.0,3.166666666666667,36.5,6.833333333333333,6.833333333333334,0.5,27.666666666666668,2.0,0.8333333333333333,21.333333333333332,4.333333333333333,4.833333333333333,30.5,33.0,,0.2705314009661836,0.7407407407407408,0.0,0.4269230769230769,0.07142857142857142,,0.4087591240875913,0.43708609271523174,1.0,0.6916666666666667,0.2857142857142857,1.0,0.5844748858447488,0.6341463414634146,0.7073170731707317,0.6079734219269103,0.5910447761194029
Andre Muniz,Southpaw,No,No,No,Andre Muniz,0.0,1.3416666666666668,0.31666666666666665,0.08333333333333333,1.9129166666666666,4.958333333333333,1.4916666666666665,1.4583333333333333,6.583333333333333,0.31666666666666665,1.0083333333333333,7.908333333333334,17.308333333333334,20.833333333333332,36.65,2.475,13.641666666666666,2.125,1.5416666666666667,15.549999999999999,0.39999999999999997,1.3583333333333334,0.0,0.3416666666666666,0.2333333333333333,0.35833333333333334,1.209861111111111,6.483333333333333,1.8916666666666666,0.9916666666666667,5.2250000000000005,0.16666666666666666,3.975,9.366666666666667,20.875,16.583333333333332,30.191666666666666,0.4666666666666666,17.216666666666665,2.558333333333333,1.0999999999999999,13.049999999999999,0.25,7.575,0.125,10.733333333333334,0.6666666666666666,0.10833333333333334,7.825,0.08333333333333333,3.6,11.508333333333333,13.608333333333334,0.5420875420875421,0.36346976175931583,0.7019607843137254,0.8702702702702703,0.42336548767416937,0.7916666666666667,0.7423312883435582,0.4569090033702456,0.5684402000909504,0.2678571428571429,0.6234269119070668,0.26058631921824105,0.6893939393939394,0.5996168582375478,0.33333333333333337,0.4752475247524752,0.5512974051896207,0.4507314380347779
JunYong Park,,No,No,No,JunYong Park,0.16666666666666666,0.1111111111111111,0.5555555555555555,0.4444444444444444,1.4583333333333333,12.0,1.4444444444444446,1.3888888888888886,10.333333333333334,0.3333333333333333,4.166666666666667,14.833333333333334,31.444444444444446,25.88888888888889,48.0,0.4444444444444444,28.333333333333332,1.6111111111111114,1.5,21.38888888888889,0.3333333333333333,9.722222222222221,0.0,2.055555555555556,0.0,0.3333333333333333,1.973148148148148,4.722222222222222,1.8888888888888886,0.8333333333333334,7.277777777777779,0.0,0.16666666666666666,7.4444444444444455,19.11111111111111,11.555555555555555,25.055555555555557,3.0,15.166666666666666,2.388888888888889,1.5555555555555554,18.777777777777775,0.16666666666666666,0.16666666666666666,0.9444444444444443,10.444444444444445,0.5,0.7222222222222223,11.5,0.16666666666666666,0.0,11.666666666666666,13.5,0.25,0.4235294117647059,0.896551724137931,0.07407407407407407,0.4831168831168831,1.0,0.42857142857142866,0.47173144876325085,0.5393518518518519,0.31481481481481477,0.6886446886446886,0.2093023255813955,-0.32142857142857184,0.6124260355029585,1.0,0.0,0.6104651162790697,0.5388026607538803
Luana Santos,,No,No,No,Luana Santos,0.0,0.6666666666666666,0.0,0.0,2.2222222222222223,13.0,8.333333333333334,3.5,22.166666666666668,2.6666666666666665,0.0,24.833333333333332,44.666666666666664,36.0,59.166666666666664,1.1666666666666667,29.833333333333332,10.666666666666666,4.166666666666667,39.0,5.666666666666667,0.0,0.0,0.3333333333333333,0.0,0.0,0.4472222222222222,12.0,4.5,0.0,11.833333333333334,4.666666666666667,0.0,16.5,44.333333333333336,35.5,65.83333333333333,0.6666666666666666,37.833333333333336,6.166666666666667,0.3333333333333333,37.833333333333336,6.5,0.0,0.3333333333333333,25.833333333333332,1.6666666666666667,0.3333333333333333,26.0,1.8333333333333333,0.0,27.833333333333332,30.333333333333332,0.5714285714285714,0.4357541899441341,0.7812500000000001,0.15999999999999998,0.5683760683760684,0.4705882352941176,,0.5559701492537313,0.6084507042253522,0.5,0.6828193832599119,0.2702702702702703,0.0,0.6872246696035242,0.28205128205128205,,0.6278195488721805,0.4607594936708861
Stephanie Egger,Orthodox,No,No,No,Stephanie Egger,0.0,0.7380952380952381,0.13095238095238096,0.09523809523809523,1.1718253968253969,6.166666666666667,1.4880952380952381,1.1785714285714286,5.214285714285714,1.9047619047619049,1.7142857142857142,8.833333333333334,19.476190476190478,23.21428571428571,37.702380952380956,1.857142857142857,15.94047619047619,2.0476190476190474,1.4880952380952381,15.25,2.25,1.9761904761904763,0.0,0.6428571428571429,0.19047619047619047,0.0,1.9926587301587302,4.476190476190476,3.5714285714285716,1.9285714285714286,7.726190476190477,0.7738095238095237,1.4761904761904763,9.976190476190476,20.488095238095237,21.48809523809524,35.92857142857142,1.130952380952381,13.19047619047619,4.8690476190476195,2.4285714285714284,16.678571428571427,1.7857142857142858,2.0238095238095237,0.48809523809523814,8.714285714285714,1.2976190476190477,0.5,8.952380952380953,1.0119047619047619,0.5476190476190476,10.511904761904761,14.44047619047619,0.39743589743589747,0.38685586258401794,0.7267441860465117,0.496,0.34192037470725994,0.8465608465608466,0.8674698795180722,0.45354523227383864,0.615724660562046,0.43157894736842095,0.6606498194945848,0.26650366748166265,0.7352941176470588,0.5367594575303354,0.5666666666666668,0.2705882352941176,0.5130737943056363,0.40192180251822385
Jamie Mullarkey,Orthodox,No,No,No,Jamie Mullarkey,0.075,0.7083333333333334,0.06666666666666667,0.041666666666666664,0.9070833333333334,9.858333333333333,4.116666666666666,5.383333333333333,16.75,1.6500000000000001,0.9583333333333334,19.358333333333334,41.65,21.233333333333334,43.98333333333333,2.191666666666667,29.75,6.05,5.8500000000000005,37.68333333333333,2.4916666666666667,1.4749999999999999,0.18333333333333335,0.13333333333333333,0.06666666666666667,0.20833333333333334,0.25166666666666665,14.0,4.175,2.5749999999999997,17.033333333333335,1.1333333333333335,2.5833333333333335,20.75,45.01666666666667,22.53333333333333,47.050000000000004,0.5916666666666667,35.333333333333336,7.0,2.6833333333333336,40.13333333333333,1.4833333333333334,3.4,0.4583333333333333,21.333333333333332,2.8249999999999997,0.10833333333333334,23.099999999999998,0.35000000000000003,0.8166666666666668,24.266666666666666,24.516666666666666,0.3231939163498099,0.33137254901960783,0.6804407713498623,0.12108262108262108,0.44449358690844765,0.6622073578595318,0.6497175141242939,0.46478591436574634,0.48275862068965525,0.7746478873239436,0.6037735849056605,0.4035714285714286,0.9503105590062112,0.5755813953488371,0.2359550561797752,0.24019607843137247,0.5390596075527583,0.5210768685795254
Nasrat Haqparast,Southpaw,No,No,No,Nasrat Haqparast,0.21666666666666667,0.1074074074074074,0.0,0.0,0.21462962962962964,20.072222222222223,6.392592592592592,1.0944444444444443,24.166666666666668,1.7055555555555557,1.687037037037037,27.55925925925926,61.166666666666664,30.090740740740742,63.94814814814814,0.524074074074074,51.06111111111111,8.612962962962962,1.4925925925925927,55.66851851851852,2.4592592592592593,3.038888888888889,0.027777777777777776,0.2333333333333333,0.037037037037037035,0.0,0.5479938271604938,15.437037037037038,5.5055555555555555,3.751851851851852,22.985185185185184,1.1351851851851853,0.5740740740740741,24.694444444444443,69.46851851851851,30.588888888888892,75.98148148148148,1.0703703703703704,57.153703703703705,8.053703703703704,4.261111111111111,67.35185185185185,1.4074074074074074,0.7092592592592593,0.837037037037037,41.71666666666667,2.5481481481481483,0.5092592592592592,44.36666666666667,0.2722222222222222,0.13518518518518519,44.77407407407407,45.39259259259259,0.20494699646643108,0.39310194755739314,0.7422059772092023,0.07196029776674936,0.4341172948338379,0.6935240963855422,0.5551492992078,0.4505600968816228,0.47054905594810614,0.7820069204152249,0.7299031202410653,0.3163945734651644,0.9452411994784876,0.6587297222985977,0.19342105263157894,0.19060052219321144,0.6445232319462586,0.5974165244942724
Rayanne Amanda,,No,No,No,Rayanne Amanda,0.0,0.0,0.0,0.0,0.07777777777777777,13.666666666666666,3.6666666666666665,1.6666666666666667,15.0,3.6666666666666665,0.3333333333333333,19.0,43.333333333333336,26.666666666666668,52.0,0.3333333333333333,34.666666666666664,5.666666666666667,3.0,39.0,4.0,0.3333333333333333,0.0,0.3333333333333333,0.0,0.0,0.911111111111111,7.0,4.0,1.0,7.0,2.6666666666666665,2.3333333333333335,12.0,52.333333333333336,16.0,58.666666666666664,3.0,41.666666666666664,8.333333333333334,2.3333333333333335,44.333333333333336,4.0,4.0,2.6666666666666665,34.666666666666664,4.333333333333333,1.3333333333333333,37.333333333333336,1.3333333333333333,1.6666666666666667,40.333333333333336,42.666666666666664,0.0,0.3942307692307692,0.6470588235294117,0.0,0.38461538461538464,0.9166666666666666,1.0,0.43846153846153846,0.5128205128205129,0.8888888888888888,0.832,0.52,0.8571428571428572,0.8421052631578947,0.33333333333333337,0.41666666666666663,0.7707006369426752,0.7272727272727273
Talita Alencar,,No,No,No,Talita Alencar,0.0,0.3333333333333333,0.0,0.0,0.911111111111111,7.0,4.0,1.0,7.0,2.6666666666666665,2.3333333333333335,12.0,52.333333333333336,16.0,58.666666666666664,3.0,41.666666666666664,8.333333333333334,2.3333333333333335,44.333333333333336,4.0,4.0,0.0,0.0,0.0,0.0,0.07777777777777777,13.666666666666666,3.6666666666666665,1.6666666666666667,15.0,3.6666666666666665,0.3333333333333333,19.0,43.333333333333336,26.666666666666668,52.0,0.3333333333333333,34.666666666666664,5.666666666666667,3.0,39.0,4.0,0.3333333333333333,0.3333333333333333,21.0,2.0,1.3333333333333333,24.0,0.3333333333333333,0.0,24.333333333333332,25.333333333333332,0.1111111111111111,0.168,0.48,0.14285714285714285,0.15789473684210525,0.6666666666666666,0.5833333333333334,0.22929936305732482,0.27272727272727276,1.0,0.6057692307692308,0.3529411764705883,1.0,0.6153846153846154,0.08333333333333337,0.0,0.5615384615384615,0.4871794871794871
Kevin Jousset,,No,No,No,Kevin Jousset,0.0,0.5,0.16666666666666666,0.0,0.6027777777777777,25.166666666666668,5.166666666666667,11.666666666666666,37.166666666666664,4.833333333333333,0.0,42.0,76.66666666666667,51.5,87.66666666666667,0.8333333333333334,57.0,6.833333333333333,12.833333333333334,70.83333333333333,5.833333333333333,0.0,0.0,0.0,0.0,0.0,0.0,15.666666666666666,3.6666666666666665,4.333333333333333,20.833333333333332,2.8333333333333335,0.0,23.666666666666668,54.333333333333336,33.333333333333336,66.16666666666667,0.3333333333333333,43.833333333333336,4.666666666666667,5.833333333333333,49.5,4.833333333333333,0.0,0.3333333333333333,28.166666666666668,1.0,1.5,28.666666666666668,2.0,0.0,30.666666666666668,32.833333333333336,0.6,0.4415204678362573,0.7560975609756099,0.03896103896103896,0.5247058823529411,0.8285714285714285,,0.5478260869565217,0.5874524714828897,1.0,0.6425855513307985,0.2142857142857144,1.0,0.5791245791245792,0.4137931034482758,,0.5644171779141105,0.49622166246851385
Song Kenan,Orthodox,No,No,No,Song Kenan,0.19166666666666665,0.08333333333333333,0.0,0.06666666666666667,0.08694444444444442,12.083333333333334,2.7083333333333335,4.483333333333333,16.458333333333332,1.8166666666666667,1.0,19.275000000000002,42.541666666666664,22.108333333333334,46.25,0.20833333333333334,32.108333333333334,4.741666666666666,5.691666666666666,38.59166666666667,2.6083333333333334,1.3416666666666668,0.125,0.425,0.06666666666666667,0.06666666666666667,0.6247222222222222,17.041666666666668,5.625,6.575,26.775000000000002,1.6666666666666667,0.7999999999999999,29.241666666666664,56.65833333333333,32.59166666666667,60.43333333333334,0.9166666666666666,41.775,7.425,7.458333333333333,53.0,2.5416666666666665,1.1166666666666667,0.4916666666666667,24.733333333333334,1.8,0.8833333333333333,26.224999999999998,0.875,0.31666666666666665,27.416666666666668,27.84166666666667,0.39999999999999997,0.3763301323643914,0.5711775043936732,0.014641288433382138,0.4264737637659252,0.6964856230031948,0.7453416149068323,0.45308521057786494,0.478018018018018,0.5363636363636364,0.5920606423299422,0.24242424242424243,0.9430167597765363,0.4948113207547169,0.34426229508196715,0.28358208955223885,0.4838946903956465,0.46070049641478217
Chris Gutierrez,Orthodox,No,No,No,Chris Gutierrez,0.08787878787878786,0.06818181818181819,0.01818181818181818,0.03484848484848485,0.15119949494949494,6.0659090909090905,1.856818181818182,8.912121212121212,16.068939393939395,0.30303030303030304,0.4628787878787879,16.834848484848486,28.130303030303033,21.041666666666664,32.93030303030303,0.5681818181818181,14.046969696969697,3.028787878787879,11.054545454545455,26.956818181818182,0.4962121212121212,0.6772727272727274,0.016666666666666666,0.25757575757575757,0.053030303030303025,0.0,2.2524116161616163,9.195454545454545,2.3303030303030305,2.568939393939394,8.122727272727271,0.5333333333333333,5.438636363636364,14.094696969696969,33.584848484848486,32.62045454545454,59.0939393939394,0.8575757575757577,25.636363636363637,4.126515151515152,3.821969696969697,25.122727272727275,1.0265151515151516,7.4356060606060606,0.6,16.44090909090909,1.7962121212121211,1.2530303030303032,17.0,0.49318181818181817,1.9969696969696968,19.490151515151517,26.47348484848485,0.12000000000000002,0.4318304390033437,0.6130565282641322,0.006167763157894738,0.596099260883006,0.6106870229007634,0.6834451901565994,0.598459549714532,0.638975798288396,0.6996466431095407,0.6413120567375887,0.4352854782449055,0.9326065411298315,0.6766781255654063,0.4804428044280443,0.26856851757514,0.5803257240819273,0.4479898466745297
Melquizael Costa,,No,No,No,Melquizael Costa,0.0,1.222222222222222,0.3333333333333333,0.0,1.4351851851851851,6.444444444444444,8.88888888888889,3.4444444444444446,16.22222222222222,2.2222222222222223,0.3333333333333333,18.777777777777775,40.666666666666664,24.555555555555557,49.333333333333336,3.555555555555556,23.666666666666668,13.222222222222221,3.777777777777778,36.55555555555555,3.444444444444444,0.6666666666666666,0.1111111111111111,0.4444444444444444,0.2222222222222222,0.0,0.6981481481481481,8.444444444444445,2.6666666666666665,0.6666666666666666,7.777777777777779,0.4444444444444444,3.5555555555555554,11.777777777777777,30.555555555555557,15.666666666666666,35.55555555555556,0.7777777777777777,25.777777777777782,3.444444444444444,1.3333333333333333,24.88888888888889,1.111111111111111,4.555555555555555,0.3333333333333333,17.333333333333332,0.7777777777777778,0.6666666666666666,17.11111111111111,0.6666666666666666,1.0,18.77777777777778,19.88888888888889,0.34374999999999994,0.272300469483568,0.6722689075630253,0.32352941176470584,0.4437689969604864,0.6451612903225807,0.5,0.4617486338797814,0.49774774774774777,0.4285714285714285,0.6724137931034484,0.22580645161290325,0.6666666666666667,0.6875,0.6,0.2195121951219512,0.6145454545454546,0.559375
Steve Garcia,Southpaw,No,No,No,Steve Garcia,0.3333333333333333,0.25,0.4166666666666667,0.0,0.513425925925926,7.9444444444444455,1.2777777777777777,0.611111111111111,4.277777777777778,0.4166666666666667,5.138888888888888,9.833333333333334,17.416666666666668,26.722222222222225,41.0,0.36111111111111116,15.138888888888891,1.6666666666666667,0.611111111111111,8.63888888888889,0.8055555555555557,7.972222222222222,0.2777777777777778,0.16666666666666666,0.08333333333333333,0.0,2.7569444444444446,3.611111111111111,0.5277777777777778,0.3333333333333333,2.194444444444444,0.4444444444444444,1.8333333333333333,4.472222222222222,9.666666666666666,9.61111111111111,18.38888888888889,0.8333333333333334,8.166666666666666,1.1666666666666667,0.3333333333333333,5.5555555555555545,0.7222222222222223,3.3888888888888893,0.6666666666666666,4.555555555555555,0.6388888888888888,0.0,3.3611111111111107,0.27777777777777773,1.5555555555555554,5.194444444444445,8.777777777777779,0.6923076923076922,0.5247706422018349,0.7666666666666666,0.4090909090909091,0.49517684887459806,0.5172413793103448,0.6445993031358884,0.5645933014354066,0.6517615176151762,0.8,0.5578231292517006,0.5476190476190477,0.5,0.605,0.3846153846153847,0.459016393442623,0.5373563218390804,0.4773413897280967
Carlos Hernandez,Orthodox,No,No,No,Carlos Hernandez,0.0,0.5277777777777778,0.0,0.0,0.3148148148148148,18.47222222222222,3.5833333333333335,1.472222222222222,17.333333333333332,4.861111111111112,1.3333333333333333,23.527777777777775,50.75,24.833333333333332,52.05555555555555,2.138888888888889,43.94444444444445,5.055555555555556,1.75,42.75,6.666666666666667,1.3333333333333333,0.1111111111111111,0.611111111111111,0.08333333333333333,0.0,0.7800925925925926,11.722222222222221,8.916666666666666,2.2777777777777777,18.305555555555557,1.9444444444444444,2.6666666666666665,22.916666666666668,43.52777777777778,26.86111111111111,48.25,1.4444444444444444,30.555555555555557,10.5,2.4722222222222223,37.19444444444445,2.8333333333333335,3.5,0.8333333333333334,18.833333333333332,1.5833333333333333,0.19444444444444442,18.88888888888889,0.8888888888888888,0.8333333333333334,20.61111111111111,21.38888888888889,0.24675324675324675,0.4203539823008849,0.7087912087912087,0.30158730158730157,0.40545808966861596,0.7291666666666667,1.0,0.4636015325670498,0.4770544290288154,0.576923076923077,0.6163636363636364,0.1507936507936508,0.752808988764045,0.5078416728902166,0.3137254901960784,0.23809523809523814,0.47351627313337585,0.44329303396660913
Tatsuro Taira,,No,No,No,Tatsuro Taira,0.16666666666666666,0.6,0.7999999999999999,0.31666666666666665,2.8102777777777774,12.933333333333332,1.2333333333333334,3.0666666666666664,5.8999999999999995,0.3833333333333333,10.950000000000001,17.233333333333334,24.316666666666666,28.46666666666667,38.56666666666667,1.4166666666666667,19.75,1.4333333333333333,3.1333333333333333,9.133333333333333,0.5166666666666667,14.666666666666666,0.06666666666666667,0.2333333333333333,0.4666666666666666,0.5666666666666667,0.5563888888888889,3.6666666666666665,1.3833333333333335,0.6,5.133333333333334,0.25,0.26666666666666666,5.6499999999999995,10.25,7.483333333333333,12.166666666666666,0.5833333333333334,7.366666666666667,1.8166666666666667,1.0666666666666667,9.733333333333333,0.25,0.26666666666666666,0.35000000000000003,3.6999999999999997,0.43333333333333335,0.4666666666666666,4.6000000000000005,0.0,0.0,4.6000000000000005,4.683333333333334,0.4235294117647058,0.6548523206751055,0.8604651162790699,0.19148936170212766,0.645985401459854,0.7419354838709676,0.7465909090909092,0.7087045921864291,0.7381158167675022,0.6000000000000001,0.502262443438914,0.23853211009174302,0.78125,0.4726027397260273,0.0,0.0,0.4487804878048781,0.384931506849315
Sumudaerji,Southpaw,No,No,No,Sumudaerji,0.13888888888888887,0.16666666666666666,0.16666666666666666,0.2222222222222222,0.7916666666666666,15.611111111111109,2.888888888888889,3.6388888888888893,14.861111111111112,1.25,6.027777777777778,22.138888888888886,41.38888888888889,24.305555555555554,43.77777777777777,0.16666666666666666,32.55555555555556,4.388888888888888,4.444444444444444,30.36111111111111,1.8333333333333333,9.194444444444445,0.0,0.3333333333333333,0.27777777777777773,0.05555555555555555,0.7351851851851853,8.13888888888889,1.277777777777778,1.5,5.861111111111111,1.4166666666666667,3.6388888888888893,10.916666666666666,31.25,15.194444444444443,36.25,1.111111111111111,26.0,3.0833333333333335,2.1666666666666665,23.277777777777775,1.9722222222222223,6.0,0.7777777777777778,17.86111111111111,1.8055555555555556,0.6666666666666666,17.416666666666668,0.5555555555555556,2.361111111111111,20.333333333333332,21.055555555555557,1.0,0.4795221843003412,0.6582278481012659,0.037500000000000006,0.4894784995425435,0.6818181818181819,0.6555891238670695,0.5348993288590603,0.5552030456852792,0.7,0.686965811965812,0.5855855855855856,0.8461538461538461,0.7482100238663485,0.2816901408450704,0.3935185185185185,0.6506666666666667,0.5808429118773947
Tim Elliott,Southpaw,No,No,Yes,Tim Elliott,0.025910931174089068,0.9319298245614036,0.1816464237516869,0.08696356275303643,1.0628358074673865,6.359460188933873,2.4332523616734143,2.124264507422402,6.954493927125506,1.8825371120107963,2.079946018893387,10.91697705802969,25.708232118758435,29.90353576248313,47.355411605937924,1.790769230769231,17.980188933873144,4.543427800269905,3.184615384615385,19.895546558704453,2.6761673414304994,3.1365182186234817,0.0,0.4649932523616734,0.5415924426450742,0.2946828609986505,2.1635537561853355,6.751309041835358,2.0606747638326586,1.1354925775978408,7.011983805668017,0.997246963562753,1.9382456140350874,9.947476383265856,22.328636977058032,20.04199730094467,32.96421052631579,1.092523616734143,17.987530364372468,2.8227260458839405,1.5183805668016195,18.386558704453442,1.5605937921727395,2.381484480431849,0.6275303643724697,11.236221322537112,0.762051282051282,0.3828879892037787,11.374574898785426,0.5633468286099865,0.44323886639676113,12.381160593792174,12.92221322537112,0.5204075480798216,0.35369262315999317,0.5355543146363777,0.292634969065175,0.3495502828537707,0.7034452154268195,0.6631385102574693,0.4246490776806056,0.6314702955455572,0.5743860862690844,0.6246672608704785,0.26996997571283776,0.6937571103526735,0.6186353347366937,0.36098235904531306,0.18611872974136967,0.5544969272649032,0.39200736250167856
Arman Tsarukyan,Orthodox,No,No,No,Arman Tsarukyan,0.24,0.675,0.0,0.0,1.2831428571428571,11.424285714285714,5.377857142857143,1.7192857142857143,13.930714285714284,0.8835714285714286,3.707142857142857,18.521428571428572,42.129285714285714,28.175714285714285,53.33857142857143,1.9892857142857143,33.31214285714286,6.877857142857143,1.9392857142857143,35.682857142857145,1.582142857142857,4.864285714285714,0.0,0.9592857142857142,0.0,0.0,0.8702500000000001,9.032142857142857,2.1478571428571427,0.4407142857142857,9.621428571428572,1.4364285714285714,0.5628571428571428,11.620714285714286,21.125,19.03642857142857,29.185000000000002,2.732857142857143,17.60214285714286,2.968571428571429,0.5542857142857143,18.51357142857143,1.8800000000000001,0.7314285714285714,1.7735714285714288,8.57,0.8207142857142857,0.11357142857142857,8.892142857142858,0.4435714285714285,0.16857142857142854,9.504285714285714,10.148571428571428,0.3393177737881508,0.34294658747346524,0.7819088171149652,0.34806629834254144,0.39040355512851305,0.5584650112866817,0.762114537444934,0.43963310218544954,0.5282427618716019,0.648980658651333,0.4868725398693342,0.27646775745909546,-0.7306701030927834,0.48030402407500294,0.23594224924012164,0.23046875,0.44990701606086225,0.34773244572799156
Beneil Dariush,Southpaw,No,No,No,Beneil Dariush,0.13172302737520128,0.5597423510466989,0.2428341384863124,0.022222222222222223,1.8731454643048846,10.029951690821257,3.791304347826087,2.4602254428341386,10.921417069243155,2.617391304347826,2.7426731078904996,16.28148148148148,33.41578099838969,22.218357487922702,41.4743961352657,1.6103059581320451,25.31368760064412,5.319162640901771,2.7829307568438004,25.451207729468603,3.88695652173913,4.077616747181964,0.09468599033816426,0.17616747181964573,0.21288244766505637,0.059259259259259255,0.38940418679549116,7.092753623188405,3.3777777777777778,0.9359098228663446,8.838325281803543,1.633816425120773,0.9342995169082126,11.406441223832529,27.97487922705314,16.489533011272144,34.03768115942029,1.000644122383253,21.55684380032206,5.342673107890499,1.0753623188405796,24.474396135265703,2.2508856682769727,1.249597423510467,0.8244766505636071,14.464090177133656,1.9648953301127214,0.13945249597423512,15.636070853462158,0.6170692431561996,0.3152979066022544,16.56843800322061,17.548148148148147,0.3476,0.3962264150943397,0.7127633809639138,0.20113412799444508,0.42911193784324136,0.6733780760626399,0.6726166969433696,0.4872392921855122,0.5357126217211013,0.8239459285484391,0.6709743926853318,0.3677738260292964,0.8361784965558551,0.6388746331898991,0.27414508513378166,0.25231958762886597,0.5922612880200778,0.5155506353666959
Clay Guida,Orthodox,No,No,No,Clay Guida,0.03555555555555555,0.5188888888888888,0.10999999999999999,0.01388888888888889,1.208361111111111,8.644444444444444,1.285,1.845,9.082777777777778,1.0450000000000002,1.646666666666667,11.774444444444445,44.87222222222222,18.232777777777777,52.58555555555556,1.7550000000000001,40.62555555555556,2.1788888888888893,2.0677777777777777,40.73777777777778,1.4877777777777776,2.6466666666666665,0.039999999999999994,0.32,0.38666666666666666,0.01111111111111111,0.4618981481481482,10.217777777777778,2.527222222222222,1.6205555555555555,9.337222222222222,3.0661111111111112,1.962222222222222,14.365555555555556,37.465555555555554,18.326666666666664,42.089999999999996,1.6011111111111114,31.960555555555555,3.542777777777778,1.962222222222222,31.535555555555554,3.5844444444444448,2.3455555555555554,1.281111111111111,21.74277777777778,1.0155555555555555,0.3416666666666667,22.198333333333334,0.5183333333333333,0.3833333333333333,23.1,23.763333333333332,0.2956631845520734,0.2127834149276591,0.5897501274859764,0.25094035464803865,0.22295712415448396,0.7023898431665424,0.6221662468513856,0.2623994057199455,0.3467259703763179,0.8001387925052048,0.6803003702480488,0.28665516700642946,0.8369195922989807,0.7039144528222112,0.1446063236205828,0.1634296541923259,0.6165663275897861,0.5645838283044271
Joaquim Silva,Southpaw,No,No,No,Joaquim Silva,0.075,0.13888888888888887,0.22777777777777777,0.0,0.26796296296296296,9.933333333333334,4.605555555555555,1.625,12.947222222222223,2.161111111111111,1.0555555555555556,16.163888888888888,39.05833333333333,22.733333333333334,46.81111111111111,0.22777777777777777,30.79722222222222,6.463888888888889,1.7972222222222223,33.78333333333333,3.108333333333333,2.1666666666666665,0.10833333333333334,0.6944444444444445,0.0,0.0,1.035787037037037,14.069444444444443,3.4361111111111113,2.2583333333333333,14.444444444444443,2.091666666666667,3.227777777777778,19.76388888888889,43.75277777777777,26.541666666666668,51.06388888888889,1.9472222222222222,35.550000000000004,5.344444444444444,2.858333333333333,37.46111111111111,2.711111111111111,3.5805555555555557,1.2527777777777778,21.480555555555554,1.9083333333333332,0.6,23.016666666666666,0.6194444444444445,0.3527777777777778,23.98888888888889,24.522222222222222,0.6097560975609755,0.3225399116081898,0.7125053717232488,0.07727975270479133,0.3832428876829469,0.6952636282394996,0.4871794871794872,0.4138396984567243,0.48563968668407315,0.6433666191155492,0.6042350367244883,0.357068607068607,0.7570456754130223,0.6144149488358297,0.22848360655737687,0.09852598913886734,0.5482826487207161,0.4802262960343796
Drakkar Klose,Orthodox,No,No,No,Drakkar Klose,0.07037037037037037,0.5349206349206349,0.0,0.03333333333333333,0.9832716049382716,10.424867724867726,5.751322751322751,3.8735449735449734,11.537037037037038,6.601058201058201,1.9116402116402116,20.04973544973545,36.78201058201058,30.172486772486774,48.287830687830684,1.8063492063492064,25.824338624338623,6.3428571428571425,4.614814814814815,26.133333333333336,7.808465608465608,2.84021164021164,0.037037037037037035,0.4507936507936508,0.13703703703703704,0.03333333333333333,0.7670458553791888,7.550264550264551,4.774074074074075,3.6973544973544974,12.505820105820106,2.967724867724868,0.5481481481481482,16.021693121693122,33.88253968253968,23.743915343915344,42.74074074074074,1.5005291005291006,22.452910052910052,6.832275132275132,4.597354497354497,29.126984126984127,3.9851851851851854,0.7703703703703705,1.0497354497354496,14.902645502645504,2.058201058201058,0.9,16.62116402116402,1.0174603174603176,0.2222222222222222,17.86084656084656,18.996825396825397,0.2961335676625659,0.4036838223242092,0.90674007340674,0.11591378124283422,0.44146825396825395,0.8453720016262367,0.6730625931445603,0.5450962340688743,0.6248465988779804,0.6995768688293371,0.6637289094165331,0.30124680554479977,0.9019449879157555,0.570644868301544,0.2553106744556558,0.28846153846153855,0.5271401355445204,0.444466452092102
Joe Solecki,Orthodox,No,No,No,Joe Solecki,0.0,0.8071428571428573,0.3904761904761904,0.0,2.8365079365079366,8.611904761904762,0.9238095238095237,0.811904761904762,6.30952380952381,0.769047619047619,3.269047619047619,10.347619047619048,19.58809523809524,33.21190476190476,47.85476190476191,1.7285714285714284,17.58809523809524,1.188095238095238,0.811904761904762,14.621428571428572,0.9833333333333334,3.983333333333333,0.047619047619047616,0.08333333333333333,0.0,0.1976190476190476,0.7412301587301586,5.0,2.1809523809523808,1.2809523809523808,5.983333333333333,1.4904761904761905,0.9880952380952381,8.461904761904762,17.55,15.497619047619047,25.861904761904764,0.16666666666666666,12.799999999999999,3.0404761904761908,1.7095238095238094,14.80952380952381,1.5738095238095238,1.1666666666666667,0.08333333333333333,7.8,0.8595238095238095,0.42857142857142855,8.826190476190476,0.08333333333333333,0.17857142857142858,9.088095238095237,10.364285714285714,0.4669421487603307,0.4896439691349668,0.7775551102204409,0.9941348973607038,0.43152581012864355,0.7820823244552056,0.8206814106395697,0.5282606053239334,0.6940146275934126,0.5,0.609375,0.28269381362568535,0.9512534818941504,0.5959807073954984,0.052950075642965166,0.15306122448979598,0.5178401845068512,0.4007549254280981
Bobby Green,Orthodox,No,No,No,Bobby Green,0.0625,0.37459150326797386,0.09722222222222222,0.07638888888888888,0.738568899782135,18.03063725490196,7.439950980392157,4.792075163398693,24.565359477124186,2.9362745098039214,2.761029411764706,30.26266339869281,57.43545751633987,34.47671568627451,62.28758169934641,0.9272875816993463,41.56658496732026,10.055555555555555,5.813316993464052,50.29820261437908,3.428513071895425,3.708741830065359,0.07516339869281045,0.35498366013071897,0.04738562091503268,0.020833333333333332,0.42736928104575167,11.042075163398692,3.761846405228758,3.382761437908497,15.938316993464051,1.1200980392156863,1.1282679738562091,18.186683006535947,47.904003267973856,20.799836601307188,51.04779411764705,1.2561274509803921,36.444035947712415,6.719771241830066,4.740196078431373,44.19281045751634,1.938316993464052,1.772875816993464,0.9011437908496731,25.401960784313726,2.9579248366013076,1.3574346405228759,28.25449346405229,0.8182189542483661,0.6446078431372549,29.71732026143791,30.24795751633987,0.4039647577092511,0.4337772099651123,0.739884627884303,0.06443679291687163,0.48839437992365803,0.8564279756940306,0.7444652494768148,0.5268986216412284,0.5535086568730325,0.7173983739837398,0.6970128341646584,0.4401823708206688,0.9251120303343674,0.6393459291577313,0.4221285563751317,0.3635944700460829,0.620351499543784,0.5925419117352859
Jalin Turner,Southpaw,No,No,No,Jalin Turner,0.23232323232323235,0.22727272727272727,0.2878787878787879,0.030303030303030304,0.4495791245791246,14.792929292929294,5.883838383838384,0.9646464646464646,15.474747474747474,2.308080808080808,3.8585858585858586,21.641414141414142,45.19191919191919,27.348484848484848,51.36363636363637,0.5353535353535354,35.58585858585859,8.202020202020202,1.404040404040404,36.63131313131313,3.2222222222222228,5.338383838383838,0.1414141414141414,0.5151515151515151,0.1414141414141414,0.11616161616161617,1.1808080808080808,10.94949494949495,3.242424242424242,3.9393939393939394,14.156565656565656,2.1464646464646466,1.828282828282828,18.13131313131313,30.722222222222225,28.681818181818183,42.15151515151515,2.3838383838383836,21.348484848484848,5.171717171717172,4.2020202020202015,24.641414141414142,3.5252525252525255,2.5555555555555554,1.8686868686868685,10.398989898989898,1.9292929292929293,0.2626262626262626,10.484848484848484,1.378787878787879,0.7272727272727272,12.590909090909092,13.469696969696969,0.4245283018867924,0.41569684927618505,0.7173645320197044,0.1618705035971223,0.42244588446160214,0.7163009404388713,0.7228003784295175,0.47887796155565493,0.5324483775811208,0.7838983050847458,0.4871066950555949,0.3730468750000001,0.8774038461538461,0.4254970280795245,0.39111747851002865,0.2845849802371542,0.40983067565346054,0.31955427749820264
Julia Avila,Orthodox,No,No,No,Julia Avila,0.08333333333333333,0.15,0.08333333333333333,0.16666666666666666,0.8827777777777778,7.433333333333334,2.0,1.4166666666666667,8.016666666666667,2.1,0.7333333333333334,10.85,25.116666666666664,20.216666666666665,36.800000000000004,0.48333333333333334,20.766666666666666,2.766666666666667,1.5833333333333333,21.150000000000002,3.0666666666666664,0.9,0.0,0.7166666666666667,0.3333333333333333,0.15,2.1372222222222224,9.966666666666667,1.2333333333333334,0.8833333333333333,6.95,0.7999999999999999,4.333333333333333,12.083333333333334,24.516666666666666,26.05,41.38333333333333,1.4166666666666667,21.416666666666668,1.8499999999999999,1.25,17.483333333333334,1.45,5.583333333333333,0.7000000000000001,11.450000000000001,0.6166666666666667,0.3666666666666667,10.533333333333333,0.65,1.25,12.433333333333332,15.333333333333334,0.3103448275862069,0.3579454253611557,0.7228915662650601,0.09473684210526316,0.37903861308116626,0.6847826086956522,0.8148148148148149,0.43198407431984076,0.5493659420289854,0.49411764705882355,0.5346303501945526,0.33333333333333326,0.42666666666666664,0.6024785510009534,0.4482758620689655,0.22388059701492535,0.5071380013596193,0.3705195328231977
Miesha Tate,Orthodox,Yes,No,Yes,Miesha Tate,0.015384615384615385,0.4576923076923077,0.2833333333333333,0.03205128205128205,1.1365384615384615,8.964102564102564,5.875641025641025,1.1294871794871795,11.602564102564102,2.5397435897435896,1.826923076923077,15.969230769230768,33.51794871794872,25.335897435897436,44.516666666666666,1.7653846153846153,23.953846153846154,8.146153846153846,1.4179487179487178,27.72692307692308,3.5179487179487183,2.273076923076923,0.015384615384615385,0.308974358974359,0.1282051282051282,0.03205128205128205,0.6879487179487179,11.61025641025641,3.1256410256410256,1.4897435897435898,12.514102564102563,2.693589743589744,1.0179487179487179,16.225641025641025,35.67179487179487,27.223076923076924,47.77051282051282,0.7282051282051283,29.9974358974359,3.91025641025641,1.7641025641025643,30.82948717948718,3.4,1.4423076923076923,0.41923076923076924,18.387179487179488,0.7846153846153847,0.2743589743589744,18.315384615384616,0.7064102564102563,0.42435897435897435,19.446153846153845,20.547435897435896,0.25925925925925924,0.37422393491757655,0.721277935158955,0.3227848101265823,0.41845840847089283,0.7219387755102039,0.8037225042301186,0.476438188494492,0.5691328514241282,0.5757042253521127,0.612958372510471,0.20065573770491796,0.8248546511627908,0.5940865804466254,0.20776772247360475,0.2942222222222223,0.5451408855664175,0.4301280158879257
Dustin Stoltzfus,Orthodox,No,No,No,Dustin Stoltzfus,0.05555555555555555,0.6944444444444443,0.13333333333333333,0.13888888888888887,1.0966666666666667,7.8,3.1388888888888893,3.3111111111111113,11.6,1.4166666666666667,1.2333333333333334,14.25,33.53888888888889,26.96111111111111,47.455555555555556,1.7777777777777777,25.74444444444444,4.1000000000000005,3.694444444444444,29.53888888888889,1.9277777777777778,2.0722222222222224,0.05555555555555555,0.42777777777777776,0.3888888888888889,0.0,0.969537037037037,10.972222222222221,1.9166666666666667,1.3222222222222222,11.844444444444443,1.45,0.9166666666666666,14.21111111111111,27.73888888888889,18.57777777777778,33.144444444444446,0.8055555555555555,23.833333333333332,2.283333333333333,1.6222222222222225,24.53333333333333,1.7055555555555557,1.5,0.37777777777777777,12.861111111111112,0.3666666666666667,0.3,12.688888888888888,0.25555555555555554,0.5833333333333334,13.527777777777779,14.566666666666668,0.39062499999999994,0.30297798877859305,0.7655826558265583,0.18796992481203006,0.392702651871356,0.7348703170028819,0.5951742627345844,0.4248799072386947,0.5681339264809178,0.46896551724137925,0.5396270396270396,0.16058394160583933,0.7363013698630138,0.5172101449275363,0.14983713355048867,0.38888888888888895,0.48768275585820153,0.4394904458598726
Punahele Soriano,Southpaw,No,No,No,Punahele Soriano,0.2571428571428571,0.047619047619047616,0.0,0.0,0.21611111111111111,11.642857142857144,4.776190476190476,0.557142857142857,12.342857142857142,1.180952380952381,3.4523809523809526,16.976190476190478,36.214285714285715,20.2,39.81428571428572,0.3047619047619048,29.066666666666666,6.142857142857143,1.0047619047619047,30.37142857142857,1.7714285714285716,4.071428571428572,0.047619047619047616,1.5666666666666667,0.11428571428571428,0.21428571428571427,1.1965873015873016,12.214285714285714,6.514285714285715,3.3000000000000003,18.45714285714286,2.7619047619047614,0.8095238095238094,22.02857142857143,43.15714285714285,27.37142857142857,49.40952380952381,2.033333333333333,31.85238095238095,7.909523809523809,3.395238095238095,38.85238095238095,3.4952380952380953,0.8095238095238094,0.4666666666666666,19.638095238095236,1.3952380952380954,0.09523809523809523,20.395238095238096,0.7333333333333334,0.0,21.12857142857143,22.038095238095238,0.15624999999999997,0.4005570117955439,0.7775193798449612,0.04739336492890995,0.4063969896519285,0.6666666666666666,0.8479532163742689,0.46877054569362264,0.5073555794761392,0.2295081967213114,0.6165346090596502,0.17639975918121598,0.5385694249649369,0.5249417820811373,0.2098092643051772,0.0,0.4895729890764646,0.446029298380879
Deiveson Figueiredo,Orthodox,Yes,No,Yes,Deiveson Figueiredo,0.27666666666666667,0.42333333333333334,0.31833333333333336,0.0,0.571861111111111,11.23,4.123333333333333,1.51,13.59,0.9266666666666665,2.3466666666666667,16.863333333333333,30.5,19.706666666666667,33.513333333333335,1.1566666666666667,23.275,5.118333333333334,2.1066666666666665,25.798333333333336,1.345,3.3566666666666665,0.013333333333333332,0.64,0.06333333333333332,0.0,0.8062222222222223,13.586666666666668,2.705,1.7600000000000002,15.625,1.2916666666666667,1.135,18.051666666666666,37.776666666666664,21.826666666666664,41.913333333333334,1.225,31.9,3.72,2.1566666666666667,34.045,1.9183333333333334,1.8133333333333332,0.585,18.313333333333333,1.0150000000000001,0.39666666666666667,18.419999999999998,0.6266666666666667,0.6783333333333333,19.725,20.086666666666666,0.3659942363112392,0.48249194414607954,0.8056007815043958,0.2009493670886076,0.5267782156470056,0.6889714993804212,0.6991062562065542,0.5528961748633879,0.5880246667992839,0.47755102040816333,0.574085684430512,0.2728494623655914,0.7032457496136013,0.5410486121310031,0.32667245873153783,0.3740808823529411,0.5221477102267713,0.4792428821377446
Rob Font,Orthodox,No,No,No,Rob Font,0.09705882352941177,0.23235294117647057,0.06862745098039216,0.028431372549019607,0.3432298474945534,20.3921568627451,4.35686274509804,1.7395424836601308,23.774509803921568,1.6173202614379085,1.096732026143791,26.48856209150327,57.44346405228758,29.923202614379086,61.24248366013072,0.64640522875817,49.74052287581699,5.688888888888888,2.0140522875816993,54.005228758169935,2.0065359477124183,1.4316993464052288,0.15065359477124182,0.5522875816993464,0.11176470588235295,0.011764705882352941,1.4498474945533768,11.797385620915033,2.5996732026143787,2.9790849673202615,13.821895424836601,0.9006535947712418,2.65359477124183,17.376143790849675,37.33986928104575,23.137908496732027,44.19346405228758,1.0401960784313726,30.10849673202614,3.5656862745098037,3.6656862745098038,32.32875816993464,1.2509803921568627,3.7601307189542483,0.4879084967320262,18.31111111111111,0.9660130718954247,0.6866013071895425,18.50686274509804,0.3503267973856209,1.1065359477124184,19.963725490196076,21.055555555555554,0.3594539939332659,0.4099706976071903,0.7658547794117649,0.11536589323381469,0.44022607348598536,0.8060260586319219,0.7660351517918285,0.4611240378434039,0.48860204266763424,0.4690543512409676,0.6081708852515955,0.27091925579690224,0.8493358295444414,0.5724582010795949,0.2800417972831766,0.2942812445680515,0.5346490460353579,0.4764404874585897
Rodolfo Bellato,,No,No,No,Rodolfo Bellato,0.0,0.5,0.0,0.0,1.4083333333333332,35.0,4.5,0.5,9.0,5.5,25.5,40.0,65.5,49.5,80.0,2.0,58.0,6.0,1.5,23.0,7.0,35.5,0.5,0.0,0.0,0.0,0.8416666666666666,29.0,4.5,3.0,19.0,6.0,11.5,36.5,63.5,46.0,76.5,0.0,55.5,5.0,3.0,36.5,10.5,16.5,0.0,26.5,0.5,0.0,17.5,4.5,5.0,27.0,30.5,0.25,0.603448275862069,0.75,0.3333333333333333,0.391304347826087,0.7857142857142857,0.7183098591549296,0.6106870229007634,0.61875,,0.4774774774774775,0.09999999999999998,1.0,0.4794520547945206,0.4285714285714286,0.303030303030303,0.4251968503937008,0.39869281045751637
Kelvin Gastelum,Southpaw,No,No,Yes,Kelvin Gastelum,0.1697192513368984,0.28375668449197866,0.01818181818181818,0.1640374331550802,0.7937633689839572,10.921122994652407,2.812366310160428,2.532620320855615,13.911631016042781,1.356283422459893,0.9981951871657755,16.26610962566845,40.76056149732621,20.545454545454543,45.84151069518716,1.2010695187165776,33.85808823529412,3.7875,3.1149732620320854,36.628743315508025,2.368850267379679,1.7629679144385026,0.1860294117647059,0.4850935828877006,0.19545454545454546,0.07085561497326202,0.6353520499108735,11.332820855614973,2.7845588235294114,2.465842245989305,14.43683155080214,1.2392379679144385,0.9071524064171121,16.583221925133692,38.75207219251337,21.347192513368984,44.28362299465241,1.2667780748663102,31.39946524064171,4.254077540106952,3.098529411764706,35.50020053475936,2.0058823529411764,1.2459893048128343,0.7816844919786096,20.066644385026738,1.46951871657754,0.632687165775401,21.06336898395722,0.7666443850267379,0.33883689839572195,22.16885026737968,22.936430481283423,0.236253339269813,0.32255580760369346,0.7425389597783308,0.09109442060085839,0.37980093655445774,0.5725492409278176,0.5662015621445363,0.3990649055885912,0.4481844998971987,0.6170650625296819,0.6390759916208253,0.34543768953976217,0.8434439314837986,0.5933309859287531,0.38219808051186344,0.2719420600858371,0.5720687698260054,0.5179438566725486
Sean Brady,Orthodox,No,No,No,Sean Brady,0.047619047619047616,1.0,0.42857142857142855,0.047619047619047616,1.9080952380952383,11.104761904761906,0.9904761904761905,4.866666666666666,14.352380952380953,0.30476190476190473,2.304761904761905,16.961904761904762,31.647619047619045,35.89523809523809,55.0,1.6857142857142857,24.790476190476188,1.4571428571428573,5.3999999999999995,28.390476190476193,0.4476190476190476,2.8095238095238098,0.0,0.06666666666666667,0.0,0.047619047619047616,0.1619047619047619,10.533333333333333,2.8476190476190477,2.79047619047619,14.561904761904763,1.0666666666666667,0.5428571428571428,16.171428571428574,41.55238095238095,20.523809523809522,46.39047619047619,0.4380952380952381,33.666666666666664,4.714285714285714,3.1714285714285713,39.05714285714286,1.6095238095238094,0.8857142857142857,0.37142857142857144,23.133333333333336,1.8666666666666665,0.38095238095238093,24.495238095238093,0.5428571428571428,0.3428571428571428,25.38095238095238,25.866666666666664,0.5932203389830508,0.447944679216289,0.6797385620915032,0.1851851851851852,0.5055350553505534,0.6808510638297872,0.8203389830508475,0.5359614805898285,0.6526406926406926,0.8478260869565217,0.6871287128712871,0.39595959595959596,0.978978978978979,0.6271641063155328,0.3372781065088757,0.3870967741935484,0.6108182443272976,0.557585711352905
Jamey-Lyn Horth,,No,No,No,Jamey-Lyn Horth,0.0,0.16666666666666666,0.0,0.0,0.85,8.833333333333334,8.333333333333334,2.6666666666666665,11.5,8.333333333333334,0.0,19.833333333333332,31.833333333333332,28.833333333333332,42.166666666666664,0.6666666666666666,18.0,9.833333333333334,4.0,22.166666666666668,9.666666666666666,0.0,0.0,0.5,0.0,0.0,1.0666666666666667,11.166666666666666,5.333333333333333,1.1666666666666667,12.166666666666666,4.833333333333333,0.6666666666666666,17.666666666666668,41.833333333333336,24.333333333333332,49.166666666666664,1.6666666666666667,32.833333333333336,7.5,1.5,34.5,6.666666666666667,0.6666666666666666,1.1666666666666667,21.666666666666668,2.1666666666666665,0.3333333333333333,22.333333333333332,1.8333333333333333,0.0,24.166666666666668,24.833333333333332,0.25,0.49074074074074076,0.847457627118644,0.041666666666666664,0.518796992481203,0.8620689655172415,,0.6230366492146596,0.6837944664031621,0.7,0.6598984771573604,0.288888888888889,0.6666666666666667,0.6473429951690821,0.275,0.0,0.5776892430278884,0.5050847457627119
Veronica Hardy,,No,No,No,Veronica Hardy,0.0,0.8333333333333334,0.0,0.0,1.5277777777777777,11.333333333333334,3.8333333333333335,2.3333333333333335,10.333333333333334,3.0,4.166666666666667,17.5,29.666666666666668,23.166666666666668,36.166666666666664,1.0,23.0,4.166666666666667,2.5,20.666666666666668,4.333333333333333,4.666666666666667,0.0,0.16666666666666666,0.5,0.0,0.8833333333333333,6.0,4.833333333333333,1.3333333333333333,7.5,4.5,0.16666666666666666,12.166666666666666,27.666666666666668,20.5,37.166666666666664,1.0,18.666666666666668,6.666666666666667,2.3333333333333335,20.666666666666668,6.166666666666667,0.8333333333333334,0.8333333333333334,12.666666666666666,1.8333333333333333,1.0,13.166666666666666,1.6666666666666667,0.6666666666666666,15.5,16.666666666666668,0.8333333333333334,0.4927536231884058,0.9199999999999999,0.33333333333333337,0.5,0.6923076923076924,0.8928571428571429,0.5898876404494382,0.6405529953917052,0.8333333333333334,0.6785714285714286,0.275,0.9285714285714286,0.6370967741935485,0.2702702702702703,0.8,0.5602409638554218,0.44843049327354256
Jared Gooden,Orthodox,No,No,No,Jared Gooden,0.05555555555555555,0.20555555555555557,0.06666666666666667,0.0,0.19629629629629627,12.827777777777778,6.116666666666667,3.3166666666666664,19.36111111111111,1.8277777777777777,1.0722222222222222,22.26111111111111,45.22777777777778,31.877777777777776,55.28333333333333,0.20555555555555557,32.57222222222222,8.661111111111111,3.994444444444444,41.583333333333336,2.1166666666666667,1.527777777777778,0.0,0.5388888888888889,0.16666666666666666,0.08333333333333333,1.1839814814814813,22.03333333333333,5.766666666666667,2.422222222222222,26.03333333333333,2.6222222222222222,1.5666666666666667,30.222222222222225,57.75,40.01111111111111,68.77777777777779,1.5222222222222221,48.06111111111111,7.127777777777777,2.5611111111111113,52.17777777777778,3.555555555555556,2.0166666666666666,0.9833333333333334,26.027777777777775,1.3611111111111114,0.13888888888888887,26.144444444444446,0.9333333333333332,0.45,27.527777777777775,28.766666666666666,1.0,0.3938256865086133,0.7062219371391918,0.051460361613351886,0.4655978623914495,0.863517060367454,0.7018181818181818,0.49219997543299343,0.5766254647774093,0.6459854014598541,0.5415558894925443,0.19095869056897896,0.789587852494577,0.5010647359454856,0.26250000000000007,0.22314049586776863,0.4766714766714766,0.41825525040387723
Wellington Turman,Orthodox,No,No,No,Wellington Turman,0.0,0.4719576719576719,0.23597883597883595,0.0,1.394179894179894,8.887830687830688,3.111111111111111,2.7841269841269844,10.915343915343916,2.610582010582011,1.2571428571428571,14.783068783068783,28.790476190476188,21.465608465608465,36.494179894179894,2.1312169312169313,20.72910052910053,4.825396825396825,3.235978835978836,23.993650793650797,2.9714285714285715,1.8253968253968254,0.041666666666666664,0.6297619047619047,0.2035714285714286,0.15595238095238095,1.236011904761905,12.576190476190476,4.220238095238095,2.125,12.854761904761906,2.8738095238095234,3.192857142857143,18.921428571428574,34.63809523809524,26.18214285714286,43.107142857142854,0.9392857142857144,26.848809523809525,5.622619047619048,2.1666666666666665,27.11309523809524,3.2773809523809523,4.247619047619048,0.30952380952380953,14.272619047619047,1.4023809523809525,0.041666666666666664,14.258333333333333,0.40357142857142864,1.0547619047619048,15.716666666666667,16.925,0.22144985104270107,0.42876103935882376,0.6447368421052632,0.14584695879659906,0.4549263473582076,0.8785612535612536,0.688695652173913,0.5134707979564084,0.5881926523037666,0.32953105196451216,0.5315922493681551,0.2494177429599831,0.7093406593406593,0.5258836443468715,0.12313839447875052,0.24831838565022413,0.45373934561451734,0.39262634631317306
Cody Brundage,Orthodox,No,No,No,Cody Brundage,0.08333333333333333,0.5,0.3611111111111111,0.041666666666666664,0.8238425925925926,4.791666666666667,0.5833333333333334,0.4444444444444444,2.611111111111111,0.625,2.5833333333333335,5.819444444444444,10.805555555555555,14.375,20.75,1.0555555555555556,9.208333333333334,0.8888888888888888,0.7083333333333334,7.138888888888888,0.8333333333333334,2.8333333333333335,0.0,0.4861111111111111,0.2638888888888889,0.4583333333333333,2.673611111111111,4.833333333333333,0.736111111111111,0.5555555555555555,1.5833333333333333,1.1111111111111112,3.4305555555555554,6.125,11.805555555555555,20.76388888888889,31.902777777777775,1.972222222222222,10.055555555555555,0.986111111111111,0.7638888888888888,4.527777777777778,1.6805555555555556,5.597222222222222,1.486111111111111,5.222222222222222,0.25,0.20833333333333334,2.9444444444444446,0.5694444444444444,2.1666666666666665,5.680555555555556,11.138888888888888,0.47368421052631576,0.5203619909502263,0.6562500000000001,0.7058823529411764,0.36575875486381326,0.75,0.9117647058823529,0.5385604113110539,0.6927710843373494,0.7535211267605634,0.5193370165745856,0.2535211267605634,0.36363636363636365,0.6503067484662577,0.33884297520661155,0.3870967741935485,0.4811764705882353,0.34915106660861983
Zach Reese,,No,No,No,Zach Reese,0.0,0.0,1.0,0.0,0.0,3.0,0.0,1.0,1.0,1.0,2.0,4.0,5.0,10.0,12.0,0.0,4.0,0.0,1.0,2.0,1.0,2.0,0.0,1.0,0.0,0.0,1.4166666666666667,7.0,1.0,1.0,4.0,0.0,5.0,9.0,12.0,12.0,16.0,1.0,10.0,1.0,1.0,4.0,0.0,8.0,0.0,3.0,0.0,0.0,0.0,0.0,3.0,3.0,4.0,,0.75,,0.0,0.5,1.0,1.0,0.8,0.8333333333333334,0.0,0.30000000000000004,0.0,0.0,0.0,,0.375,0.25,0.25
Brendan Allen,Orthodox,No,No,No,Brendan Allen,0.08831908831908832,0.3384615384615384,0.4792022792022792,0.35840455840455837,1.2755270655270656,10.472364672364671,3.831908831908832,2.051282051282051,11.977207977207977,0.8843304843304844,3.494017094017094,16.355555555555558,30.400000000000002,23.596011396011395,38.7994301994302,0.592022792022792,23.617663817663814,4.591452991452992,2.190883190883191,24.197150997151,1.2786324786324788,4.924216524216525,0.07407407407407407,0.487037037037037,0.05555555555555555,0.05555555555555555,0.9945679012345678,11.27222222222222,2.2314814814814814,1.025925925925926,12.624074074074073,0.7777777777777777,1.1277777777777778,14.52962962962963,28.32777777777778,20.883333333333333,35.949999999999996,1.1055555555555554,23.792592592592595,3.255555555555556,1.2796296296296295,25.51851851851852,1.0648148148148149,1.7444444444444445,0.6185185185185186,12.52037037037037,1.0240740740740741,0.2537037037037037,12.894444444444446,0.28703703703703703,0.6166666666666667,13.79814814814815,15.066666666666668,0.5717035611164581,0.4434123863060629,0.8345743360635393,0.1544863459037711,0.4949842226722554,0.6916221033868093,0.7095579726915066,0.5380116959064328,0.6081535546972523,0.5594639865996649,0.5262297633872978,0.31456200227531295,0.6193921852387844,0.5052975326560233,0.26956521739130446,0.35350318471337583,0.48708897169379617,0.4191006026889197
Paul Craig,Orthodox,No,No,No,Paul Craig,0.0196078431372549,0.47167755991285404,0.41830065359477125,0.11220043572984749,0.5880718954248366,5.479302832244009,2.8017429193899783,1.5392156862745097,6.142701525054466,1.2712418300653594,2.406318082788671,9.820261437908497,22.99346405228758,17.686274509803923,31.952069716775597,2.367102396514161,16.946623093681918,4.2745098039215685,1.772331154684096,17.432461873638342,1.8453159041394336,3.7156862745098036,0.05882352941176471,0.24836601307189543,0.2429193899782135,0.11328976034858389,1.9526143790849673,9.037037037037038,2.0326797385620914,1.4596949891067539,5.669934640522876,1.1699346405228759,5.689542483660131,12.529411764705882,22.74727668845316,20.038126361655774,31.715686274509807,0.40196078431372545,18.575163398692812,2.44880174291939,1.7233115468409583,13.235294117647058,1.4389978213507628,8.072984749455339,0.15359477124183007,9.538126361655772,0.41612200435729846,0.2636165577342048,7.565359477124183,0.2690631808278867,2.3834422657952072,10.217864923747277,11.677559912854031,0.19926369075011507,0.3233271196246063,0.6554536187563711,0.26613398893669327,0.3523714303568081,0.6889020070838252,0.6476106713573733,0.42708925525866975,0.5535251602345562,0.38211382113821135,0.5134881538822426,0.1699288256227759,0.8558786346396966,0.5716049382716049,0.18697956093868295,0.2952368101470787,0.44919069054688243,0.3681950884423837
Chad Anheliger,Orthodox,No,No,No,Chad Anheliger,0.2222222222222222,0.4444444444444444,0.2222222222222222,0.1111111111111111,0.8481481481481481,10.222222222222223,2.3333333333333335,2.111111111111111,10.444444444444445,1.888888888888889,2.3333333333333335,14.666666666666666,38.22222222222222,21.666666666666668,46.888888888888886,1.0,30.777777777777775,4.444444444444444,3.0,31.444444444444443,3.1111111111111107,3.6666666666666665,0.0,0.7777777777777777,0.1111111111111111,0.2222222222222222,1.0055555555555555,9.88888888888889,5.222222222222222,4.444444444444445,13.222222222222221,2.5555555555555554,3.777777777777778,19.555555555555557,40.55555555555556,30.444444444444443,53.44444444444445,1.222222222222222,27.11111111111111,7.111111111111111,6.333333333333333,32.0,3.4444444444444446,5.111111111111111,0.4444444444444444,17.22222222222222,1.888888888888889,1.888888888888889,18.77777777777778,0.8888888888888888,1.3333333333333333,21.0,23.0,0.4444444444444444,0.332129963898917,0.5250000000000001,0.14814814814814814,0.33215547703180215,0.6071428571428573,0.6363636363636365,0.38372093023255816,0.4620853080568721,0.36363636363636365,0.6352459016393442,0.265625,0.8771929824561404,0.5868055555555556,0.25806451612903236,0.26086956521739113,0.5178082191780822,0.43035343035343043
Jose Johnson,Orthodox,No,No,No,Jose Johnson,0.0,0.16666666666666666,0.3333333333333333,0.5,1.1027777777777776,13.166666666666666,3.3333333333333335,2.0,7.666666666666667,2.1666666666666665,8.666666666666666,18.5,31.166666666666668,42.666666666666664,59.0,0.5,23.333333333333332,4.166666666666667,3.6666666666666665,15.5,4.166666666666667,11.5,0.0,1.5,0.16666666666666666,0.16666666666666666,2.388888888888889,5.0,1.6666666666666667,3.3333333333333335,6.0,2.0,2.0,10.0,24.833333333333332,17.333333333333332,36.0,3.0,16.833333333333332,3.6666666666666665,4.333333333333333,17.0,2.8333333333333335,5.0,1.5,11.833333333333334,2.0,1.0,11.0,0.8333333333333334,3.0,14.833333333333334,18.666666666666668,0.3333333333333333,0.5642857142857143,0.7999999999999999,0.045454545454545456,0.4946236559139785,0.5199999999999999,0.753623188405797,0.5935828877005347,0.7231638418079096,0.5,0.7029702970297029,0.5454545454545454,0.6538461538461537,0.6470588235294117,0.2941176470588236,0.6,0.5973154362416107,0.5185185185185186
Rafael Estevam,,No,No,No,Rafael Estevam,0.0,1.0,0.3333333333333333,0.0,3.1277777777777778,3.3333333333333335,2.0,0.6666666666666666,3.6666666666666665,1.0,1.3333333333333333,6.0,14.333333333333334,11.666666666666666,25.666666666666668,7.333333333333333,9.333333333333334,4.0,1.0,10.333333333333334,1.6666666666666667,2.3333333333333335,0.0,0.0,0.0,0.3333333333333333,0.23888888888888885,12.666666666666666,9.0,2.3333333333333335,17.666666666666668,6.0,0.3333333333333333,24.0,36.333333333333336,38.666666666666664,53.666666666666664,0.0,23.0,11.0,2.3333333333333335,26.666666666666668,8.666666666666666,1.0,0.0,10.333333333333334,2.0,0.0,9.0,2.6666666666666665,0.6666666666666666,12.333333333333334,15.0,0.13636363636363638,0.35714285714285715,0.5,1.0,0.3548387096774193,0.6,0.5714285714285714,0.41860465116279066,0.4545454545454545,,0.4492753623188406,0.18181818181818177,1.0,0.3375,0.3076923076923076,0.6666666666666667,0.33944954128440374,0.2795031055900621
Chase Hooper,Southpaw,No,No,No,Chase Hooper,0.0,0.5,0.5583333333333333,0.4833333333333334,1.1759722222222222,15.108333333333334,3.7083333333333335,2.308333333333333,13.966666666666667,3.0749999999999997,4.083333333333333,21.125,42.44166666666667,37.708333333333336,63.25833333333333,2.016666666666667,35.108333333333334,4.7250000000000005,2.608333333333333,31.7,5.2749999999999995,5.466666666666666,0.16666666666666666,0.43333333333333335,0.17500000000000002,0.21666666666666667,1.3529166666666665,12.041666666666666,2.2666666666666666,2.5416666666666665,12.075000000000001,1.3583333333333334,3.4166666666666665,16.849999999999998,26.724999999999998,22.75,33.125,0.8666666666666667,21.325,2.725,2.6750000000000003,20.933333333333334,1.7916666666666667,4.0,0.43333333333333335,9.283333333333333,0.4583333333333333,0.13333333333333333,8.858333333333333,0.43333333333333335,0.5833333333333334,9.875,10.375,0.2479338842975206,0.43033467837645384,0.7848324514991181,0.1916932907348243,0.44058885383806523,0.5829383886255924,0.7469512195121951,0.4977419988219124,0.5961006455012515,0.5,0.435326299335678,0.16819571865443428,0.838006230529595,0.42316878980891715,0.24186046511627912,0.14583333333333337,0.36950420954162777,0.31320754716981136
Jordan Leavitt,Southpaw,No,No,No,Jordan Leavitt,0.047619047619047616,0.3333333333333333,0.21428571428571427,0.09523809523809523,1.1984126984126984,2.214285714285714,2.1666666666666665,5.166666666666667,8.273809523809524,0.9404761904761904,0.3333333333333333,9.547619047619047,16.261904761904763,38.23809523809524,50.07142857142858,1.7738095238095237,6.3809523809523805,4.035714285714286,5.845238095238095,14.226190476190476,1.4642857142857142,0.5714285714285714,0.0,0.7261904761904763,0.4523809523809524,0.047619047619047616,1.6732142857142858,3.1785714285714284,4.404761904761905,0.9166666666666666,5.273809523809524,0.6547619047619048,2.5714285714285716,8.5,17.738095238095237,25.916666666666668,38.142857142857146,1.142857142857143,10.119047619047619,5.416666666666667,2.2023809523809526,13.607142857142856,0.7023809523809524,3.4285714285714284,0.4166666666666667,6.94047619047619,1.0119047619047619,1.2857142857142858,8.333333333333334,0.047619047619047616,0.8571428571428571,9.238095238095239,12.226190476190476,0.18791946308724833,0.34701492537313433,0.5368731563421829,0.05702647657841141,0.5815899581589958,0.6422764227642276,0.5833333333333334,0.5871156661786237,0.7636709462672373,0.36458333333333337,0.6858823529411765,0.18681318681318682,0.6702702702702703,0.6124234470691163,0.06779661016949157,0.2499999999999999,0.5208053691275167,0.3205368289637953
Denis Tiuliulin,,No,No,No,Denis Tiuliulin,0.3333333333333333,0.0,0.0,0.0,0.1672222222222222,14.933333333333334,4.466666666666667,0.8666666666666667,16.133333333333333,3.1333333333333333,1.0,20.266666666666666,46.1,24.333333333333332,51.03333333333333,0.2,38.7,6.2,1.2,40.6,3.3333333333333335,2.1666666666666665,0.16666666666666666,0.4666666666666667,0.26666666666666666,0.0,1.2327777777777778,18.9,3.7666666666666666,3.033333333333333,20.166666666666664,2.833333333333333,2.7,25.7,40.5,31.166666666666664,47.266666666666666,1.7666666666666666,32.46666666666667,4.9,3.1333333333333333,33.56666666666667,3.8,3.1333333333333333,1.3,13.566666666666666,1.1333333333333333,0.1,13.4,0.9666666666666666,0.43333333333333335,14.8,16.1,0.0,0.38587424633936257,0.7204301075268817,0.0,0.39737274220032837,0.94,0.46153846153846156,0.4396240057845264,0.4768125408229915,0.7358490566037736,0.4178644763860371,0.23129251700680276,0.851063829787234,0.3992055610724927,0.2543859649122807,0.13829787234042545,0.36543209876543215,0.34062059238363895
Jeka Saragih,Orthodox,No,No,No,Jeka Saragih,0.25,0.25,0.0,0.0,0.05833333333333332,1.25,1.25,2.25,3.25,0.5,1.0,4.75,9.5,6.5,14.25,0.25,4.75,1.75,3.0,7.5,0.75,1.25,0.0,0.75,0.25,0.0,2.6666666666666665,17.25,1.0,1.25,4.5,0.0,15.0,19.5,24.5,34.75,43.75,2.0,21.5,1.75,1.25,7.75,0.0,16.75,1.25,4.25,0.75,0.0,3.25,0.0,1.75,5.0,9.0,1.0,0.2631578947368421,0.7142857142857143,0.08333333333333333,0.43333333333333335,0.6666666666666666,0.8,0.5,0.45614035087719296,0.625,0.19767441860465118,0.4285714285714286,0.4,0.4193548387096774,,0.10447761194029848,0.20408163265306123,0.20571428571428574
Lucas Alexander,,No,No,No,Lucas Alexander,0.3333333333333333,0.0,0.0,0.0,0.28703703703703703,12.333333333333334,5.777777777777779,6.222222222222221,22.0,0.3333333333333333,2.0,24.333333333333332,45.555555555555564,24.666666666666668,45.88888888888889,0.1111111111111111,31.444444444444446,7.777777777777779,6.333333333333333,40.22222222222222,0.3333333333333333,5.0,0.1111111111111111,0.3333333333333333,0.1111111111111111,0.0,0.33888888888888885,2.777777777777778,2.2222222222222223,2.111111111111111,6.333333333333333,0.5555555555555556,0.2222222222222222,7.111111111111111,28.0,7.777777777777778,28.666666666666668,1.6666666666666667,19.555555555555554,4.888888888888888,3.555555555555556,27.0,0.6666666666666666,0.3333333333333333,1.3333333333333333,16.777777777777775,2.6666666666666665,1.4444444444444446,20.666666666666668,0.1111111111111111,0.1111111111111111,20.88888888888889,20.88888888888889,0.0,0.392226148409894,0.7428571428571429,0.0,0.5469613259668509,1.0,0.4,0.5341463414634146,0.5375302663438256,0.8,0.8579545454545454,0.5454545454545454,0.90625,0.7654320987654322,0.16666666666666663,0.33333333333333337,0.746031746031746,0.7286821705426356
Joanderson Brito,Orthodox,No,No,No,Joanderson Brito,0.06666666666666667,0.39999999999999997,0.2333333333333333,0.0,0.9772222222222222,8.6,1.5,3.233333333333333,10.733333333333334,0.9333333333333332,1.6666666666666667,13.333333333333334,29.900000000000002,17.566666666666666,34.36666666666667,0.7333333333333334,24.0,2.1999999999999997,3.6999999999999997,25.53333333333333,1.8,2.566666666666667,0.0,0.6666666666666666,0.13333333333333333,0.13333333333333333,1.7638888888888886,11.9,2.3666666666666667,1.1666666666666667,8.233333333333333,3.8333333333333335,3.3666666666666667,15.433333333333332,32.06666666666667,34.13333333333333,53.166666666666664,0.8666666666666667,25.366666666666664,5.466666666666666,1.2333333333333334,23.566666666666666,5.133333333333334,3.3666666666666667,0.19999999999999998,13.466666666666667,3.1,0.06666666666666667,15.333333333333334,1.3,0.0,16.633333333333333,19.033333333333335,0.5454545454545454,0.35833333333333334,0.6818181818181819,0.1081081081081081,0.4203655352480418,0.5185185185185185,0.6493506493506493,0.4459308807134894,0.5111542192046556,0.23076923076923084,0.5308804204993429,0.5670731707317073,0.45945945945945954,0.6506364922206507,0.2532467532467533,0.0,0.5187110187110189,0.35799373040752347
Jonathan Pearce,Switch,No,No,No,Jonathan Pearce,0.0,1.4761904761904763,0.4444444444444444,0.10317460317460318,2.2850529100529102,14.936507936507937,3.126984126984127,2.2698412698412698,11.206349206349207,3.793650793650794,5.333333333333333,20.333333333333332,39.84126984126984,38.29365079365079,61.6031746031746,2.8333333333333335,32.976190476190474,4.4523809523809526,2.4126984126984126,27.78571428571429,4.809523809523809,7.246031746031746,0.0,0.611111111111111,0.38095238095238093,0.21428571428571427,0.4272486772486772,10.619047619047619,2.5873015873015874,0.7857142857142857,11.746031746031747,1.3253968253968254,0.9206349206349206,13.992063492063492,34.547619047619044,17.84920634920635,39.34126984126984,1.222222222222222,30.436507936507937,3.26984126984127,0.8412698412698413,31.103174603174605,2.3253968253968256,1.119047619047619,0.611111111111111,19.817460317460316,0.6825396825396824,0.05555555555555555,19.357142857142858,1.0,0.1984126984126984,20.555555555555554,21.492063492063494,0.5210084033613446,0.45294825511432013,0.7023172905525846,0.611842105263158,0.4033133390459869,0.7887788778877889,0.7360350492880613,0.5103585657370517,0.6216181396547281,0.5,0.6511082138200782,0.20873786407766992,0.2735849056603774,0.6223526409798418,0.43003412969283283,0.17730496453900713,0.5949919595681139,0.5462981642122251
Amanda Ribas,Orthodox,No,No,No,Amanda Ribas,0.05555555555555555,0.562962962962963,0.24814814814814815,0.05555555555555555,1.3293827160493827,15.722222222222221,4.2592592592592595,4.57037037037037,20.896296296296295,1.1814814814814814,2.4740740740740743,24.551851851851854,56.596296296296295,38.86666666666667,73.27407407407406,1.1592592592592592,43.7037037037037,7.303703703703704,5.588888888888889,51.33703703703704,1.7037037037037035,3.5555555555555554,0.07037037037037037,0.14444444444444446,0.08888888888888889,0.03333333333333333,0.3498148148148148,11.700000000000001,2.2333333333333334,1.2555555555555555,12.118518518518519,1.0851851851851853,1.9851851851851852,15.188888888888888,42.40740740740741,22.44074074074074,50.474074074074075,1.0555555555555556,35.94814814814815,4.777777777777778,1.6814814814814814,38.233333333333334,1.6555555555555557,2.5185185185185186,0.9111111111111111,24.248148148148147,2.5444444444444443,0.4259259259259259,26.114814814814817,0.5703703703703703,0.5333333333333333,27.21851851851852,28.033333333333335,0.4856230031948882,0.3597457627118644,0.5831643002028398,0.10072895957587807,0.40704133900872946,0.6934782608695652,0.6958333333333334,0.4338066880439762,0.5304286291953094,0.8631578947368421,0.6745312178034206,0.5325581395348837,0.9140969162995595,0.6830378765862637,0.34451901565995524,0.21176470588235297,0.6418340611353712,0.5554006457293807
Luana Pinheiro,Orthodox,No,No,No,Luana Pinheiro,0.1111111111111111,0.6944444444444445,0.08333333333333333,0.0,0.5472222222222222,11.305555555555557,4.444444444444445,2.9166666666666665,16.11111111111111,1.8611111111111114,0.6944444444444443,18.666666666666668,44.75,20.36111111111111,48.02777777777777,2.0,33.19444444444444,7.0,4.555555555555555,40.19444444444445,3.027777777777778,1.5277777777777777,0.1111111111111111,0.1111111111111111,0.0,0.0,0.23657407407407405,11.333333333333334,3.6388888888888893,7.5,20.11111111111111,1.9444444444444444,0.4166666666666667,22.472222222222225,59.02777777777778,26.305555555555554,63.80555555555555,0.3333333333333333,38.083333333333336,9.388888888888888,11.555555555555555,55.666666666666664,2.611111111111111,0.75,0.2222222222222222,26.75,5.75,4.055555555555556,35.55555555555555,0.6666666666666666,0.3333333333333333,36.55555555555555,37.5,0.34722222222222227,0.3405857740585775,0.634920634920635,0.15243902439024393,0.40082930200414646,0.6146788990825688,0.4545454545454545,0.4171322160148976,0.42394447657605555,0.6666666666666667,0.7024070021881839,0.6124260355029585,0.9903846153846154,0.6387225548902196,0.25531914893617025,0.4444444444444444,0.6192941176470588,0.5877231171092729
Ailin Perez,,No,No,No,Ailin Perez,0.0,1.6666666666666667,0.0,0.0,2.684259259259259,10.388888888888888,2.5555555555555554,1.1666666666666667,3.6666666666666665,3.1666666666666665,7.277777777777779,14.111111111111109,25.444444444444443,35.27777777777778,52.05555555555555,3.5,19.444444444444443,3.722222222222222,2.2777777777777777,9.666666666666666,4.944444444444444,10.833333333333334,0.0,0.2222222222222222,0.27777777777777773,0.1111111111111111,1.4824074074074076,3.7222222222222228,1.6666666666666667,0.8888888888888888,2.055555555555556,2.444444444444444,1.777777777777778,6.277777777777779,14.111111111111109,13.388888888888888,23.055555555555557,0.8888888888888888,10.944444444444445,2.055555555555556,1.111111111111111,9.222222222222223,2.8333333333333335,2.055555555555556,0.6666666666666666,7.222222222222221,0.38888888888888884,0.2222222222222222,7.166666666666667,0.38888888888888884,0.27777777777777773,7.833333333333333,9.666666666666666,0.4761904761904762,0.5342857142857143,0.6865671641791045,0.7317073170731708,0.3793103448275862,0.6404494382022472,0.6717948717948719,0.5545851528384279,0.6776947705442904,0.75,0.6598984771573604,0.18918918918918926,0.8,0.7771084337349398,0.1372549019607845,0.1351351351351352,0.5551181102362204,0.419277108433735
Lucie Pudilova,Orthodox,No,No,No,Lucie Pudilova,0.06666666666666667,0.16666666666666666,0.225,0.075,1.1295833333333334,13.9,2.6416666666666666,1.7916666666666667,12.516666666666666,3.0333333333333337,2.783333333333333,18.333333333333332,48.15,26.974999999999998,58.449999999999996,0.625,41.50833333333333,3.9416666666666664,2.6999999999999997,40.35,3.875,3.9250000000000003,0.0,0.325,0.25,0.03333333333333333,1.0365277777777777,9.950000000000001,3.641666666666667,4.9750000000000005,13.141666666666666,3.0499999999999994,2.375,18.566666666666666,38.43333333333333,26.483333333333334,47.86666666666667,1.0083333333333333,26.599999999999998,5.7250000000000005,6.108333333333333,30.016666666666666,4.3999999999999995,4.016666666666667,0.6833333333333332,16.650000000000002,2.0833333333333335,1.1333333333333335,16.875,1.3499999999999999,1.6416666666666668,19.866666666666667,21.383333333333336,0.26666666666666666,0.3348725155591247,0.6701902748414377,0.0617283950617284,0.3102023957042544,0.7827956989247312,0.7091295116772823,0.380754586362063,0.46150556030795553,0.6776859504132231,0.62593984962406,0.363901018922853,0.946793997271487,0.562187673514714,0.3068181818181819,0.4087136929460581,0.5169124024284475,0.44672701949860727
Jake Matthews,Orthodox,No,No,No,Jake Matthews,0.1114766081871345,0.5116959064327485,0.20869883040935674,0.045321637426900575,1.1848806042884992,11.307017543859649,2.248172514619883,1.5847953216374269,10.034356725146198,1.0657894736842104,4.03983918128655,15.13998538011696,33.75292397660819,22.42726608187135,41.85562865497076,1.2364766081871346,28.190423976608187,3.517543859649123,2.044956140350877,26.464912280701753,1.5614035087719298,5.726608187134503,0.08369883040935672,0.20577485380116958,0.17068713450292397,0.13925438596491227,0.6852217348927875,7.449561403508771,1.8954678362573099,2.4024122807017547,7.970029239766082,1.7865497076023393,1.990862573099415,11.747441520467836,29.837719298245617,19.97002923976608,39.770102339181285,0.5990497076023392,23.496345029239766,3.1048976608187133,3.2364766081871346,24.22624269005848,2.5734649122807016,3.0380116959064325,0.3932748538011696,16.046783625730992,1.2094298245614035,0.8340643274853802,16.256213450292396,0.7869152046783626,1.0471491228070176,18.090277777777775,19.800073099415204,0.4138338752586462,0.4010942706375034,0.6391313383208644,0.25022341376228774,0.3791569992266048,0.6825842696629213,0.7054505999489405,0.44855329839303504,0.5358243754202434,0.6564978645515558,0.6829480757863299,0.38952324896998236,0.9364201016374929,0.6710167011149164,0.30578042891634705,0.3446823869104909,0.6062888921554217,0.49786326750052845
Michael Morales,Orthodox,No,No,No,Michael Morales,0.3055555555555555,0.1111111111111111,0.0,0.08333333333333333,0.1699074074074074,20.555555555555554,2.361111111111111,3.9444444444444446,22.861111111111114,2.0833333333333335,1.9166666666666667,26.86111111111111,57.083333333333336,27.722222222222218,57.94444444444445,0.4166666666666667,48.80555555555555,3.361111111111111,4.916666666666667,51.30555555555555,3.5277777777777772,2.25,0.0,0.16666666666666666,0.08333333333333333,0.0,0.475462962962963,9.888888888888888,4.222222222222222,2.611111111111111,15.666666666666666,1.0555555555555556,0.0,16.722222222222225,38.69444444444445,17.52777777777778,39.583333333333336,2.055555555555556,29.472222222222225,5.5,3.722222222222222,36.666666666666664,1.6944444444444446,0.3333333333333333,1.888888888888889,19.583333333333332,1.277777777777778,1.111111111111111,21.0,0.638888888888889,0.3333333333333333,21.972222222222225,22.055555555555557,0.26666666666666666,0.42117245304496304,0.7024793388429752,0.02259887005649717,0.445587439090417,0.5905511811023624,0.8518518518518519,0.4705596107055961,0.47842761265580047,0.918918918918919,0.6644674835061264,0.23232323232323226,0.9552238805970149,0.5727272727272728,0.37704918032786894,1.0,0.5678391959798995,0.5571929824561404
Caio Machado,,No,No,No,Caio Machado,0.0,0.0,0.0,0.0,0.11111111111111106,13.666666666666666,8.0,3.6666666666666665,22.666666666666668,2.0,0.6666666666666666,25.333333333333332,44.0,34.333333333333336,54.666666666666664,0.3333333333333333,31.666666666666668,8.666666666666666,3.6666666666666665,40.333333333333336,3.0,0.6666666666666666,0.0,1.0,0.0,0.3333333333333333,2.1277777777777778,11.0,0.6666666666666666,1.3333333333333333,11.333333333333334,1.0,0.6666666666666666,13.0,32.666666666666664,23.0,46.333333333333336,3.3333333333333335,30.333333333333332,1.0,1.3333333333333333,30.666666666666668,1.0,1.0,2.3333333333333335,19.333333333333332,0.3333333333333333,0.0,19.333333333333332,0.0,0.3333333333333333,19.666666666666668,23.333333333333332,0.0,0.431578947368421,0.9230769230769231,0.0,0.5619834710743802,0.6666666666666666,1.0,0.5757575757575757,0.628048780487805,0.7,0.6373626373626373,0.33333333333333337,0.25,0.6304347826086956,0.0,0.33333333333333337,0.6020408163265305,0.5035971223021583
Mick Parkin,,No,No,No,Mick Parkin,0.0,0.5,0.0,0.16666666666666666,1.0638888888888889,11.666666666666666,3.0,7.666666666666667,21.0,1.0,0.3333333333333333,22.333333333333332,42.333333333333336,27.833333333333332,49.666666666666664,1.6666666666666667,30.833333333333332,3.8333333333333335,7.666666666666667,40.5,1.3333333333333333,0.5,0.0,0.0,0.0,0.0,0.2694444444444444,10.5,4.666666666666667,3.5,17.0,1.3333333333333333,0.3333333333333333,18.666666666666668,44.5,23.333333333333332,50.0,0.3333333333333333,35.666666666666664,5.333333333333333,3.5,42.166666666666664,2.0,0.3333333333333333,0.3333333333333333,25.166666666666668,0.6666666666666666,0.0,25.166666666666668,0.6666666666666666,0.0,25.833333333333332,26.666666666666668,0.3,0.3783783783783784,0.7826086956521738,0.06521739130434782,0.5185185185185185,0.75,0.6666666666666666,0.5275590551181102,0.5604026845637584,1.0,0.705607476635514,0.12499999999999989,1.0,0.5968379446640316,0.33333333333333337,0.0,0.5805243445692884,0.5333333333333334
Nick Aguirre,,No,No,No,Nick Aguirre,0.0,0.3333333333333333,0.16666666666666666,0.16666666666666666,1.1694444444444445,3.0,0.16666666666666666,0.0,3.0,0.16666666666666666,0.0,3.1666666666666665,9.333333333333334,5.5,12.666666666666666,1.6666666666666667,8.833333333333334,0.3333333333333333,0.16666666666666666,8.5,0.8333333333333334,0.0,0.0,0.6666666666666666,0.5,0.16666666666666666,2.275,8.5,2.1666666666666665,1.8333333333333333,6.5,1.0,5.0,12.5,23.0,25.166666666666668,39.0,1.0,18.5,2.5,2.0,13.666666666666666,1.5,7.833333333333333,0.3333333333333333,10.0,0.3333333333333333,0.16666666666666666,7.166666666666667,0.5,2.8333333333333335,10.5,13.833333333333334,0.19999999999999998,0.33962264150943394,0.5,2.0,0.35294117647058826,0.19999999999999998,,0.33928571428571425,0.4342105263157895,0.33333333333333337,0.5405405405405406,0.13333333333333341,0.6666666666666667,0.524390243902439,0.33333333333333337,0.36170212765957444,0.4565217391304348,0.35470085470085466
Payton Talbott,,No,No,No,Payton Talbott,0.0,0.0,0.3333333333333333,0.0,1.1388888888888888,7.333333333333333,1.3333333333333333,0.6666666666666666,4.0,0.0,5.333333333333333,9.333333333333334,17.666666666666668,19.333333333333332,30.0,0.0,15.333333333333334,1.6666666666666667,0.6666666666666666,9.0,0.0,8.666666666666666,0.0,0.6666666666666666,0.0,0.0,1.9222222222222223,1.3333333333333333,0.3333333333333333,0.0,1.6666666666666667,0.0,0.0,1.6666666666666667,4.0,6.0,9.666666666666666,3.3333333333333335,3.6666666666666665,0.3333333333333333,0.0,3.0,1.0,0.0,2.6666666666666665,2.3333333333333335,0.0,0.0,1.3333333333333333,1.0,0.0,2.3333333333333335,3.6666666666666665,,0.47826086956521735,0.7999999999999999,0.0,0.4444444444444444,,0.6153846153846154,0.5283018867924528,0.6444444444444444,0.8,0.6363636363636364,0.0,-inf,0.4444444444444444,1.0,,0.5833333333333333,0.3793103448275862
Trey Ogden,,No,No,No,Trey Ogden,0.0,0.4166666666666667,0.25,0.08333333333333333,0.5944444444444444,8.75,3.8333333333333335,5.083333333333333,16.25,1.1666666666666667,0.25,17.666666666666668,37.5,28.333333333333332,49.0,2.5,25.833333333333332,5.25,6.416666666666667,35.75,1.5,0.25,0.0,0.0,0.0,0.0,0.44027777777777777,5.083333333333333,5.583333333333333,8.833333333333334,19.5,0.0,0.0,19.5,46.916666666666664,24.25,52.5,0.25,25.583333333333332,11.333333333333334,10.0,46.666666666666664,0.16666666666666666,0.08333333333333333,0.25,20.5,5.75,1.1666666666666667,27.166666666666668,0.16666666666666666,0.08333333333333333,27.416666666666668,28.25,0.16666666666666669,0.33870967741935487,0.7301587301587302,0.06493506493506493,0.45454545454545453,0.7777777777777778,1.0,0.47111111111111115,0.5782312925170068,1.0,0.8013029315960912,0.5073529411764706,1.0,0.5821428571428571,1.0,1.0,0.5843694493783304,0.5380952380952381
Myktybek Orolbai,,No,No,No,Myktybek Orolbai,0.0,3.5,0.5,0.0,3.716666666666666,3.0,0.0,1.0,1.5,0.5,2.0,4.0,10.0,8.0,15.5,5.0,8.0,0.0,2.0,4.0,0.5,5.5,0.0,0.0,0.0,0.0,0.01666666666666665,5.0,2.0,0.0,2.5,4.0,0.5,7.0,13.5,8.5,16.0,0.0,10.0,3.5,0.0,7.0,6.0,0.5,0.0,5.0,1.5,0.0,4.5,2.0,0.0,6.5,7.5,0.7,0.375,,1.75,0.375,1.0,0.36363636363636365,0.4,0.5161290322580645,,0.5,0.4285714285714286,,0.6428571428571428,0.33333333333333337,0.0,0.4814814814814815,0.46875
Uros Medic,Southpaw,No,No,No,Uros Medic,0.6222222222222222,0.06666666666666667,0.0,0.0,0.10592592592592592,15.088888888888889,4.2,1.8444444444444443,13.044444444444444,3.6888888888888887,4.3999999999999995,21.133333333333333,36.333333333333336,23.933333333333334,39.333333333333336,0.06666666666666667,27.822222222222223,6.666666666666667,1.8444444444444443,25.866666666666664,4.933333333333334,5.533333333333334,0.06666666666666667,0.6222222222222222,0.17777777777777778,0.0,0.9940740740740739,8.28888888888889,1.7777777777777777,2.6444444444444444,10.644444444444444,0.8888888888888888,1.1777777777777778,12.71111111111111,29.622222222222224,14.622222222222222,32.266666666666666,1.3555555555555554,23.0,3.288888888888889,3.3333333333333335,25.866666666666664,1.4666666666666668,2.288888888888889,0.7333333333333334,14.71111111111111,1.511111111111111,0.6888888888888888,15.222222222222223,0.5777777777777778,1.1111111111111112,16.91111111111111,17.644444444444446,1.0,0.542332268370607,0.63,0.03614457831325301,0.5042955326460482,0.7477477477477477,0.795180722891566,0.581651376146789,0.6084745762711864,0.540983606557377,0.6396135265700482,0.45945945945945954,0.8133333333333334,0.588487972508591,0.39393939393939403,0.4854368932038835,0.5708927231807952,0.5468319559228649
Dennis Buzukja,Switch,No,No,No,Dennis Buzukja,0.0,0.0,0.0,0.3333333333333333,0.6055555555555555,6.666666666666667,3.3333333333333335,2.0,8.666666666666666,1.6666666666666667,1.6666666666666667,12.0,31.666666666666668,13.166666666666666,33.166666666666664,0.3333333333333333,23.333333333333332,4.666666666666667,3.6666666666666665,25.166666666666668,2.5,4.0,0.16666666666666666,1.3333333333333333,0.0,0.0,1.9083333333333332,10.833333333333334,5.5,3.8333333333333335,16.666666666666668,2.1666666666666665,1.3333333333333333,20.166666666666668,34.833333333333336,44.666666666666664,62.666666666666664,1.6666666666666667,21.5,9.5,3.8333333333333335,30.0,3.1666666666666665,1.6666666666666667,0.3333333333333333,10.666666666666666,4.0,0.0,13.333333333333334,1.0,0.3333333333333333,14.666666666666666,18.0,0.0,0.28571428571428575,0.7142857142857143,0.0,0.3443708609271523,0.6666666666666667,0.4166666666666667,0.37894736842105264,0.3969849246231156,0.20000000000000007,0.49612403100775193,0.42105263157894735,0.6521739130434783,0.4444444444444444,0.3157894736842105,0.20000000000000007,0.42105263157894735,0.2872340425531915
Jamall Emmers,Orthodox,No,No,No,Jamall Emmers,0.05555555555555555,0.7222222222222222,0.05555555555555555,0.16666666666666666,1.4305555555555554,11.75,6.5,3.25,17.194444444444443,2.472222222222222,1.8333333333333333,21.5,47.30555555555555,25.694444444444443,53.416666666666664,1.75,32.55555555555556,9.611111111111112,5.138888888888888,41.361111111111114,3.4166666666666665,2.5277777777777777,0.0,0.08333333333333333,0.1111111111111111,0.25,0.14814814814814814,8.86111111111111,2.9444444444444446,3.25,13.138888888888888,1.1944444444444444,0.7222222222222222,15.055555555555555,38.083333333333336,21.638888888888886,46.02777777777778,0.7222222222222222,28.416666666666668,4.722222222222222,4.944444444444444,35.11111111111111,2.0833333333333335,0.8888888888888888,0.6388888888888888,19.555555555555554,1.777777777777778,1.6944444444444446,21.972222222222225,0.888888888888889,0.16666666666666666,23.027777777777775,24.38888888888889,0.4126984126984127,0.3609215017064846,0.676300578034682,0.14054054054054055,0.4157152451309603,0.7235772357723577,0.7252747252747253,0.45449207281268356,0.48101924076963076,0.8846153846153846,0.6881720430107527,0.3764705882352941,0.9831460674157303,0.6257911392405063,0.42666666666666675,0.1875,0.6046681254558717,0.5298732649366326
Diego Lopes,Orthodox,No,No,No,Diego Lopes,0.1111111111111111,0.0,1.4444444444444444,0.3333333333333333,0.13888888888888887,8.0,1.5555555555555554,0.4444444444444444,7.222222222222222,1.3333333333333333,1.4444444444444444,10.0,19.444444444444443,11.222222222222221,21.11111111111111,0.1111111111111111,16.11111111111111,2.6666666666666665,0.6666666666666666,15.888888888888888,1.3333333333333333,2.2222222222222223,0.0,1.222222222222222,0.0,0.0,2.1129629629629627,22.555555555555554,1.111111111111111,2.888888888888889,14.222222222222223,3.5555555555555554,8.777777777777777,26.555555555555554,40.11111111111111,47.666666666666664,62.0,2.2222222222222223,35.666666666666664,1.2222222222222223,3.222222222222222,26.555555555555554,3.5555555555555554,10.0,1.0,13.111111111111109,0.1111111111111111,0.3333333333333333,12.333333333333334,0.0,1.222222222222222,13.555555555555557,14.333333333333334,0.0,0.496551724137931,0.5833333333333333,0.0,0.4545454545454546,1.0,0.6499999999999999,0.5142857142857143,0.531578947368421,0.45000000000000007,0.36760124610591904,0.09090909090909116,0.6206896551724138,0.4644351464435146,0.0,0.12222222222222234,0.3379501385041551,0.23118279569892475
Pat Sabatini,Orthodox,No,No,No,Pat Sabatini,0.047619047619047616,1.1626984126984128,0.4761904761904762,0.08333333333333333,2.7044973544973545,5.845238095238095,1.603174603174603,0.4523809523809524,3.007936507936508,0.9642857142857143,3.9285714285714284,7.900793650793651,13.277777777777779,28.333333333333332,35.916666666666664,2.6746031746031744,11.031746031746032,1.746031746031746,0.5,6.448412698412699,1.234126984126984,5.595238095238095,0.047619047619047616,0.31746031746031744,0.047619047619047616,0.1111111111111111,0.5824074074074074,3.1746031746031744,2.035714285714286,0.8055555555555555,3.626984126984127,1.3214285714285714,1.0674603174603174,6.015873015873016,12.865079365079366,15.011904761904761,22.603174603174605,0.5793650793650794,9.595238095238095,2.305555555555556,0.9642857142857143,9.396825396825397,1.5912698412698412,1.8769841269841272,0.2619047619047619,6.420634920634921,0.2698412698412698,0.15873015873015872,5.76984126984127,0.2698412698412698,0.8095238095238096,6.849206349206349,7.591269841269841,0.4347181008902078,0.5298561151079136,0.9181818181818181,2.3253968253968256,0.4664615384615384,0.7813504823151126,0.7021276595744681,0.595038852361028,0.7888631090487239,0.452054794520548,0.6691480562448304,0.11703958691910499,0.6707818930041152,0.6140202702702703,0.16957605985037405,0.4312896405919663,0.5323874151758174,0.3358497191011237
Jared Gordon,Orthodox,No,No,No,Jared Gordon,0.023809523809523808,0.6317460317460317,0.0,0.1037037037037037,1.8798236331569667,18.54973544973545,4.656613756613757,2.533333333333333,16.12910052910053,3.516931216931217,6.093650793650794,25.739682539682537,44.13333333333333,50.13650793650794,70.8089947089947,1.6243386243386244,34.853968253968254,6.413756613756614,2.8656084656084655,31.538095238095238,4.43015873015873,8.165079365079364,0.047619047619047616,0.48253968253968255,0.2216931216931217,0.023809523809523808,0.596931216931217,9.700529100529101,3.8132275132275133,1.934920634920635,12.004761904761905,2.411640211640212,1.0322751322751322,15.44867724867725,36.73968253968254,20.567724867724866,42.424867724867724,1.2693121693121692,29.21322751322752,5.361375661375661,2.165079365079365,32.476719576719574,3.1973544973544974,1.0656084656084654,0.7867724867724868,19.512698412698413,1.548148148148148,0.23015873015873015,20.47195767195767,0.7857142857142857,0.03333333333333333,21.29100529100529,21.857142857142858,0.38892508143322474,0.5322130127212558,0.7260353077049991,0.22045790251107827,0.5114164443773382,0.7938612205899916,0.7463063763608089,0.5832254351891814,0.7080528136651997,0.6198416006669445,0.6679405212540526,0.2887594986677192,0.7771260997067448,0.6303579283491634,0.24573887142147932,0.03128103277060568,0.5795097785074454,0.5151964880336231
Mark Madsen,Orthodox,No,No,No,Mark Madsen,0.0,0.8611111111111112,0.0,0.0,1.1694444444444445,11.805555555555555,2.0833333333333335,1.6666666666666667,10.5,2.7222222222222228,2.3333333333333335,15.555555555555557,32.333333333333336,20.86111111111111,38.75,1.3055555555555556,28.222222222222225,2.388888888888889,1.722222222222222,26.083333333333332,3.2222222222222228,3.0277777777777772,0.13888888888888887,0.2222222222222222,0.16666666666666666,0.0,0.7546296296296294,9.694444444444445,3.277777777777778,5.583333333333333,15.027777777777779,2.3333333333333335,1.1944444444444444,18.555555555555554,38.77777777777778,24.11111111111111,45.05555555555555,0.611111111111111,27.805555555555557,5.0,5.972222222222222,34.36111111111111,2.8055555555555554,1.6111111111111114,0.38888888888888884,18.11111111111111,1.722222222222222,0.38888888888888884,19.333333333333332,0.47222222222222215,0.4166666666666667,20.222222222222225,20.944444444444443,0.6595744680851064,0.4183070866141732,0.8720930232558141,0.5000000000000001,0.402555910543131,0.8448275862068966,0.7706422018348625,0.48109965635738833,0.5383512544802868,0.6363636363636364,0.6513486513486514,0.34444444444444433,0.9627906976744186,0.5626515763945028,0.16831683168316824,0.2586206896551726,0.5214899713467049,0.4648581997533908
Jessica Andrade,Orthodox,Yes,No,Yes,Jessica Andrade,0.06606334841628961,0.4796380090497737,0.050226244343891405,0.02222222222222222,0.9464613708731356,18.369582704876823,5.683157365510307,3.2057315233785824,18.054248366013073,6.067521367521367,3.136701860231272,27.258471593765712,56.58360985419809,34.66470588235294,64.77254901960785,1.0564605329311212,44.95701357466063,8.18552036199095,3.441075917546506,42.94504776269482,9.670638511814982,3.9679235796882857,0.0452991452991453,0.23539467068878833,0.13127199597787834,0.0,0.2873202614379085,19.653695324283557,5.765309200603317,5.53499245852187,25.46913021618904,4.3925590749120165,1.0923076923076924,30.95399698340875,60.63619909502263,34.31468074409251,64.36354952237305,0.8984414278531926,46.18702865761689,8.717094017094016,5.7320764203117145,52.18401206636501,6.814379084967319,1.6378079436902968,0.6630467571644042,26.53333333333333,2.9517848164906986,0.19708396178984416,26.71488185017597,2.421820010055304,0.5455002513826044,29.68220211161388,30.048868778280543,0.454004663779565,0.4086032688619373,0.6942939622873289,0.13938605847201319,0.42040349950888406,0.6274168308647303,0.7905146853855706,0.4817379390251705,0.5351758793969849,0.7379966424174594,0.5744758670237085,0.33862027995824273,0.9589337870907193,0.5119361427442819,0.35539848603343693,0.33306728880157166,0.4895129073822565,0.4668615854977889
Alex Pereira,Orthodox,Yes,No,Yes,Alex Pereira,0.09523809523809523,0.03333333333333333,0.05714285714285714,0.0,0.12095238095238092,11.285714285714286,7.176190476190476,4.247619047619048,18.695238095238096,3.480952380952381,0.5333333333333334,22.70952380952381,35.31428571428571,32.957142857142856,46.647619047619045,0.03333333333333333,21.104761904761904,8.404761904761905,5.8047619047619055,30.58571428571429,4.061904761904762,0.6666666666666667,0.04,0.37333333333333335,0.06666666666666667,0.0,1.245111111111111,8.84,3.6533333333333333,3.1399999999999997,13.786666666666667,0.76,1.0866666666666667,15.633333333333331,28.573333333333334,21.226666666666667,36.38666666666667,1.2,18.96666666666667,5.666666666666666,3.94,25.706666666666667,1.28,1.5866666666666667,0.8266666666666665,10.126666666666667,2.013333333333333,0.8,11.92,0.52,0.5,12.940000000000001,15.16,1.0,0.5347472924187726,0.8538243626062322,0.005742411812961443,0.6112408531838704,0.8569753810082064,0.8,0.6430690399137001,0.7065128623928134,0.6888888888888889,0.5339191564147627,0.35529411764705876,0.9052453468697124,0.4636929460580913,0.40625,0.31512605042016806,0.4528698086794215,0.41663613045071457
Jiri Prochazka,Orthodox,Yes,No,Yes,Jiri Prochazka,0.1,0.1,0.2,0.65,1.035,19.4,3.55,0.55,16.1,1.3,6.1,23.5,40.45,30.45,48.15,0.2,35.8,4.05,0.6,30.1,1.65,8.7,0.05,0.75,0.3,0.4,1.3416666666666666,16.6,3.25,1.35,12.6,1.3,7.3,21.2,33.55,27.85,40.55,2.6,27.8,4.15,1.6,23.7,1.5,8.35,1.85,11.2,0.9,0.25,11.1,0.2,1.05,12.35,12.7,0.5,0.5418994413407822,0.8765432098765432,0.16666666666666669,0.5348837209302326,0.787878787878788,0.7011494252873564,0.5809641532756489,0.632398753894081,0.7115384615384616,0.40287769784172656,0.2168674698795181,0.53125,0.4683544303797469,0.1333333333333333,0.12574850299401197,0.36810730253353197,0.313193588162762
John Castaneda,Switch,No,No,No,John Castaneda,0.25,0.6444444444444444,0.08333333333333333,0.0,0.7580555555555555,14.549999999999999,3.8166666666666664,5.266666666666667,20.933333333333334,1.511111111111111,1.1888888888888889,23.633333333333336,46.37222222222223,28.58888888888889,51.82222222222222,1.5833333333333333,34.577777777777776,5.55,6.2444444444444445,42.73333333333333,2.088888888888889,1.55,0.06666666666666667,0.2611111111111111,0.0,0.0,0.257037037037037,17.177777777777777,4.288888888888889,5.594444444444444,23.983333333333334,2.9,0.17777777777777778,27.061111111111114,58.68888888888889,29.96666666666667,63.111111111111114,0.9722222222222223,46.138888888888886,5.844444444444444,6.705555555555556,54.05555555555555,4.344444444444445,0.2888888888888889,0.7111111111111111,28.96111111111111,1.5555555555555554,1.111111111111111,30.072222222222223,1.4444444444444446,0.1111111111111111,31.627777777777776,33.144444444444446,0.4070175438596491,0.4207904884318766,0.6876876876876876,0.10320284697508895,0.4898595943837754,0.7234042553191489,0.7670250896057348,0.5096441835389961,0.551672384219554,0.7314285714285714,0.6276941601444912,0.26615969581749044,0.9610604805302403,0.5563206577595066,0.3324808184143223,0.3846153846153847,0.5389057175312382,0.5251760563380281
Kyung Ho Kang,Orthodox,No,No,No,Kyung Ho Kang,0.10256410256410257,0.5743589743589744,0.24615384615384617,0.16666666666666666,1.633803418803419,12.566666666666668,1.4333333333333333,2.230769230769231,12.1,0.6512820512820513,3.4794871794871796,16.23076923076923,33.91538461538462,32.0025641025641,51.848717948717955,1.0435897435897437,29.01538461538462,2.2743589743589743,2.6256410256410256,28.102564102564102,1.023076923076923,4.78974358974359,0.025641025641025644,0.3846153846153846,0.09999999999999999,0.3282051282051282,0.9976923076923075,9.564102564102564,2.825641025641026,3.864102564102564,12.725641025641025,0.8692307692307693,2.658974358974359,16.253846153846155,36.43333333333333,28.397435897435898,51.107692307692304,1.1743589743589744,27.307692307692307,4.279487179487179,4.846153846153846,31.238461538461536,1.1974358974358974,3.997435897435898,0.7897435897435897,17.74358974358974,1.4538461538461538,0.9820512820512821,18.512820512820515,0.3282051282051282,1.3384615384615384,20.17948717948718,22.71025641025641,0.5503685503685504,0.43310357016613643,0.6302142051860203,0.21875000000000003,0.4305656934306569,0.6365914786967419,0.7264453961456103,0.4785665683828532,0.6172296127787942,0.6724890829694323,0.6497652582159624,0.33972438585979625,0.9206349206349207,0.592629073298859,0.27408993576017127,0.3348300192431046,0.5538743050179463,0.44436082681115785
Kevin Borjas,,No,No,No,Kevin Borjas,0.0,0.0,0.0,0.3333333333333333,0.11666666666666663,18.0,3.0,4.0,24.333333333333332,0.3333333333333333,0.3333333333333333,25.0,65.66666666666667,26.0,66.66666666666667,1.0,56.666666666666664,4.0,5.0,64.33333333333333,0.6666666666666666,0.6666666666666666,0.0,0.6666666666666666,0.0,0.0,0.35000000000000003,30.666666666666668,16.333333333333332,5.0,51.0,1.0,0.0,52.0,100.0,55.0,103.66666666666667,1.3333333333333333,75.66666666666667,19.0,5.333333333333333,98.33333333333333,1.6666666666666667,0.0,0.6666666666666666,45.0,2.6666666666666665,0.3333333333333333,47.333333333333336,0.6666666666666666,0.0,48.0,48.666666666666664,0.0,0.31764705882352945,0.75,0.0,0.37823834196891193,0.5,0.5,0.38071065989847713,0.38999999999999996,0.5,0.5947136563876652,0.14035087719298256,0.875,0.4813559322033898,0.4,,0.48,0.46945337620578775
Mateusz Rebecki,,No,No,No,Mateusz Rebecki,0.3333333333333333,0.9444444444444443,0.2222222222222222,0.0,2.4916666666666667,12.611111111111109,5.4444444444444455,4.333333333333333,16.38888888888889,0.8888888888888888,5.111111111111111,22.38888888888889,41.0,35.05555555555555,58.555555555555564,1.111111111111111,28.666666666666668,7.611111111111112,4.722222222222222,33.94444444444445,1.8333333333333333,5.222222222222222,0.0,0.16666666666666666,0.0,0.1111111111111111,0.13518518518518516,6.277777777777778,1.222222222222222,0.38888888888888884,7.0555555555555545,0.6666666666666666,0.16666666666666666,7.888888888888888,22.166666666666668,12.333333333333334,27.166666666666668,0.6666666666666666,19.11111111111111,2.444444444444444,0.611111111111111,20.833333333333332,1.1666666666666667,0.16666666666666666,0.5,12.833333333333334,1.2222222222222223,0.2222222222222222,13.777777777777777,0.5,0.0,14.277777777777777,14.833333333333334,0.85,0.43992248062015493,0.7153284671532848,0.19999999999999996,0.48281505728314233,0.48484848484848486,0.978723404255319,0.5460704607046071,0.5986717267552181,0.75,0.6715116279069767,0.5,0.7272727272727273,0.6613333333333333,0.4285714285714286,0.0,0.6441102756892231,0.5460122699386503
Roosevelt Roberts,Orthodox,No,No,No,Roosevelt Roberts,0.0,0.29074074074074074,0.2074074074074074,0.037037037037037035,1.10679012345679,9.848148148148148,1.3574074074074076,1.1814814814814816,9.792592592592593,0.587037037037037,2.0074074074074075,12.387037037037038,30.574074074074076,19.762962962962963,39.18703703703704,1.2944444444444445,27.11111111111111,2.066666666666667,1.3962962962962964,27.50740740740741,0.7814814814814816,2.285185185185185,0.12037037037037036,0.6074074074074074,0.19444444444444442,0.06666666666666667,1.4217283950617283,6.724074074074075,4.575925925925926,3.772222222222222,10.633333333333333,1.738888888888889,2.6999999999999997,15.072222222222223,32.409259259259265,24.9037037037037,44.044444444444444,1.201851851851852,20.96851851851852,6.692592592592592,4.748148148148148,26.905555555555555,2.283333333333333,3.2203703703703703,0.5944444444444444,14.244444444444445,2.1166666666666667,0.9759259259259259,16.272222222222222,0.5444444444444444,0.5203703703703704,17.337037037037035,19.14074074074074,0.2246065808297568,0.3632513661202186,0.6568100358422939,0.20822281167108753,0.3559983842735963,0.7511848341232227,0.8784440842787683,0.4051483949121744,0.5043239922498937,0.4946070878274269,0.6793252671553475,0.31627006087437737,0.8720748829953198,0.6047904191616766,0.23844282238442815,0.16158711903392764,0.5349408605222559,0.4345778674739321
Matt Frevola,Orthodox,No,No,No,Matt Frevola,0.19999999999999998,0.7000000000000001,0.15,0.15,0.5777777777777778,9.450000000000001,2.4499999999999997,2.3666666666666667,10.833333333333334,1.25,2.183333333333333,14.266666666666666,34.96666666666667,18.833333333333332,40.25,1.8833333333333335,27.099999999999998,5.233333333333333,2.6333333333333333,29.883333333333336,2.183333333333333,2.9,0.25,0.7999999999999999,0.3333333333333333,0.26666666666666666,0.7938888888888888,11.116666666666667,3.4,1.3166666666666667,13.25,1.0999999999999999,1.4833333333333334,15.833333333333334,39.71666666666667,21.75,47.550000000000004,1.1166666666666667,33.0,5.166666666666667,1.55,35.38333333333333,2.1999999999999997,2.1333333333333333,0.31666666666666665,21.883333333333336,1.7666666666666666,0.2333333333333333,22.133333333333336,1.0999999999999999,0.65,23.883333333333336,25.8,0.37168141592920356,0.3487084870848709,0.46815286624203817,0.2658227848101266,0.3625209146681539,0.5725190839694657,0.7528735632183907,0.40800762631077214,0.46790890269151136,0.28358208955223885,0.6631313131313131,0.34193548387096784,0.4838709677419355,0.6255299105040037,0.5,0.3046875,0.6013428451531683,0.5425867507886436
Nazim Sadykhov,,No,No,No,Nazim Sadykhov,0.1111111111111111,0.7222222222222222,0.1111111111111111,0.1111111111111111,0.6074074074074074,13.277777777777779,4.888888888888888,1.9444444444444444,15.666666666666666,1.8888888888888886,2.555555555555556,20.11111111111111,43.5,24.555555555555554,48.55555555555555,1.111111111111111,34.94444444444445,6.055555555555556,2.5,37.666666666666664,2.8333333333333335,3.0,0.1111111111111111,0.3333333333333333,0.0,0.0,0.6648148148148149,15.277777777777779,8.222222222222221,4.111111111111112,26.0,1.6111111111111114,0.0,27.61111111111111,50.388888888888886,30.944444444444443,54.5,1.277777777777778,35.72222222222222,10.055555555555555,4.611111111111111,48.44444444444445,1.9444444444444446,0.0,0.9444444444444443,20.444444444444443,1.8333333333333333,0.5,22.444444444444446,0.3333333333333333,0.0,22.777777777777775,23.555555555555557,0.6500000000000001,0.37996820349761523,0.8073394495412842,0.28888888888888886,0.41592920353982304,0.6666666666666665,0.851851851851852,0.4623243933588761,0.505720823798627,0.7391304347826088,0.572317262830482,0.18232044198895037,0.927710843373494,0.4633027522935781,0.17142857142857137,,0.4520396912899669,0.4322120285423038
Viacheslav Borshchev,Orthodox,No,No,No,Viacheslav Borshchev,0.3,0.0,0.0,0.13333333333333333,0.11055555555555553,14.611111111111109,5.183333333333334,6.227777777777778,23.444444444444443,1.4333333333333333,1.1444444444444446,26.022222222222222,45.67777777777778,30.277777777777782,50.17777777777778,0.0,33.00555555555555,5.966666666666666,6.705555555555556,41.58888888888889,2.1777777777777776,1.9111111111111112,0.08333333333333333,2.2944444444444447,0.08333333333333333,0.0,2.223425925925926,12.588888888888889,2.327777777777778,2.6055555555555556,11.055555555555555,1.3277777777777777,5.138888888888888,17.522222222222222,40.28333333333333,24.222222222222225,48.28888888888889,3.4333333333333336,33.87777777777777,3.2944444444444443,3.111111111111111,31.066666666666666,2.211111111111111,7.0055555555555555,1.1388888888888888,21.288888888888888,0.9666666666666667,0.5055555555555555,20.01111111111111,0.8833333333333333,1.8666666666666665,22.76111111111111,24.066666666666666,,0.4426864164282107,0.8687150837988828,0.0,0.5637189420251135,0.6581632653061225,0.5988372093023256,0.5696910727316955,0.6034100974313553,0.33171521035598706,0.6284027550016398,0.29342327150084313,0.26249999999999996,0.644134477825465,0.3994974874371858,0.2664551942902459,0.5650255137222452,0.4983893235158766
Sergei Pavlovich,Southpaw,No,No,Yes,Sergei Pavlovich,0.875,0.0,0.0,0.0,0.10416666666666666,17.0,1.125,0.125,12.25,2.25,3.75,18.25,37.75,19.125,38.625,0.25,35.625,2.0,0.125,28.125,4.25,5.375,0.125,0.125,0.0,0.0,0.24583333333333326,5.5,1.875,2.875,7.375,1.0,1.875,10.25,22.875,10.75,23.5,0.5,16.25,2.5,4.125,19.75,1.0,2.125,0.375,10.75,0.625,1.25,12.375,0.0,0.25,12.625,12.75,0.0,0.47719298245614034,0.5625,0.0,0.43555555555555553,0.5294117647058824,0.6976744186046512,0.48344370860927155,0.49514563106796117,0.75,0.6615384615384615,0.25,0.9696969696969697,0.6265822784810127,0.0,0.11764705882352944,0.5519125683060109,0.5425531914893618
Tom Aspinall,Orthodox,No,Yes,Yes,Tom Aspinall,0.25,0.6875,0.5625,0.0,0.36354166666666665,6.125,1.125,2.875,6.5625,1.0625,2.5,10.125,15.1875,10.8125,15.9375,0.6875,10.625,1.6875,2.875,10.375,1.5,3.3125,0.0,0.0,0.0,0.0,0.0010416666666666625,1.75,1.375,1.625,4.5625,0.1875,0.0,4.75,14.5625,5.0,14.8125,0.125,10.9375,1.9375,1.6875,14.125,0.375,0.0625,0.125,9.1875,0.5625,0.0625,9.5625,0.1875,0.0625,9.8125,9.8125,1.0,0.5764705882352941,0.6666666666666666,0.2391304347826087,0.6325301204819277,0.7083333333333334,0.7547169811320755,0.6666666666666666,0.6784313725490196,1.0,0.84,0.29032258064516125,1.0,0.6769911504424779,0.5,1.0,0.6738197424892705,0.6624472573839663
Alessandro Costa,,No,No,No,Alessandro Costa,0.1111111111111111,0.1111111111111111,0.0,0.0,0.24166666666666667,8.722222222222221,4.055555555555556,3.3888888888888893,11.944444444444445,3.0,1.2222222222222223,16.166666666666668,31.0,23.222222222222225,40.111111111111114,0.7777777777777777,21.777777777777775,5.277777777777778,3.9444444444444446,26.055555555555554,3.277777777777778,1.6666666666666667,0.27777777777777773,0.3333333333333333,0.1111111111111111,0.1111111111111111,1.650925925925926,8.555555555555555,5.222222222222222,1.7222222222222223,9.61111111111111,3.6666666666666665,2.2222222222222223,15.5,29.555555555555554,22.555555555555554,38.111111111111114,2.111111111111111,21.777777777777782,6.055555555555556,1.7222222222222223,22.277777777777775,3.888888888888889,3.3888888888888893,1.7777777777777777,13.222222222222221,0.8333333333333334,0.0,12.666666666666666,0.2222222222222222,1.1666666666666667,14.055555555555557,15.555555555555557,0.14285714285714288,0.4005102040816327,0.7684210526315791,0.02816901408450704,0.45842217484008535,0.9152542372881355,0.7333333333333334,0.5215053763440861,0.5789473684210527,0.8421052631578947,0.6071428571428572,0.13761467889908263,0.8064516129032259,0.56857855361596,0.05714285714285716,0.34426229508196726,0.4755639097744361,0.40816326530612257
Loopy Godinez,Orthodox,No,No,No,Loopy Godinez,0.03333333333333333,1.0833333333333333,0.34907407407407404,0.0,1.5879166666666666,16.600925925925925,3.5305555555555554,1.3037037037037038,18.080555555555556,1.888888888888889,1.4657407407407408,21.435185185185187,43.66851851851852,29.376851851851853,53.73425925925926,2.353703703703704,37.33240740740741,4.80462962962963,1.5314814814814814,39.19537037037037,2.6805555555555554,1.7925925925925927,0.0,0.13703703703703704,0.0,0.0,0.44408950617283954,11.809259259259258,4.780555555555556,2.285185185185185,16.97407407407407,1.549074074074074,0.35185185185185186,18.875,49.67222222222222,27.32777777777778,59.88055555555555,1.0787037037037037,38.504629629629626,8.091666666666667,3.075925925925926,47.04907407407407,2.234259259259259,0.38888888888888884,0.9416666666666668,26.69537037037037,3.3111111111111113,0.7907407407407407,30.075,0.6851851851851851,0.037037037037037035,30.79722222222222,32.55277777777778,0.46026750590086535,0.44467868746744704,0.7348236654461361,0.7073760580411125,0.46129314214169287,0.7046632124352332,0.8176652892561983,0.4908612866290658,0.5467061844123171,0.8729613733905579,0.6933028736323193,0.4092001373154823,0.9554485249849488,0.6392261822761892,0.306672192291753,0.09523809523809512,0.6200089475450172,0.543628519738368
Tabatha Ricci,Orthodox,No,No,No,Tabatha Ricci,0.0,1.0555555555555556,0.05555555555555555,0.0,1.4902777777777778,13.25,2.944444444444444,4.888888888888889,16.194444444444446,0.9722222222222222,3.9166666666666665,21.083333333333332,56.444444444444436,29.305555555555557,67.41666666666667,2.638888888888889,45.416666666666664,4.555555555555555,6.472222222222221,50.72222222222222,1.277777777777778,4.444444444444444,0.05555555555555555,0.13888888888888887,0.0,0.0,0.09027777777777778,14.944444444444443,4.833333333333333,3.194444444444444,19.86111111111111,2.3055555555555554,0.8055555555555557,22.972222222222218,57.02777777777778,31.38888888888889,68.22222222222223,0.5,45.47222222222222,7.527777777777778,4.027777777777778,52.75,3.305555555555556,0.9722222222222223,0.3611111111111111,30.527777777777775,2.694444444444444,0.8333333333333334,32.88888888888889,1.0,0.16666666666666666,34.05555555555555,36.833333333333336,0.4,0.29174311926605506,0.6463414634146342,0.16309012875536483,0.31927710843373497,0.7608695652173912,0.8812500000000001,0.37352362204724415,0.43469303667078696,0.7222222222222223,0.6713500305436775,0.3579335793357934,0.9655172413793104,0.6234860452869931,0.3025210084033615,0.17142857142857137,0.5971748660496834,0.5399022801302932
Angela Hill,Orthodox,No,No,No,Angela Hill,0.02694805194805195,0.1514069264069264,0.017424242424242425,0.03571428571428571,0.6699512987012988,14.799134199134198,8.553896103896104,1.6544372294372294,18.257683982683982,6.1827922077922075,0.5669913419913419,25.007467532467533,48.99729437229438,28.751731601731603,53.7538961038961,0.44632034632034634,35.06785714285714,12.01461038961039,1.91482683982684,40.534415584415584,7.563311688311688,0.8995670995670995,0.016666666666666666,0.42586580086580084,0.016666666666666666,0.009523809523809523,1.2012409812409812,16.35487012987013,6.356385281385281,3.1301948051948054,19.91147186147186,3.458982683982684,2.470995670995671,25.841450216450216,61.51471861471862,36.37640692640692,73.41655844155844,2.009415584415584,47.64967532467533,9.76038961038961,4.10465367965368,53.38290043290043,5.175216450216451,2.9566017316017317,1.5835497835497836,31.294805194805196,3.4040043290043287,0.9744588744588745,33.471428571428575,1.7162337662337663,0.48560606060606054,35.6732683982684,37.040151515151514,0.3392337536372454,0.4220142148648106,0.7119578435346575,0.07907081896795343,0.45042425601674596,0.8174715604206911,0.6302935514918191,0.5103846621091809,0.5348771658552889,0.7880648462325631,0.6567684875409681,0.34875701328365827,0.8962480554749914,0.6270065564065864,0.3316255045065769,0.1642446648852448,0.5799143554845565,0.5045204011386133
Denise Gomes,,No,No,No,Denise Gomes,0.19444444444444442,0.38888888888888884,0.4166666666666667,0.4166666666666667,1.199537037037037,9.0,3.7222222222222228,3.0,7.583333333333333,4.416666666666667,3.7222222222222228,15.722222222222223,30.472222222222218,28.472222222222225,46.52777777777778,1.138888888888889,21.5,4.777777777777778,4.194444444444445,19.666666666666668,5.777777777777778,5.027777777777778,0.0,1.25,0.0,0.25,1.986111111111111,8.694444444444445,6.222222222222221,1.0277777777777777,7.138888888888888,5.611111111111111,3.194444444444444,15.944444444444443,24.555555555555557,26.944444444444443,38.52777777777778,1.9166666666666667,16.277777777777775,7.166666666666667,1.111111111111111,12.388888888888891,7.027777777777779,5.138888888888889,0.6666666666666666,7.583333333333333,0.9444444444444443,0.08333333333333333,5.25,1.4166666666666667,1.9444444444444444,8.61111111111111,11.583333333333334,0.34146341463414626,0.4186046511627907,0.7790697674418606,0.09271523178807946,0.385593220338983,0.764423076923077,0.7403314917127073,0.5159525979945306,0.6119402985074628,0.34782608695652173,0.46587030716723543,0.13178294573643423,-0.12500000000000022,0.42376681614349787,0.20158102766798436,0.3783783783783785,0.3506787330316743,0.3006488824801731
Abus Magomedov,,No,No,No,Abus Magomedov,0.1111111111111111,0.1111111111111111,0.0,0.0,0.04629629629629629,7.5,5.0,2.111111111111111,14.166666666666666,0.2222222222222222,0.2222222222222222,14.611111111111112,34.44444444444445,14.944444444444445,35.44444444444445,0.2222222222222222,23.944444444444443,7.944444444444444,2.555555555555556,34.0,0.2222222222222222,0.2222222222222222,0.5,0.0,0.0,0.0,0.7888888888888889,20.5,2.5555555555555554,0.888888888888889,21.27777777777778,0.0,2.6666666666666665,23.944444444444446,50.666666666666664,30.277777777777782,58.333333333333336,0.1111111111111111,44.72222222222223,3.7777777777777772,2.1666666666666665,47.0,0.0,3.6666666666666665,0.1111111111111111,24.222222222222218,1.222222222222222,1.2777777777777777,25.722222222222225,0.0,1.0,26.722222222222225,28.055555555555557,0.5,0.3132250580046404,0.6293706293706294,0.04347826086956521,0.41666666666666663,1.0,1.0,0.4241935483870967,0.42163009404388707,1.0,0.5416149068322982,0.32352941176470584,1.0,0.5472813238770685,,0.2727272727272727,0.5274122807017543,0.4809523809523809
Caio Borralho,Southpaw,No,No,No,Caio Borralho,0.08333333333333333,0.6333333333333333,0.21666666666666667,0.2833333333333334,2.23,6.533333333333334,2.266666666666667,1.5999999999999999,7.183333333333334,0.48333333333333334,2.733333333333333,10.4,18.783333333333335,21.066666666666666,32.233333333333334,1.0666666666666667,13.033333333333333,3.6,2.15,15.15,0.6999999999999998,2.9333333333333336,0.0,0.21666666666666667,0.0,0.13333333333333333,0.4686111111111111,3.5666666666666664,2.966666666666667,2.4833333333333334,6.716666666666666,0.43333333333333335,1.8666666666666665,9.016666666666666,21.75,20.0,35.68333333333333,0.3666666666666667,13.566666666666668,4.8500000000000005,3.3333333333333335,18.46666666666667,0.43333333333333335,2.85,0.15,10.0,1.8833333333333335,0.85,11.75,0.0,0.9833333333333334,12.733333333333334,15.683333333333332,0.59375,0.5012787723785167,0.6296296296296298,0.29457364341085274,0.47414741474147415,0.6904761904761907,0.9318181818181817,0.5536823425022183,0.6535677352637022,0.40909090909090917,0.7371007371007372,0.3883161512027492,0.935,0.6362815884476536,0.0,0.3450292397660819,0.5854406130268199,0.43951424567958897
Eduarda Moura,,No,No,No,Eduarda Moura,0.0,1.5,0.0,0.0,2.9750000000000005,27.5,1.0,0.0,2.5,0.5,25.5,28.5,38.5,51.0,69.5,1.5,37.5,1.0,0.0,6.0,0.5,32.0,0.0,0.0,0.0,0.0,0.01666666666666665,0.0,0.0,2.5,2.5,0.0,0.0,2.5,11.0,4.5,14.5,0.0,7.5,1.0,2.5,11.0,0.0,0.0,0.0,7.5,1.0,0.0,8.5,0.0,0.0,8.5,10.0,1.0,0.7333333333333333,1.0,inf,0.4166666666666667,1.0,0.796875,0.7402597402597403,0.7338129496402878,,1.0,1.0,1.0,0.7727272727272727,,,0.7727272727272727,0.6896551724137931
Montserrat Conejo Ruiz,,No,No,No,Montserrat Conejo Ruiz,0.0,0.16666666666666666,0.0,0.0,1.0527777777777778,0.6666666666666666,0.5,1.1666666666666667,2.0,0.0,0.3333333333333333,2.3333333333333335,12.333333333333334,6.166666666666667,18.166666666666668,0.16666666666666666,9.833333333333334,1.1666666666666667,1.3333333333333333,10.833333333333334,0.16666666666666666,1.3333333333333333,0.0,0.6666666666666666,0.6666666666666666,0.5,2.3638888888888894,23.833333333333332,2.0,0.16666666666666666,2.0,0.16666666666666666,23.833333333333332,26.0,39.166666666666664,45.833333333333336,64.66666666666667,1.1666666666666667,35.666666666666664,3.0,0.5,5.5,0.16666666666666666,33.5,0.5,11.833333333333334,1.0,0.3333333333333333,3.5,0.0,9.666666666666666,13.166666666666666,18.833333333333332,1.0,0.06779661016949151,0.42857142857142855,0.125,0.1846153846153846,0.0,0.25,0.1891891891891892,0.3394495412844037,0.4285714285714286,0.3317757009345794,0.33333333333333337,-0.33333333333333326,0.6363636363636364,0.0,0.2885572139303483,0.3361702127659574,0.2912371134020618
Elves Brener,,No,No,No,Elves Brener,0.27777777777777773,0.2222222222222222,0.0,0.0,0.35092592592592586,12.166666666666666,5.833333333333333,4.277777777777778,19.833333333333332,1.4444444444444444,1.0,22.277777777777775,46.888888888888886,28.166666666666668,53.44444444444445,1.277777777777778,32.77777777777778,8.222222222222223,5.888888888888888,43.0,1.8888888888888886,2.0,0.0,0.16666666666666666,0.0,0.0,0.7166666666666665,17.77777777777778,4.833333333333333,1.5,19.333333333333332,3.7777777777777772,1.0,24.11111111111111,53.72222222222222,26.777777777777775,56.388888888888886,1.1666666666666667,44.61111111111111,7.4444444444444455,1.6666666666666667,47.611111111111114,4.388888888888889,1.7222222222222223,1.0,26.833333333333332,2.611111111111111,0.16666666666666666,28.277777777777775,0.611111111111111,0.7222222222222222,29.61111111111111,29.61111111111111,0.17391304347826084,0.3711864406779661,0.7094594594594593,0.03773584905660377,0.46124031007751937,0.7647058823529412,0.5,0.47511848341232227,0.527027027027027,0.8571428571428572,0.6014943960149439,0.35074626865671654,0.9,0.5939323220536756,0.1392405063291141,0.4193548387096775,0.5511892450879008,0.5251231527093596
Kaynan Kruschewsky,,No,No,No,Kaynan Kruschewsky,0.0,0.0,0.0,0.0,0.0,6.0,2.0,0.0,8.0,0.0,0.0,8.0,31.0,8.0,31.0,0.0,25.0,6.0,0.0,31.0,0.0,0.0,1.0,0.0,0.0,0.0,0.05,6.0,2.0,8.0,16.0,0.0,0.0,16.0,33.0,16.0,33.0,0.0,20.0,3.0,10.0,33.0,0.0,0.0,0.0,14.0,1.0,2.0,17.0,0.0,0.0,17.0,17.0,,0.24,0.3333333333333333,,0.25806451612903225,,,0.25806451612903225,0.25806451612903225,,0.7,0.33333333333333337,1.0,0.5151515151515151,,,0.5151515151515151,0.5151515151515151
Gabriel Bonfim,,No,No,No,Gabriel Bonfim,0.0,1.3333333333333333,0.8333333333333333,0.0,1.3972222222222221,8.833333333333332,1.0,1.6666666666666667,9.333333333333332,1.5,0.6666666666666666,11.5,31.0,13.833333333333332,34.33333333333333,2.3333333333333335,27.5,1.5,2.0,25.0,4.166666666666667,1.8333333333333333,0.5,0.0,0.0,0.0,0.6472222222222223,17.0,3.8333333333333335,2.0,9.166666666666668,12.166666666666666,1.5,22.833333333333332,43.833333333333336,26.333333333333332,48.666666666666664,0.3333333333333333,35.833333333333336,5.833333333333333,2.166666666666667,26.0,15.833333333333334,2.0,0.3333333333333333,18.833333333333332,2.0,0.16666666666666666,16.833333333333332,3.6666666666666665,0.5,21.0,22.333333333333332,0.5714285714285714,0.32121212121212117,0.6666666666666666,0.6666666666666666,0.3733333333333333,0.36,0.36363636363636365,0.3709677419354839,0.40291262135922334,1.0,0.5255813953488373,0.34285714285714275,1.0,0.6474358974358974,0.2315789473684211,0.25,0.479087452471483,0.45890410958904104
Nicolas Dalby,Orthodox,No,No,No,Nicolas Dalby,0.030303030303030304,0.37121212121212127,0.03333333333333333,0.05808080808080809,1.0538468013468014,12.409090909090908,4.746969696969697,3.0545454545454547,12.315151515151515,6.067171717171718,1.828282828282828,20.21060606060606,46.13686868686869,27.841414141414145,54.418181818181814,1.204040404040404,34.78888888888889,7.334343434343435,4.013636363636364,35.13737373737374,8.252525252525253,2.7469696969696975,0.1111111111111111,0.5505050505050505,0.11363636363636365,0.03333333333333333,1.292895622895623,10.314646464646465,3.797979797979798,2.6545454545454548,13.435858585858588,1.9297979797979796,1.4015151515151514,16.767171717171717,35.627272727272725,23.18383838383838,42.73181818181818,1.4035353535353536,27.352525252525254,5.417676767676768,2.8570707070707075,30.591919191919192,2.6429292929292925,2.3924242424242426,0.853030303030303,17.037878787878785,1.6196969696969699,0.20252525252525255,17.156060606060606,0.7131313131313131,0.9909090909090909,18.86010101010101,19.547979797979796,0.3083053691275168,0.3566969600185825,0.6472249001514943,0.09248773121932806,0.3504858276318058,0.7351897184822522,0.6655635227063796,0.4380576019966941,0.5116197052381484,0.6077725800647715,0.6228996639462314,0.2989652279295236,0.8073183666254199,0.5608036716634748,0.2698261035734759,0.41418619379354027,0.5293725723682345,0.457457244501176
Derrick Lewis,Orthodox,No,No,Yes,Derrick Lewis,0.09651401230348598,0.12380952380952381,0.0,0.02142857142857143,0.37951507556770714,8.2180337206653,1.3459216222374117,0.3667350193665983,3.525085440874915,1.4170312143996355,4.988573706994759,9.93069036226931,19.129733424470267,10.839690134426977,20.27859421280474,0.6523353839143313,16.80699475962634,1.8231259968102074,0.4996126680337206,10.540031897926635,2.0053656869446344,6.584335839598998,0.03872180451127819,0.8868990658464343,0.09924812030075188,0.03961038961038961,1.9475852510063034,5.153269537480064,1.827728411938938,1.388004101161996,5.210059239006608,1.5639667350193664,1.594976076555024,8.369002050580999,14.571508316245158,20.88730918204602,28.978947368421053,2.5418888129414445,10.074310776942356,2.700660742766006,1.7965367965367964,10.194691273638643,2.0688539530644796,2.307963089542037,1.6549897470950103,4.921041239462292,0.8729323308270676,0.40853269537480064,4.9846320346320345,0.5048872180451128,0.7129870129870131,6.2025062656641605,8.091638186375029,0.1897942789284342,0.4889650909159924,0.7382493720084482,0.24781101787668738,0.33444732188792964,0.7066198567297806,0.7576426580480402,0.51912330098475,0.5345385395395086,0.6510866009044176,0.48847423396202516,0.3232291701818919,0.5063284717818642,0.48894389254545256,0.24404198145415312,0.30892479009640006,0.4256598652007251,0.2792247103907113
Kaue Fernandes,,No,No,No,Kaue Fernandes,0.0,0.3333333333333333,0.0,0.0,0.48333333333333334,2.0,2.6666666666666665,3.0,7.0,0.6666666666666666,0.0,7.666666666666667,14.0,22.333333333333332,30.666666666666668,0.3333333333333333,6.666666666666667,4.333333333333333,3.0,12.666666666666666,1.3333333333333333,0.0,0.0,1.0,0.0,0.3333333333333333,2.8777777777777778,3.6666666666666665,0.6666666666666666,0.0,2.3333333333333335,0.6666666666666666,1.3333333333333333,4.333333333333333,10.666666666666666,21.666666666666668,30.666666666666668,2.6666666666666665,8.666666666666666,1.6666666666666667,0.3333333333333333,6.0,1.3333333333333333,3.3333333333333335,1.6666666666666667,5.0,1.0,0.3333333333333333,3.6666666666666665,0.6666666666666666,2.0,6.333333333333333,9.0,1.0,0.3,0.6153846153846154,0.1111111111111111,0.5526315789473685,0.5,,0.5476190476190477,0.7282608695652173,0.625,0.5769230769230769,0.6000000000000001,-2.0,0.6111111111111112,0.5,0.6000000000000001,0.59375,0.2934782608695652
Marc Diakiese,Orthodox,No,No,No,Marc Diakiese,0.044444444444444446,1.0477078477078476,0.0,0.07008547008547009,1.5482621082621082,5.6031080031080025,3.4893550893550898,2.9179487179487182,9.955400155400156,1.214918414918415,0.84009324009324,12.01041181041181,29.860450660450663,19.104739704739703,38.235586635586635,2.3973581973581974,20.724009324009323,5.052059052059052,4.084382284382285,26.737062937062934,1.848174048174048,1.2752136752136751,0.025641025641025644,0.26278166278166276,0.07816627816627818,0.0,0.5744289044289045,5.809479409479409,3.6994560994560994,2.9846153846153847,10.523387723387723,1.0657342657342657,0.9044289044289044,12.493550893550895,26.33986013986014,18.078321678321675,32.98508158508159,0.8402486402486403,17.604351204351204,5.2108780108780115,3.5246309246309244,23.1034965034965,1.730846930846931,1.5055167055167056,0.5774669774669775,11.794871794871796,1.5114219114219114,0.5400155400155401,12.58010878010878,0.6651126651126651,0.601087801087801,13.846309246309247,14.906759906759907,0.4370259933882154,0.2703679541688225,0.6906797908335898,0.2565156184606019,0.3723445682435064,0.6573614731354579,0.6587862539605167,0.40221803572172027,0.4996586004243109,0.6872572591085631,0.6699975283358639,0.29005129428605525,0.9254442044001587,0.5445110344317319,0.38427006643921713,0.3992568125516103,0.5256789205708655,0.45192430002968087
Elizeu Zaleski dos Santos,Orthodox,No,No,No,Elizeu Zaleski dos Santos,0.05158730158730159,0.13203463203463203,0.13852813852813853,0.05411255411255411,0.501948051948052,13.169191919191919,5.213924963924963,3.5310245310245314,15.774531024531024,4.557720057720058,1.581890331890332,21.914141414141415,51.197330447330444,25.25180375180375,55.57178932178932,0.9686147186147186,38.790043290043286,8.002164502164502,4.405122655122655,42.462842712842715,6.43001443001443,2.3044733044733046,0.15981240981240982,0.5577200577200577,0.047619047619047616,0.030303030303030304,0.8095358345358346,10.274531024531024,2.913059163059163,2.747113997113997,12.3997113997114,2.6042568542568545,0.9307359307359307,15.934704184704183,37.53499278499279,20.977994227994227,43.64862914862915,1.848845598845599,29.81313131313131,4.440115440115441,3.2817460317460316,32.496392496392495,3.7009379509379507,1.3376623376623378,1.2911255411255411,19.53860028860029,1.5270562770562772,0.5346320346320347,20.0966810966811,1.0966810966810967,0.4069264069264069,21.600288600288604,22.67063492063492,0.13631284916201117,0.339499283894128,0.6515643314399061,0.029972975186307427,0.3714902257299905,0.7088195691202872,0.6864433312460864,0.4280328920017757,0.4543996884027394,0.6983414634146341,0.6553689407323153,0.34392265193370175,0.8300538639111795,0.6184280639431616,0.29632517789258206,0.3042071197411004,0.5754707007410114,0.5193893912094815
Rinat Fakhretdinov,,No,No,No,Rinat Fakhretdinov,0.27777777777777773,1.3055555555555556,0.08333333333333333,0.1111111111111111,3.225462962962963,12.166666666666666,2.4166666666666665,3.75,9.388888888888888,2.5833333333333335,6.361111111111111,18.333333333333332,33.19444444444445,32.888888888888886,51.72222222222223,2.888888888888889,26.194444444444446,3.138888888888889,3.861111111111111,20.777777777777775,3.1666666666666665,9.25,0.0,0.0,0.1111111111111111,0.08333333333333333,0.21666666666666665,6.0,2.4444444444444446,1.8333333333333333,7.5,0.8333333333333334,1.9444444444444444,10.277777777777779,21.5,20.0,33.916666666666664,0.4166666666666667,15.805555555555555,3.6666666666666665,2.027777777777778,18.0,1.111111111111111,2.388888888888889,0.4166666666666667,9.805555555555555,1.222222222222222,0.19444444444444442,10.5,0.27777777777777773,0.4444444444444444,11.222222222222223,13.916666666666666,0.4519230769230769,0.46447507953340395,0.7699115044247787,0.3381294964028777,0.45187165775401067,0.8157894736842106,0.6876876876876876,0.5523012552301254,0.6358754027926958,1.0,0.6203866432337435,0.33333333333333326,1.0,0.5833333333333333,0.2499999999999999,0.18604651162790697,0.5219638242894056,0.4103194103194103
Don'Tale Mayes,Orthodox,No,No,No,Don'Tale Mayes,0.041666666666666664,0.3194444444444444,0.0,0.0,0.8604166666666666,7.75,4.361111111111111,2.513888888888889,11.972222222222221,2.1805555555555554,0.47222222222222227,14.625,34.34722222222222,24.63888888888889,46.083333333333336,0.5972222222222222,24.583333333333332,6.319444444444444,3.4444444444444446,30.694444444444443,2.8055555555555554,0.8472222222222222,0.08333333333333333,0.48611111111111116,0.09722222222222221,0.0,1.2046296296296297,11.0,4.402777777777778,2.8194444444444446,12.902777777777779,3.6388888888888893,1.6805555555555554,18.222222222222225,34.638888888888886,27.527777777777782,45.875,0.8194444444444445,25.777777777777775,5.527777777777778,3.3333333333333335,27.26388888888889,4.916666666666667,2.4583333333333335,0.3333333333333333,14.777777777777779,1.125,0.513888888888889,14.361111111111112,1.277777777777778,0.7777777777777778,16.416666666666668,18.347222222222225,0.5348837209302325,0.3152542372881356,0.6901098901098901,0.09274193548387095,0.3900452488687783,0.7772277227722773,0.5573770491803279,0.4257986251516377,0.5346594333936106,0.4067796610169492,0.5732758620689655,0.20351758793969854,0.8541666666666666,0.5267447784004076,0.25988700564971745,0.31638418079096053,0.4739374498797112,0.3999394489857704
Rodrigo Nascimento,Orthodox,No,No,No,Rodrigo Nascimento,0.0,0.35555555555555557,0.13333333333333333,0.0,1.0942592592592593,13.299999999999999,2.433333333333333,2.1777777777777776,15.444444444444445,2.1,0.36666666666666664,17.91111111111111,37.922222222222224,25.433333333333334,46.544444444444444,1.0444444444444445,31.822222222222223,3.6777777777777785,2.422222222222222,34.62222222222223,2.8777777777777778,0.4222222222222222,0.1111111111111111,0.17777777777777778,0.0,0.05555555555555555,0.5887037037037038,11.411111111111111,5.633333333333333,2.977777777777778,15.766666666666666,3.3444444444444446,0.9111111111111111,20.022222222222222,35.766666666666666,35.24444444444444,51.800000000000004,0.7888888888888889,24.977777777777778,7.388888888888889,3.4,30.477777777777778,4.1,1.1888888888888889,0.6111111111111112,13.566666666666668,1.7555555555555555,0.4222222222222222,14.71111111111111,0.7555555555555555,0.2777777777777778,15.744444444444445,16.555555555555554,0.3404255319148936,0.4179469273743016,0.6616314199395769,0.14678899082568808,0.4460847240051347,0.7297297297297297,0.8684210526315789,0.4723117491942572,0.5464311291477679,0.7746478873239436,0.5431494661921707,0.23759398496240614,0.9477124183006536,0.4826831935836675,0.18428184281842808,0.23364485981308414,0.4401988195091643,0.3196053196053198
Modestas Bukauskas,Switch,No,No,No,Modestas Bukauskas,0.0,0.0,0.0,0.0,0.24703703703703708,10.796825396825398,3.1904761904761902,1.3174603174603174,13.117460317460319,2.1396825396825396,0.047619047619047616,15.304761904761904,36.68571428571428,17.631746031746033,39.266666666666666,0.047619047619047616,31.126984126984127,4.146031746031746,1.4126984126984128,33.44126984126984,3.1968253968253966,0.047619047619047616,0.22857142857142856,0.19047619047619047,0.0,0.0,0.5749735449735449,8.257142857142858,6.9904761904761905,2.5047619047619047,15.968253968253968,1.4984126984126984,0.2857142857142857,17.752380952380953,34.63492063492063,21.35238095238095,38.48888888888889,0.8952380952380953,23.498412698412697,8.403174603174604,2.733333333333333,32.25714285714286,1.9015873015873013,0.4761904761904762,0.7047619047619048,15.24126984126984,1.4126984126984128,0.22857142857142856,16.288888888888888,0.40317460317460313,0.19047619047619047,16.882539682539683,17.136507936507936,0.0,0.3468638449770525,0.7695252679938743,0.0,0.39225365483197266,0.6693147964250249,1.0,0.4171858774662513,0.44902579028215706,0.7872340425531915,0.6486084841934612,0.16811484699659995,0.9303135888501742,0.5049699832693633,0.21202003338898145,0.4,0.48744271310724097,0.44523259650280433
Andre Petroski,Switch,No,No,No,Andre Petroski,0.08333333333333333,1.3611111111111114,0.7222222222222222,0.08333333333333333,2.1101851851851854,12.222222222222221,2.972222222222222,0.6666666666666666,9.583333333333334,0.4166666666666667,5.861111111111111,15.861111111111112,29.694444444444446,21.944444444444443,37.083333333333336,2.444444444444444,25.61111111111111,3.3055555555555554,0.7777777777777777,21.472222222222225,0.47222222222222215,7.75,0.05555555555555555,0.16666666666666666,0.08333333333333333,0.0,0.32037037037037036,9.027777777777779,2.1944444444444446,1.8888888888888886,11.111111111111112,0.8888888888888888,1.111111111111111,13.111111111111112,26.722222222222225,17.5,31.36111111111111,0.5555555555555556,21.36111111111111,3.1666666666666665,2.1944444444444446,24.055555555555557,0.9444444444444443,1.722222222222222,0.3888888888888889,12.333333333333334,0.9722222222222223,0.3055555555555555,12.944444444444445,0.05555555555555555,0.611111111111111,13.611111111111109,13.861111111111109,0.556818181818182,0.47722342733188716,0.8991596638655461,1.7500000000000007,0.44631306597671405,0.8823529411764708,0.7562724014336917,0.5341440598690365,0.5917602996254681,0.7,0.577373211963589,0.3070175438596491,0.9240506329113924,0.5381062355658198,0.05882352941176461,0.3548387096774194,0.5093555093555093,0.44198405668733387
Ashley Yoder,Southpaw,No,No,No,Ashley Yoder,0.030303030303030304,0.3636363636363636,0.1818181818181818,0.15151515151515152,1.3191919191919192,11.030303030303031,4.121212121212121,1.9393939393939394,12.818181818181818,1.4545454545454544,2.8181818181818183,17.090909090909093,43.63636363636363,29.87878787878788,58.57575757575757,1.303030303030303,34.3939393939394,6.545454545454546,2.6969696969696972,37.93939393939394,2.0909090909090913,3.606060606060606,0.0,0.24242424242424243,0.15151515151515152,0.12121212121212122,0.9994949494949493,10.727272727272727,4.818181818181818,5.090909090909091,15.242424242424242,3.96969696969697,1.4242424242424245,20.636363636363637,38.96969696969697,26.0,45.0,0.7272727272727272,26.12121212121212,7.0,5.848484848484849,32.333333333333336,4.757575757575758,1.878787878787879,0.48484848484848486,15.393939393939393,2.181818181818182,0.7575757575757575,17.09090909090909,0.787878787878788,0.4545454545454546,18.333333333333332,19.0,0.27906976744186046,0.32070484581497793,0.6296296296296295,0.13483146067415727,0.3378594249201278,0.6956521739130432,0.7815126050420169,0.3916666666666668,0.5100879461976203,0.6666666666666666,0.5893271461716938,0.3116883116883117,0.9585492227979274,0.528584817244611,0.16560509554140124,0.24193548387096764,0.4704510108864697,0.4222222222222223
Emily Ducote,,No,No,No,Emily Ducote,0.0,0.08333333333333333,0.0,0.0,0.01944444444444444,19.166666666666668,7.666666666666667,7.833333333333333,33.333333333333336,1.3333333333333333,0.0,34.666666666666664,71.5,35.75,72.66666666666667,0.5833333333333334,51.583333333333336,10.75,9.166666666666666,69.58333333333333,1.9166666666666667,0.0,0.0,0.08333333333333333,0.0,0.0,0.030555555555555548,24.75,11.916666666666666,3.25,33.25,6.666666666666667,0.0,39.916666666666664,92.0,41.333333333333336,93.83333333333333,1.1666666666666667,73.16666666666667,15.166666666666666,3.6666666666666665,84.75,7.25,0.0,1.0833333333333333,48.416666666666664,3.25,0.4166666666666667,51.5,0.5833333333333334,0.0,52.083333333333336,52.5,0.14285714285714285,0.37156704361873993,0.7131782945736435,0.00909090909090909,0.4790419161676647,0.6956521739130435,,0.4848484848484848,0.49197247706422015,0.9285714285714286,0.6617312072892938,0.2142857142857143,0.9772727272727273,0.6076696165191741,0.08045977011494254,,0.5661231884057971,0.5595026642984013
Alatengheili,Orthodox,No,No,No,Alatengheili,0.047619047619047616,0.611111111111111,0.0,0.0,0.47169312169312166,9.23015873015873,2.619047619047619,1.9523809523809523,13.198412698412698,0.05555555555555555,0.5476190476190476,13.801587301587299,41.68253968253968,17.373015873015873,46.8015873015873,1.492063492063492,34.96031746031746,4.023809523809524,2.698412698412698,40.642857142857146,0.27777777777777773,0.7619047619047619,0.0,0.16666666666666666,0.05555555555555555,0.0,0.125,14.80952380952381,4.626984126984127,4.849206349206349,21.793650793650794,1.2142857142857144,1.277777777777778,24.28571428571429,57.666666666666664,28.444444444444446,62.43650793650793,0.5952380952380952,42.92063492063492,7.714285714285714,7.031746031746032,53.91269841269841,2.0317460317460316,1.7222222222222223,0.42857142857142855,28.11111111111111,3.0873015873015874,2.1825396825396823,32.11904761904762,0.8174603174603176,0.4444444444444444,33.38095238095238,33.992063492063494,0.40957446808510634,0.2640181611804767,0.650887573964497,0.22647058823529412,0.32474126147236865,0.2,0.71875,0.3311119573495811,0.37120569781244706,0.72,0.6549556213017751,0.40020576131687235,0.9762979683972912,0.5957603415280435,0.4023437499999999,0.25806451612903225,0.578860445912469,0.5444260836405237
Cameron Saaiman,,No,No,No,Cameron Saaiman,0.1111111111111111,0.27777777777777773,0.19444444444444442,0.6944444444444443,1.3930555555555557,16.25,4.861111111111112,5.416666666666667,17.38888888888889,2.2222222222222223,6.916666666666667,26.527777777777782,54.138888888888886,36.88888888888889,66.11111111111111,0.7777777777777777,40.166666666666664,6.777777777777778,7.194444444444444,40.44444444444444,3.5,10.194444444444445,0.0,0.9166666666666666,0.3055555555555555,0.3055555555555555,0.9032407407407407,11.722222222222223,3.4166666666666665,0.75,13.0,1.861111111111111,1.027777777777778,15.888888888888891,34.69444444444444,18.36111111111111,39.0,1.6944444444444444,30.027777777777782,3.9166666666666665,0.75,30.0,3.1944444444444446,1.5,0.7777777777777778,18.305555555555554,0.5,0.0,17.0,1.3333333333333333,0.47222222222222215,18.805555555555554,20.63888888888889,0.35714285714285715,0.4045643153526971,0.7172131147540984,0.03861003861003861,0.42994505494505497,0.634920634920635,0.6784741144414169,0.4899948691636738,0.5579831932773109,0.459016393442623,0.6096207215541165,0.12765957446808507,-0.2222222222222221,0.5666666666666667,0.41739130434782623,0.31481481481481477,0.5420336269015211,0.5292022792022792
Christian Rodriguez,Orthodox,No,No,No,Christian Rodriguez,0.0,0.6388888888888888,0.5833333333333334,0.2222222222222222,1.3518518518518519,12.583333333333334,2.5555555555555554,0.19444444444444442,10.083333333333334,1.9444444444444444,3.305555555555556,15.333333333333334,30.416666666666668,23.75,40.77777777777778,1.0555555555555556,27.222222222222225,2.9166666666666665,0.27777777777777773,23.0,3.25,4.166666666666667,0.0,1.027777777777778,0.4166666666666667,0.0,1.7962962962962965,5.833333333333333,2.3055555555555554,2.805555555555556,8.88888888888889,1.75,0.3055555555555555,10.944444444444443,26.361111111111114,16.916666666666668,34.38888888888889,3.3055555555555554,18.38888888888889,3.638888888888889,4.333333333333333,23.25,2.5833333333333335,0.5277777777777778,2.2777777777777777,12.555555555555557,1.3333333333333333,1.527777777777778,14.361111111111109,0.8333333333333334,0.2222222222222222,15.416666666666666,17.472222222222225,0.6052631578947368,0.46224489795918366,0.8761904761904762,2.3000000000000003,0.4384057971014493,0.5982905982905983,0.7933333333333333,0.5041095890410959,0.582425068119891,0.6890756302521008,0.6827794561933536,0.36641221374045807,0.7628205128205128,0.6176821983273596,0.32258064516129037,0.42105263157894746,0.5848261327713384,0.5080775444264944
Darren Elkins,Orthodox,No,No,No,Darren Elkins,0.027777777777777776,0.8561076604554865,0.3647342995169082,0.056763285024154585,1.7111283643892339,12.256383712905452,3.1513112491373363,0.6961697722567287,9.083850931677018,3.3210835058661146,3.6989302967563837,16.103864734299517,41.831953071083504,35.3064182194617,63.99723947550034,2.429606625258799,36.07315389924086,4.8604209799861975,0.8983781918564527,31.4848171152519,4.962732919254658,5.384403036576949,0.07401656314699794,0.3592132505175984,0.22739820565907523,0.11749482401656315,0.686082355647573,10.893029675638372,2.4111456176673567,1.784679089026915,10.880779848171152,2.1804692891649413,2.027605244996549,15.088854382332642,31.623015873015873,22.428571428571427,40.17391304347826,0.8279848171152518,26.307971014492754,3.2449965493443753,2.0700483091787443,25.832988267770876,3.0281228433402347,2.7619047619047623,0.46877156659765357,15.414941338854382,0.8338509316770186,0.2853692201518288,14.952208419599723,0.8476535541752934,0.7342995169082126,16.53416149068323,17.74534161490683,0.3523647209203238,0.33976468337478477,0.6483617904937702,0.952947954676397,0.28851528336420323,0.669204561257127,0.686971289412971,0.38496564353413787,0.551686580684122,0.5661596165867888,0.5859418550507931,0.2569651212250107,0.8264710785130855,0.5788028959179312,0.27992706968263914,0.26586706646676683,0.522852138995128,0.441713048855906
TJ Brown,Switch,No,No,No,TJ Brown,0.0,0.9305555555555555,0.3888888888888889,0.3611111111111111,1.4310185185185185,11.069444444444445,3.0555555555555554,1.1666666666666667,12.027777777777779,1.861111111111111,1.4027777777777777,15.291666666666666,34.666666666666664,26.11111111111111,48.09722222222222,1.7222222222222223,28.902777777777775,4.222222222222222,1.5416666666666667,30.722222222222225,2.305555555555556,1.6388888888888886,0.125,0.7916666666666666,0.3055555555555555,0.2222222222222222,1.4166666666666667,8.88888888888889,1.986111111111111,2.9305555555555554,10.805555555555555,0.8194444444444445,2.180555555555556,13.805555555555555,27.333333333333332,22.958333333333332,38.15277777777778,1.1527777777777777,21.347222222222225,2.722222222222222,3.263888888888889,23.61111111111111,0.9027777777777778,2.8194444444444446,0.3611111111111111,12.458333333333334,0.7361111111111112,0.3333333333333333,12.805555555555555,0.08333333333333333,0.6388888888888888,13.527777777777779,15.194444444444445,0.5403225806451613,0.38298894762133595,0.7236842105263157,0.6036036036036035,0.391500904159132,0.8072289156626504,0.8559322033898306,0.4411057692307692,0.5428818943112907,0.3132530120481928,0.5836044242029929,0.27040816326530615,0.7574468085106383,0.5423529411764706,0.0923076923076922,0.22660098522167482,0.49491869918699183,0.3982526392428104
Irina Alekseeva,,No,No,No,Irina Alekseeva,0.16666666666666666,0.3333333333333333,0.16666666666666666,0.0,0.16944444444444443,7.0,1.6666666666666667,5.333333333333333,13.166666666666666,0.5,0.3333333333333333,14.0,33.333333333333336,16.833333333333332,37.666666666666664,1.1666666666666667,23.333333333333332,3.0,7.0,31.666666666666668,0.8333333333333334,0.8333333333333334,0.0,0.0,0.0,0.0,2.511111111111111,12.666666666666666,1.3333333333333333,1.0,11.833333333333334,0.16666666666666666,3.0,15.0,29.5,25.166666666666668,44.333333333333336,0.3333333333333333,26.666666666666668,1.6666666666666667,1.1666666666666667,23.333333333333332,0.16666666666666666,6.0,0.3333333333333333,14.0,0.3333333333333333,0.16666666666666666,11.5,0.0,3.0,14.5,19.166666666666668,0.2857142857142857,0.3,0.5555555555555556,0.047619047619047616,0.4157894736842105,0.6,0.39999999999999997,0.42,0.4469026548672566,1.0,0.525,0.20000000000000007,1.0,0.49285714285714277,0.0,0.5,0.4915254237288136,0.4323308270676691
Melissa Dixon,,No,No,No,Melissa Dixon,0.0,0.0,0.0,0.0,2.75,15.666666666666666,1.6666666666666667,0.0,14.0,0.3333333333333333,3.0,17.333333333333332,31.666666666666668,29.0,49.333333333333336,0.3333333333333333,29.666666666666668,2.0,0.0,25.333333333333332,0.3333333333333333,6.0,0.3333333333333333,0.3333333333333333,0.0,0.0,0.27777777777777773,7.666666666666667,0.6666666666666666,7.666666666666667,14.666666666666666,0.6666666666666666,0.6666666666666666,16.0,36.0,20.0,42.0,1.3333333333333333,24.0,2.3333333333333335,9.666666666666666,33.0,1.3333333333333333,1.6666666666666667,1.0,16.333333333333332,1.6666666666666667,2.0,18.333333333333332,0.6666666666666666,1.0,20.0,22.0,0.0,0.5280898876404494,0.8333333333333334,,0.5526315789473685,1.0,0.5,0.5473684210526315,0.5878378378378378,0.75,0.6805555555555556,0.7142857142857143,0.9655172413793104,0.5555555555555556,0.5,0.6000000000000001,0.5555555555555556,0.5238095238095238
Jennifer Maia,Orthodox,No,No,Yes,Jennifer Maia,0.0,0.09090909090909091,0.016666666666666666,0.0,0.7724747474747474,12.921212121212122,2.6636363636363636,2.396969696969697,15.180303030303032,2.6924242424242424,0.10909090909090909,17.98181818181818,45.60454545454546,23.516666666666666,51.55757575757576,0.5060606060606061,39.16818181818182,3.860606060606061,2.5757575757575757,42.08030303030303,3.324242424242424,0.2,0.0,0.4833333333333334,0.01818181818181818,0.0,1.325,15.022727272727272,5.151515151515151,2.7363636363636363,20.3530303030303,1.9954545454545454,0.5621212121212121,22.91060606060606,47.46969696969697,46.07121212121212,72.29848484848485,1.0863636363636364,38.17272727272727,6.210606060606061,3.0863636363636364,44.19848484848485,2.6742424242424243,0.5969696969696969,0.603030303030303,23.15,1.059090909090909,0.35,23.845454545454544,0.6787878787878787,0.03484848484848485,24.55909090909091,26.227272727272727,0.17964071856287425,0.3298905264786662,0.6899529042386184,0.03529411764705882,0.36074604832031115,0.8099361896080218,0.5454545454545454,0.39429881391408345,0.4561243681673915,0.5550906555090656,0.6064539175994285,0.17052939741400353,0.8433971526755032,0.5395084158924961,0.2538243626062323,0.058375634517766395,0.5173635493137567,0.3627637948739443
Adrian Yanez,Orthodox,No,No,No,Adrian Yanez,0.42857142857142855,0.0,0.0,0.0,0.033531746031746,16.28571428571429,3.380952380952381,3.5833333333333335,22.202380952380953,0.30952380952380953,0.7380952380952381,23.25,58.452380952380956,23.34523809523809,58.63095238095238,0.0,48.44047619047618,6.095238095238095,3.9166666666666665,56.416666666666664,0.7142857142857143,1.3214285714285714,0.17857142857142858,0.0,0.0,0.0,0.08075396825396824,11.464285714285714,5.714285714285714,3.9761904761904763,20.86904761904762,0.047619047619047616,0.2380952380952381,21.154761904761905,51.13095238095238,21.34523809523809,51.5,0.35714285714285715,36.67857142857142,9.321428571428571,5.1309523809523805,50.52380952380952,0.2738095238095238,0.3333333333333333,0.35714285714285715,25.21428571428571,3.607142857142857,1.1547619047619049,29.65476190476191,0.2261904761904762,0.09523809523809523,29.976190476190478,30.15476190476191,,0.33620054067338423,0.5546875,0.0,0.39354294154885,0.43333333333333335,0.5585585585585586,0.39775967413441954,0.39817258883248724,1.0,0.6874391431353457,0.3869731800766283,1.0,0.5869462770970781,0.8260869565217391,0.2857142857142856,0.5862630966239814,0.5855293573740177
Jonathan Martinez,Southpaw,No,No,No,Jonathan Martinez,0.24615384615384617,0.1435897435897436,0.03333333333333333,0.05128205128205129,0.7214102564102564,12.228205128205127,4.966666666666667,4.584615384615384,17.58974358974359,1.6435897435897437,2.546153846153846,21.779487179487177,43.353846153846156,24.53333333333333,46.46410256410257,0.3230769230769231,30.443589743589744,7.156410256410257,5.753846153846154,37.98717948717948,1.9256410256410257,3.4410256410256412,0.10256410256410257,0.32051282051282054,0.11794871794871796,0.09230769230769231,0.4636324786324786,7.7384615384615385,5.907692307692308,3.8743589743589744,14.58974358974359,2.482051282051282,0.44871794871794873,17.52051282051282,42.62564102564102,20.994871794871795,46.294871794871796,1.0230769230769232,30.73846153846154,7.8076923076923075,4.079487179487179,38.59230769230769,3.3820512820512825,0.6512820512820513,0.7025641025641026,23.0,1.9000000000000001,0.20512820512820515,24.002564102564104,0.9,0.2025641025641026,25.105128205128207,25.3,0.4444444444444445,0.4016676492883012,0.6940164815478324,0.024955436720142606,0.46304421194735074,0.8535286284953396,0.739940387481371,0.5023657440264963,0.5280061806743557,0.68671679197995,0.7482482482482482,0.24334975369458123,0.9214330609679446,0.6219520297654642,0.2661106899166036,0.3110236220472441,0.5889677574590952,0.5464968152866242
Edson Barboza,Orthodox,No,No,No,Edson Barboza,0.13845577211394305,0.36547226386806597,0.017391304347826087,0.0,0.35408495752123936,10.033298350824587,8.663823088455771,3.048170914542729,19.083343328335832,2.174752623688156,0.48719640179910045,21.74529235382309,45.57568215892054,22.545007496251873,46.658455772113946,0.5558470764617691,30.168680659670166,11.467916041979011,3.9390854572713643,42.5215892053973,2.305817091454273,0.7482758620689655,0.05448275862068965,0.2929385307346327,0.05628185907046477,0.0,0.9910457271364319,17.716386806596702,1.9489955022488759,3.2331334332833586,17.19022488755622,0.6582458770614693,5.050044977511244,22.898515742128936,48.79397301349325,31.095802098950525,58.654257871064466,1.174047976011994,41.565232383808095,3.1513343328335828,4.077406296851574,41.37836581709145,0.9717541229385308,6.443853073463268,0.8811094452773613,23.848845577211396,1.2023388305847076,0.8442728635682158,24.188140929535233,0.3135082458770615,1.393808095952024,25.895457271364318,27.558455772113945,0.6575050573162509,0.3325733221153822,0.7554836516714384,0.09278099392167834,0.44879186514302644,0.9431592088323646,0.6510919655379684,0.47712489037461125,0.48319232008801716,0.7504884496034938,0.573769090402146,0.38153325023549656,0.9281556682342819,0.5845600823497058,0.32262095778820044,0.21630041530461486,0.530710160949659,0.4698457839615626
Sodiq Yusuff,Orthodox,No,No,No,Sodiq Yusuff,0.09,0.05,0.075,0.025,0.5885833333333332,17.45,3.41,6.745,23.32,2.7399999999999998,1.545,27.605,56.654999999999994,34.364999999999995,66.14500000000001,0.445,43.739999999999995,4.6049999999999995,8.309999999999999,50.635000000000005,3.7350000000000003,2.285,0.065,0.75,0.0,0.0,0.7441666666666666,13.8,12.905000000000001,1.21,23.005000000000003,4.6850000000000005,0.225,27.915,57.52,29.47,59.660000000000004,1.3050000000000002,39.625,16.355,1.54,51.96,5.135,0.425,0.5549999999999999,25.825,3.45,0.32999999999999996,28.955000000000002,0.45,0.2,29.605,30.189999999999998,0.11235955056179776,0.3989483310470965,0.7404994571118351,0.00601684717208183,0.46055100227115625,0.7336010709504684,0.6761487964989058,0.4872473744594476,0.5195404036586286,0.4252873563218391,0.6517350157728706,0.21094466523998767,0.512987012987013,0.5572555812163202,0.08763388510223935,0.47058823529411764,0.5146905424200279,0.5060341937646665
Ravena Oliveira,,No,No,No,Ravena Oliveira,0.0,0.6666666666666666,0.0,0.0,1.788888888888889,3.3333333333333335,1.0,0.6666666666666666,4.333333333333333,0.6666666666666666,0.0,5.0,10.333333333333334,20.333333333333332,29.0,1.0,7.666666666666667,2.0,0.6666666666666666,9.333333333333334,1.0,0.0,0.0,1.0,0.0,0.0,2.3055555555555554,3.0,2.6666666666666665,0.3333333333333333,2.3333333333333335,3.6666666666666665,0.0,6.0,11.666666666666666,25.666666666666668,35.333333333333336,2.6666666666666665,8.0,3.0,0.6666666666666666,6.666666666666667,4.0,1.0,1.6666666666666667,5.0,0.3333333333333333,0.3333333333333333,4.333333333333333,0.3333333333333333,1.0,5.666666666666667,9.666666666666666,0.6666666666666666,0.43478260869565216,0.5,1.0,0.46428571428571425,0.6666666666666666,,0.48387096774193544,0.7011494252873562,0.625,0.625,0.11111111111111116,-0.5,0.6499999999999999,0.08333333333333337,1.0,0.48571428571428565,0.2735849056603774
Tainara Lisboa,,No,No,No,Tainara Lisboa,0.0,0.6666666666666666,0.16666666666666666,0.0,1.511111111111111,6.5,3.1666666666666665,0.3333333333333333,6.0,3.6666666666666665,0.3333333333333333,10.0,19.666666666666668,29.0,41.833333333333336,1.6666666666666667,15.166666666666666,3.8333333333333335,0.6666666666666666,14.0,4.666666666666667,1.0,0.0,0.5,0.0,0.0,2.161111111111111,5.0,0.6666666666666666,1.1666666666666667,6.0,0.6666666666666666,0.16666666666666666,6.833333333333333,15.166666666666666,14.833333333333334,25.5,1.6666666666666667,12.333333333333334,1.3333333333333333,1.5,13.5,1.3333333333333333,0.3333333333333333,1.1666666666666667,7.333333333333333,0.6666666666666666,0.3333333333333333,7.5,0.6666666666666666,0.16666666666666666,8.333333333333334,10.666666666666666,0.39999999999999997,0.4285714285714286,0.826086956521739,1.0,0.42857142857142855,0.7857142857142856,0.3333333333333333,0.5084745762711864,0.6932270916334661,0.7,0.5945945945945946,0.5,0.6666666666666667,0.5555555555555556,0.5,0.5,0.5494505494505495,0.4183006535947712
Brendon Marotte,,No,No,No,Brendon Marotte,0.0,0.0,0.0,0.0,0.0,0.0,0.0,1.0,1.0,0.0,0.0,1.0,1.0,1.0,1.0,0.0,0.0,0.0,1.0,1.0,0.0,0.0,1.0,0.0,0.0,0.0,0.25,14.0,0.0,0.0,0.0,1.0,13.0,14.0,21.0,14.0,21.0,0.0,21.0,0.0,0.0,1.0,1.0,19.0,0.0,7.0,0.0,0.0,1.0,0.0,6.0,7.0,7.0,,,,0.0,1.0,,,1.0,1.0,,0.33333333333333337,,,1.0,0.0,0.3157894736842105,0.33333333333333337,0.33333333333333337
Terrance McKinney,Switch,No,No,No,Terrance McKinney,0.1875,0.3125,0.125,0.0,0.7343749999999999,7.8125,1.5,0.0,5.4375,1.375,2.5,9.3125,21.625,12.0625,25.25,1.375,19.1875,2.1875,0.25,16.25,1.875,3.5,0.3125,0.0625,0.25,0.0625,0.24479166666666669,5.0625,2.375,0.75,6.5625,0.9375,0.6875,8.1875,14.125,10.3125,16.375,0.4375,10.125,2.9375,1.0625,12.0625,0.9375,1.125,0.375,5.0625,0.5625,0.3125,5.5,0.0,0.4375,5.9375,6.0625,0.22727272727272727,0.40716612377850164,0.6857142857142857,1.25,0.3346153846153846,0.7333333333333333,0.7142857142857143,0.430635838150289,0.4777227722772277,0.8571428571428572,0.5,0.19148936170212771,0.9411764705882353,0.4559585492227979,0.0,0.38888888888888884,0.42035398230088494,0.3702290076335878
Alex Morono,Orthodox,No,No,No,Alex Morono,0.09239766081871344,0.11668915879442195,0.10859199280251912,0.017543859649122806,0.31846303793672215,19.104183535762484,3.1568151147098518,1.4798920377867748,20.705263157894738,1.981826360773729,1.053801169590643,23.74089068825911,56.58182636077373,27.926945569050833,61.36896086369771,0.49626630679262257,49.98326585695006,4.750517318938371,1.84804318488529,51.568780926675664,3.185515069725596,1.8275303643724694,0.09104813315339631,0.381736392262708,0.0,0.043184885290148446,0.6295891437996702,10.116329284750337,7.1494376968061175,2.635357624831309,17.561943319838054,1.3408007197480882,0.9983805668016194,19.901124606387764,47.07674313990103,23.01997300944669,50.6017094017094,0.7485380116959064,33.00737741790373,10.558794421952316,3.5105713000449845,42.89482681061628,2.439046333783176,1.7428699955015745,0.3668016194331984,22.891048133153394,3.4093567251461985,0.8752136752136752,25.332883490778226,1.0982456140350878,0.7444894286999549,27.175618533513273,27.58173639226271,0.2351341551849166,0.38221159038382624,0.6645202833226015,0.06314200866559563,0.40150771039817723,0.6221368655915496,0.5766258061340028,0.4195850896873465,0.4550662937095743,0.4900240384615385,0.6935130847668292,0.3228926133894564,0.8912608918503332,0.5905813212074433,0.4502766506824051,0.42716291554821395,0.5772620772162107,0.5450751905098874
Joaquin Buckley,Southpaw,No,No,No,Joaquin Buckley,0.26363636363636367,0.3393939393939394,0.0,0.0,0.38792929292929296,9.200000000000001,5.575757575757575,1.8696969696969699,14.299999999999999,0.9787878787878789,1.3666666666666665,16.645454545454545,48.703030303030296,18.64242424242424,50.830303030303035,1.006060606060606,37.345454545454544,8.906060606060606,2.4515151515151516,44.46363636363636,1.7515151515151512,2.487878787878788,0.1606060606060606,0.43333333333333335,0.06666666666666667,0.0,0.49707070707070705,9.160606060606062,3.1,1.6424242424242423,11.00909090909091,1.0636363636363635,1.8303030303030303,13.903030303030304,32.78787878787879,17.015151515151516,37.04545454545454,1.087878787878788,25.924242424242426,4.775757575757576,2.087878787878788,28.396969696969695,1.572727272727273,2.8181818181818183,0.6545454545454545,16.763636363636362,1.6757575757575758,0.4454545454545455,17.387878787878787,0.5090909090909091,0.9878787878787879,18.884848484848487,20.03030303030303,0.3373493975903615,0.24634858812074006,0.6260632868322558,0.138442521631644,0.3216111224698426,0.5588235294117648,0.5493300852618757,0.3417745146839224,0.3667580779778227,0.6016713091922006,0.6466393921683226,0.3508883248730965,0.7924528301886793,0.6123145875573577,0.3236994219653181,0.3505376344086022,0.5759704251386322,0.5406952965235172
Alexander Hernandez,Orthodox,No,No,No,Alexander Hernandez,0.08333333333333333,0.35555555555555557,0.027777777777777776,0.13333333333333333,0.5799074074074073,10.616666666666667,7.614814814814815,2.1666666666666665,16.938888888888886,1.9055555555555557,1.5537037037037038,20.39814814814815,49.52962962962963,23.835185185185185,53.574074074074076,1.1,34.37222222222223,11.942592592592595,3.214814814814815,44.425925925925924,2.8666666666666667,2.237037037037037,0.07407407407407407,0.3277777777777778,0.14074074074074075,0.0,0.3561728395061729,13.08148148148148,4.803703703703704,3.725925925925926,18.099999999999998,2.2962962962962963,1.214814814814815,21.61111111111111,49.785185185185185,24.294444444444448,52.757407407407406,0.8537037037037036,38.19259259259259,7.053703703703704,4.538888888888889,45.29814814814815,2.864814814814815,1.6222222222222225,0.5259259259259259,25.11111111111111,2.25,0.812962962962963,27.198148148148146,0.5685185185185185,0.40740740740740744,28.174074074074074,28.462962962962962,0.3232323232323232,0.3088734443187328,0.6376182353853309,0.11059907834101383,0.3812838682784493,0.6647286821705427,0.6945364238410597,0.4118372840798624,0.44490148634635324,0.616052060737527,0.6574864235841738,0.3189813599369913,0.9277845777233782,0.6004251665917175,0.19844861021331617,0.25114155251141546,0.5659128105936617,0.5395064761837902
Bill Algeo,Switch,No,No,No,Bill Algeo,0.08333333333333333,0.3194444444444444,0.041666666666666664,0.125,0.811111111111111,15.055555555555557,6.208333333333333,4.875,20.61111111111111,2.7916666666666665,2.736111111111111,26.13888888888889,50.65277777777778,40.84722222222222,67.15277777777777,0.5833333333333334,35.138888888888886,9.75,5.763888888888889,43.986111111111114,3.5555555555555554,3.111111111111111,0.0,1.013888888888889,0.27777777777777773,0.125,1.1902777777777778,11.25,4.916666666666667,2.597222222222222,15.097222222222221,1.736111111111111,1.9305555555555556,18.76388888888889,37.31944444444445,21.652777777777775,40.84722222222222,2.3194444444444446,26.902777777777775,6.972222222222221,3.4444444444444446,32.513888888888886,2.388888888888889,2.4166666666666665,1.3055555555555556,15.652777777777779,2.0555555555555554,0.8472222222222223,17.416666666666668,0.6527777777777778,0.48611111111111116,18.555555555555557,19.194444444444443,0.5476190476190476,0.4284584980237155,0.6367521367521367,0.05542168674698794,0.46858225449952634,0.78515625,0.8794642857142857,0.5160405812996984,0.6082730093071356,0.562874251497006,0.5818275684047496,0.29482071713147395,0.7056451612903225,0.5356685177274669,0.2732558139534884,0.20114942528735624,0.49720878302940086,0.46990819449166954
Johnny Munoz,Orthodox,No,No,No,Johnny Munoz,0.0,0.7444444444444445,0.5444444444444444,0.0,1.381296296296296,6.066666666666666,3.577777777777778,1.4444444444444446,8.122222222222222,1.9444444444444446,1.0222222222222221,11.088888888888889,30.2,24.666666666666668,47.17222222222222,2.8666666666666667,23.255555555555556,4.761111111111111,2.183333333333333,26.21666666666667,2.672222222222222,1.3111111111111111,0.13888888888888887,0.4666666666666666,0.0,0.08333333333333333,1.377222222222222,7.927777777777777,3.466666666666667,1.488888888888889,6.766666666666667,2.1555555555555554,3.961111111111111,12.883333333333333,28.08888888888889,35.666666666666664,54.15555555555556,0.7944444444444444,21.83888888888889,4.172222222222222,2.077777777777778,20.461111111111112,2.511111111111111,5.116666666666666,0.3277777777777778,13.911111111111111,0.7055555555555556,0.5888888888888889,13.694444444444443,0.35555555555555557,1.1555555555555557,15.205555555555556,18.48888888888889,0.2596899224806202,0.2608695652173913,0.751458576429405,0.3409669211195929,0.30981140072049157,0.7276507276507278,0.7796610169491525,0.3671817512877116,0.5229066069956425,0.4125874125874126,0.6369880437547698,0.16910785619174418,0.7754010695187166,0.6692913385826772,0.1415929203539823,0.2258414766558089,0.5413370253164558,0.3414033647927781
Ricky Glenn,Southpaw,No,No,No,Ricky Glenn,0.09999999999999999,0.19047619047619047,0.12857142857142856,0.0,0.941031746031746,12.247619047619047,4.828571428571428,2.0428571428571427,10.157142857142857,3.1857142857142855,5.776190476190476,19.11904761904762,43.576190476190476,25.93809523809524,51.36666666666667,1.3285714285714285,32.88095238095238,7.8428571428571425,2.8523809523809525,30.69047619047619,4.671428571428572,8.214285714285714,0.11428571428571428,0.6238095238095238,0.11428571428571428,0.03333333333333333,1.1612698412698415,13.91904761904762,4.257142857142857,0.9095238095238095,13.342857142857142,2.895238095238095,2.8476190476190477,19.085714285714285,39.357142857142854,28.26666666666667,49.904761904761905,1.980952380952381,32.2952380952381,5.9714285714285715,1.0904761904761904,31.428571428571427,3.9523809523809526,3.9761904761904763,1.357142857142857,18.376190476190477,1.7142857142857144,0.18095238095238098,18.085714285714285,1.0571428571428572,1.1285714285714286,20.271428571428572,21.638095238095236,0.14336917562724014,0.3724837074583635,0.6156648451730419,0.0667779632721202,0.3309542280837859,0.6819571865443425,0.7031884057971015,0.43874986340290684,0.504959673681283,0.6850961538461539,0.5690061928634622,0.2870813397129187,0.4279475982532751,0.5754545454545454,0.26746987951807233,0.28383233532934127,0.5150635208711434,0.433587786259542
Grant Dawson,Switch,No,No,No,Grant Dawson,0.047619047619047616,1.0894179894179894,0.408994708994709,0.0,2.763077601410935,8.386772486772488,2.7206349206349203,2.3052910052910054,8.28095238095238,1.4222222222222223,3.7095238095238092,13.412698412698413,26.046031746031744,26.812169312169313,43.074074074074076,3.115873015873016,19.331216931216932,4.095767195767196,2.619047619047619,19.141269841269843,1.8185185185185186,5.086243386243386,0.03333333333333333,0.06666666666666667,0.14761904761904762,0.08095238095238096,0.38577601410934753,6.902116402116402,2.921693121693122,1.1571428571428573,7.753968253968254,1.3253968253968254,1.9015873015873017,10.980952380952381,20.185185185185187,21.55079365079365,31.646560846560845,0.09999999999999999,14.843915343915343,3.9470899470899474,1.3941798941798942,16.446031746031746,1.4947089947089947,2.2444444444444445,0.03333333333333333,7.9417989417989405,1.0253968253968253,0.23703703703703702,8.692063492063491,0.1693121693121693,0.3428571428571428,9.204232804232804,10.095767195767195,0.34963491254881984,0.43384606962995403,0.6642552641777547,0.415959595959596,0.4326229372253088,0.7820773930753564,0.729324872568397,0.5149613017246634,0.6224665274536297,0.33333333333333326,0.5350204954553556,0.25978552278820366,0.9521821631878558,0.5285204130875398,0.11327433628318584,0.1527581329561527,0.45598951507208396,0.3190162509195479
Abdul Razak Alhassan,Orthodox,No,No,No,Abdul Razak Alhassan,0.25,0.3611111111111111,0.027777777777777776,0.08333333333333333,0.5694444444444443,9.805555555555555,1.25,1.3333333333333333,8.638888888888888,2.0833333333333335,1.6666666666666667,12.388888888888888,25.222222222222218,14.805555555555555,27.944444444444443,0.7777777777777778,21.36111111111111,1.6666666666666667,2.1944444444444446,19.333333333333332,3.111111111111111,2.777777777777778,0.027777777777777776,1.3055555555555556,0.19444444444444445,0.0,1.526851851851852,9.75,3.5833333333333335,1.75,11.333333333333334,2.111111111111111,1.6388888888888886,15.083333333333334,34.0,24.444444444444443,45.22222222222222,2.6666666666666665,27.527777777777775,4.638888888888889,1.8333333333333333,28.5,3.0833333333333335,2.4166666666666665,1.3611111111111114,17.777777777777775,1.0555555555555556,0.08333333333333333,17.166666666666668,0.9722222222222222,0.7777777777777778,18.916666666666668,20.777777777777775,0.46428571428571425,0.459037711313394,0.75,0.16455696202531644,0.44683908045977005,0.6696428571428572,0.6,0.4911894273127754,0.5298210735586482,0.5104166666666666,0.6458123107971745,0.22754491017964074,0.28787878787878785,0.6023391812865497,0.3153153153153153,0.32183908045977017,0.5563725490196079,0.45945945945945943
Karolina Kowalkiewicz,Orthodox,No,No,Yes,Karolina Kowalkiewicz,0.0,0.06538461538461539,0.047435897435897434,0.025,0.6090758547008546,16.642628205128204,5.207371794871795,2.007371794871795,18.18846153846154,5.051923076923077,0.6169871794871795,23.857371794871796,61.98461538461538,29.09775641025641,68.18878205128206,0.2775641025641026,51.64487179487179,7.280769230769231,3.058974358974359,54.10993589743589,7.101923076923077,0.7727564102564102,0.0125,0.3977564102564103,0.05705128205128205,0.027884615384615386,0.832142094017094,16.464102564102564,7.4608974358974365,8.317948717948719,25.675,6.048397435897436,0.519551282051282,32.24294871794872,71.14935897435898,36.86538461538462,76.1599358974359,1.0384615384615385,47.830128205128204,12.585576923076923,10.733653846153846,61.136538461538464,9.391666666666666,0.6211538461538462,0.6407051282051281,31.36602564102564,5.124679487179487,2.4157051282051283,35.46153846153847,3.3432692307692307,0.1016025641025641,38.906410256410254,39.29455128205128,0.23556581986143188,0.32225132189757466,0.7152227504842402,0.02137468566638726,0.3361390331886059,0.7113457893311671,0.7984238905018666,0.38489182592868376,0.4267235098637361,0.6169753086419754,0.6557796689673658,0.40718669620801173,0.9629430559288125,0.5800383756409047,0.3559825267899801,0.16357069143446867,0.5468272773958718,0.5159477987871339
JJ Aldrich,Southpaw,No,No,No,JJ Aldrich,0.0,0.23543123543123545,0.0,0.025641025641025644,0.7145687645687646,16.195804195804197,2.5641025641025643,1.0256410256410258,16.393939393939394,2.3682983682983685,1.0233100233100234,19.785547785547784,43.2983682983683,25.03030303030303,49.011655011655016,0.9603729603729603,38.645687645687644,3.365967365967366,1.2867132867132867,38.50815850815851,3.2867132867132867,1.5034965034965033,0.0,0.24475524475524477,0.025641025641025644,0.0,0.38515928515928516,12.438228438228437,5.916083916083916,4.736596736596737,18.6993006993007,3.9673659673659674,0.42424242424242425,23.090909090909093,58.57575757575757,29.703962703962702,65.92307692307692,0.8624708624708625,44.0,8.627039627039627,5.948717948717949,52.53846153846154,5.526806526806527,0.5104895104895105,0.6177156177156177,31.561771561771565,2.710955710955711,1.2121212121212122,33.83916083916085,1.5594405594405594,0.08624708624708625,35.484848484848484,36.21911421911422,0.24514563106796122,0.4190843838590989,0.7617728531855956,0.18297101449275366,0.42572639225181597,0.7205673758865249,0.6806201550387598,0.4569582772543741,0.5107010368115666,0.7162162162162162,0.7173129900402628,0.31423939475817353,0.9588557993730408,0.6440835884466924,0.2821594264023619,0.16894977168949776,0.6057941024314536,0.5494148014568085
Montana De La Rosa,Orthodox,No,No,No,Montana De La Rosa,0.047619047619047616,0.5103896103896104,0.27316017316017316,0.03333333333333333,1.6927561327561327,9.183982683982684,2.4709956709956713,1.4116883116883117,8.727705627705626,1.822077922077922,2.516883116883117,13.066666666666668,34.79004329004329,25.309956709956708,49.180086580086574,1.7199134199134198,29.413419913419915,3.6917748917748914,1.6848484848484848,28.493073593073593,3.167099567099567,3.1298701298701297,0.0,0.20216450216450219,0.12857142857142856,0.03333333333333333,0.7118037518037519,9.632900432900433,4.248917748917749,1.4147186147186146,10.15151515151515,4.136363636363637,1.0086580086580088,15.296536796536797,27.378354978354977,23.58787878787879,37.04891774891775,0.5476190476190476,20.55714285714286,5.218614718614719,1.6025974025974026,20.897835497835498,5.058874458874459,1.4216450216450216,0.34545454545454546,10.924242424242424,0.9696969696969697,0.1878787878787879,10.746320346320346,0.9225108225108226,0.412987012987013,12.08181818181818,13.46103896103896,0.29675308331235845,0.3122378394289499,0.6693245778611634,0.302929085303186,0.3063097281939865,0.5753143794423181,0.804149377593361,0.37558638710881603,0.5146383113567946,0.6308300395256916,0.5314085960368101,0.18581501451679816,0.8738519719070772,0.5142312632058665,0.18235495464658558,0.2904993909866016,0.4412908734425399,0.36333150275171466
Nate Maness,Orthodox,No,No,No,Nate Maness,0.16666666666666666,0.3055555555555555,0.08333333333333333,0.0,0.3314814814814815,6.3055555555555545,2.5277777777777777,0.2222222222222222,4.333333333333333,2.388888888888889,2.3333333333333335,9.055555555555555,19.083333333333332,37.611111111111114,49.25,0.3611111111111111,15.916666666666666,2.944444444444444,0.2222222222222222,13.527777777777777,2.8333333333333335,2.7222222222222228,0.05555555555555555,0.5555555555555555,0.2222222222222222,0.0,2.4250000000000003,12.222222222222221,5.472222222222221,2.1944444444444446,8.833333333333334,3.777777777777778,7.277777777777778,19.88888888888889,31.75,35.30555555555556,48.833333333333336,2.611111111111111,21.36111111111111,7.277777777777778,3.1111111111111107,18.86111111111111,4.222222222222222,8.666666666666666,2.0555555555555554,9.138888888888888,1.8055555555555554,0.9166666666666666,10.027777777777779,0.4444444444444444,1.3888888888888886,11.861111111111112,13.527777777777779,0.846153846153846,0.3961605584642233,0.8584905660377359,1.375,0.3203285420944558,0.8431372549019607,0.857142857142857,0.4745269286754003,0.7636773829667232,0.7872340425531915,0.4278283485045514,0.24809160305343525,0.8214285714285714,0.5316642120765831,0.10526315789473684,0.16025641025641024,0.37357830271216097,0.2770193401592719
Kanako Murata,Orthodox,No,No,No,Kanako Murata,0.0,1.1666666666666667,0.3333333333333333,0.0,2.8879629629629626,8.555555555555555,1.5555555555555554,0.6666666666666666,3.8333333333333335,0.5555555555555556,6.388888888888888,10.777777777777777,18.833333333333332,22.0,32.61111111111111,2.0,15.833333333333334,2.111111111111111,0.8888888888888888,8.888888888888888,0.7777777777777778,9.166666666666666,0.0,0.0,0.1111111111111111,0.16666666666666666,0.18333333333333335,7.611111111111112,2.8888888888888893,0.8333333333333334,7.5555555555555545,1.9444444444444446,1.8333333333333333,11.333333333333334,24.222222222222218,19.72222222222222,36.0,0.1111111111111111,18.444444444444446,3.8333333333333335,1.9444444444444446,19.166666666666668,2.6666666666666665,2.388888888888889,0.1111111111111111,10.833333333333334,0.9444444444444443,1.111111111111111,11.611111111111112,0.7222222222222222,0.5555555555555555,12.888888888888891,16.277777777777775,0.5833333333333334,0.5403508771929825,0.7368421052631577,1.3125000000000002,0.4312500000000001,0.7142857142857143,0.6969696969696969,0.5722713864306784,0.6746166950596253,1.0,0.5873493975903614,0.24637681159420277,1.0,0.6057971014492755,0.27083333333333326,0.2325581395348837,0.5321100917431192,0.4521604938271605
Vanessa Demopoulos,Orthodox,No,No,No,Vanessa Demopoulos,0.06666666666666667,0.17777777777777778,0.1111111111111111,0.06666666666666667,0.947037037037037,12.02222222222222,4.877777777777778,1.6888888888888889,11.97777777777778,3.4555555555555557,3.1555555555555554,18.58888888888889,43.01111111111111,28.61111111111111,55.53333333333333,1.3444444444444443,33.88888888888889,6.844444444444444,2.277777777777778,34.67777777777778,4.611111111111112,3.722222222222222,0.05555555555555555,0.3666666666666667,0.0,0.0,1.1088888888888888,19.61111111111111,5.088888888888889,2.0444444444444443,22.211111111111112,1.2,3.3333333333333335,26.744444444444444,46.699999999999996,33.44444444444444,54.87777777777777,0.5444444444444444,38.57777777777778,5.711111111111111,2.411111111111111,39.86666666666667,1.4333333333333333,5.400000000000001,0.17777777777777778,18.96666666666667,0.6222222222222222,0.3666666666666667,17.655555555555555,0.2333333333333333,2.066666666666667,19.955555555555556,21.433333333333334,0.1322314049586777,0.35475409836065563,0.7126623376623378,0.07804878048780486,0.3454021147068248,0.7493975903614457,0.8477611940298508,0.43218806509945745,0.5152060824329732,0.3265306122448979,0.49164746543778814,0.10894941634241251,0.847926267281106,0.4428651059085842,0.16279069767441867,0.3827160493827162,0.4273138234594337,0.3905648916784774
AJ Fletcher,Switch,No,No,No,AJ Fletcher,0.0,0.4166666666666667,0.25,0.3333333333333333,0.9013888888888889,9.916666666666666,1.5,2.6666666666666665,12.25,1.0,0.8333333333333334,14.083333333333334,29.0,23.833333333333332,40.25,1.1666666666666667,23.416666666666668,2.4166666666666665,3.1666666666666665,25.75,1.75,1.5,0.0,0.5833333333333334,0.08333333333333333,0.08333333333333333,1.8777777777777775,14.583333333333334,6.416666666666667,1.6666666666666667,14.166666666666666,2.8333333333333335,5.666666666666667,22.666666666666668,41.0,42.666666666666664,63.583333333333336,0.8333333333333334,30.166666666666668,8.916666666666666,1.9166666666666667,29.583333333333332,3.8333333333333335,7.583333333333333,0.25,15.583333333333334,2.5,0.25,15.416666666666666,1.0,1.9166666666666667,18.333333333333332,20.916666666666668,0.35714285714285715,0.42348754448398573,0.6206896551724138,0.13157894736842107,0.47572815533980584,0.5714285714285714,0.5555555555555556,0.485632183908046,0.5921325051759834,0.29999999999999993,0.5165745856353592,0.28037383177570085,0.6956521739130435,0.5211267605633803,0.26086956521739124,0.2527472527472526,0.44715447154471544,0.3289646133682832
Bryan Battle,Orthodox,No,No,No,Bryan Battle,0.1111111111111111,0.25,0.16666666666666666,0.0,0.8231481481481481,7.166666666666667,8.444444444444445,1.9444444444444446,14.166666666666666,3.1944444444444446,0.19444444444444442,17.555555555555557,32.916666666666664,23.166666666666668,40.166666666666664,1.3333333333333333,19.527777777777775,11.388888888888888,2.0,28.833333333333332,3.777777777777778,0.3055555555555555,0.16666666666666666,1.1388888888888888,0.08333333333333333,0.0,1.7912037037037039,9.416666666666666,2.861111111111111,2.25,7.166666666666667,3.1944444444444446,4.166666666666667,14.527777777777777,25.444444444444443,25.027777777777775,38.97222222222222,1.861111111111111,19.36111111111111,3.611111111111111,2.4722222222222223,14.861111111111109,4.194444444444445,6.388888888888889,0.7222222222222222,9.944444444444445,0.75,0.2222222222222222,7.6944444444444455,1.0,2.222222222222222,10.916666666666666,13.944444444444445,0.1875,0.3669985775248934,0.7414634146341464,0.125,0.4913294797687861,0.8455882352941176,0.6363636363636364,0.5333333333333334,0.5767634854771785,0.3880597014925373,0.5136298421807748,0.20769230769230773,0.5393258426966292,0.5177570093457944,0.23841059602649006,0.34782608695652173,0.42903930131004364,0.35780470420527444
Dan Argueta,,No,No,No,Dan Argueta,0.0,0.8055555555555555,0.5833333333333334,0.25,1.8777777777777775,8.222222222222221,2.277777777777778,1.5,7.166666666666667,2.3055555555555554,2.5277777777777777,12.0,25.166666666666668,25.444444444444446,40.94444444444445,1.5833333333333333,20.666666666666668,2.8055555555555554,1.6944444444444444,18.222222222222225,3.5,3.4444444444444446,0.0,0.4166666666666667,0.16666666666666666,0.19444444444444442,1.6421296296296297,7.416666666666667,1.2222222222222223,1.0833333333333333,7.833333333333333,0.888888888888889,1.0,9.722222222222221,20.555555555555557,12.555555555555555,24.222222222222225,1.0555555555555556,17.583333333333332,1.7777777777777777,1.1944444444444444,18.055555555555557,1.1111111111111112,1.388888888888889,0.6388888888888888,10.166666666666666,0.5555555555555555,0.1111111111111111,10.222222222222223,0.2222222222222222,0.38888888888888884,10.833333333333334,11.666666666666666,0.5087719298245613,0.3978494623655913,0.811881188118812,0.47540983606557374,0.39329268292682923,0.6587301587301587,0.7338709677419354,0.4768211920529801,0.621438263229308,0.6052631578947368,0.5781990521327014,0.3124999999999999,0.6511627906976745,0.5661538461538462,0.19999999999999996,0.28000000000000014,0.5270270270270271,0.4816513761467891
Miles Johns,Orthodox,No,No,No,Miles Johns,0.1111111111111111,0.1984126984126984,0.0,0.047619047619047616,0.6376984126984127,11.087301587301587,1.5317460317460319,1.7857142857142856,13.452380952380954,0.7063492063492064,0.24603174603174602,14.404761904761905,30.76984126984127,17.182539682539684,34.07936507936508,1.4365079365079365,26.753968253968253,2.1825396825396823,1.8333333333333333,29.28571428571429,0.9920634920634921,0.49206349206349204,0.10317460317460318,0.14285714285714285,0.15873015873015872,0.0,0.7146825396825397,7.920634920634921,2.0952380952380953,1.2857142857142856,9.34126984126984,1.0,0.9603174603174603,11.301587301587302,39.388888888888886,13.484126984126982,42.07142857142858,0.9285714285714285,33.26984126984127,3.9285714285714284,2.1904761904761902,36.51587301587302,1.642857142857143,1.2301587301587302,0.7857142857142857,25.34920634920635,1.8333333333333333,0.9047619047619048,27.174603174603174,0.6428571428571428,0.2698412698412698,28.087301587301585,28.587301587301585,0.13812154696132595,0.4144170869178285,0.7018181818181819,0.10822510822510822,0.45934959349593496,0.7120000000000001,0.5,0.4681454733041011,0.5041918956683744,0.8461538461538461,0.7619274809160306,0.46666666666666656,0.9347826086956522,0.7441860465116279,0.39130434782608703,0.21935483870967742,0.7130767680838203,0.6794944350122619
Jacob Malkoun,Orthodox,No,No,No,Jacob Malkoun,0.0,2.1944444444444446,0.16666666666666666,0.0,2.9490740740740744,16.416666666666668,1.3888888888888886,0.3055555555555555,9.916666666666666,0.9444444444444443,7.25,18.11111111111111,31.527777777777782,38.97222222222222,56.666666666666664,4.861111111111111,29.583333333333332,1.6388888888888886,0.3055555555555555,19.75,1.888888888888889,9.88888888888889,0.05555555555555555,0.19444444444444442,0.0,0.16666666666666666,0.3296296296296296,8.416666666666666,1.4166666666666667,0.9722222222222223,8.222222222222221,0.6666666666666666,1.9166666666666667,10.805555555555555,21.777777777777782,18.166666666666668,29.833333333333332,0.19444444444444442,18.88888888888889,1.8055555555555554,1.0833333333333333,18.555555555555557,1.0833333333333333,2.138888888888889,0.0,10.472222222222223,0.38888888888888884,0.1111111111111111,10.333333333333334,0.4166666666666667,0.2222222222222222,10.972222222222223,11.666666666666666,0.4514285714285715,0.5549295774647888,0.847457627118644,7.181818181818183,0.5021097046413502,0.4999999999999999,0.7331460674157303,0.5744493392070483,0.6877450980392157,0.0,0.5544117647058824,0.21538461538461529,0.8205128205128205,0.5568862275449102,0.3846153846153846,0.10389610389610382,0.503826530612245,0.3910614525139664
Marina Rodriguez,Orthodox,No,No,No,Marina Rodriguez,0.03333333333333333,0.03666666666666667,0.03666666666666667,0.03666666666666667,0.20261111111111113,12.09,6.57,5.566666666666667,18.46333333333333,4.536666666666667,1.2266666666666668,24.226666666666667,49.36333333333333,30.160000000000004,56.01666666666667,0.10999999999999999,33.50666666666667,9.17,6.686666666666667,42.230000000000004,5.63,1.5033333333333334,0.0,0.5199999999999999,0.06666666666666667,0.03333333333333333,1.3775,9.366666666666667,3.1399999999999997,1.903333333333333,9.613333333333333,1.6633333333333333,3.1333333333333333,14.41,36.44,21.303333333333335,44.61,1.6199999999999999,29.02,4.61,2.81,29.8,2.416666666666667,4.223333333333334,1.1,19.653333333333332,1.47,0.9066666666666666,20.186666666666667,0.7533333333333333,1.09,22.03,23.306666666666665,0.33333333333333337,0.3608237166732988,0.7164667393675027,0.005483549351944167,0.437208935196148,0.8058022498519835,0.8159645232815965,0.4907826321831319,0.5384111871466826,0.6790123456790124,0.6772340914311968,0.3188720173535793,0.8149466192170819,0.6774049217002237,0.3117241379310346,0.2580899763220206,0.6045554335894621,0.5224538593738324
Michelle Waterson-Gomez,,No,No,No,Michelle Waterson-Gomez,0.0,0.5555555555555555,0.0,0.0,0.7777777777777777,4.444444444444444,4.888888888888889,7.0,12.666666666666666,3.222222222222222,0.4444444444444444,16.333333333333332,43.77777777777777,19.666666666666668,48.0,1.5555555555555554,25.0,9.222222222222221,9.555555555555555,39.22222222222222,3.6666666666666665,0.8888888888888888,0.0,0.1111111111111111,0.1111111111111111,0.1111111111111111,0.5314814814814814,8.666666666666666,5.777777777777778,2.6666666666666665,9.777777777777779,6.777777777777779,0.5555555555555556,17.11111111111111,35.22222222222222,20.444444444444446,40.55555555555555,1.3333333333333333,22.666666666666668,8.0,4.555555555555555,24.11111111111111,10.444444444444445,0.6666666666666666,1.222222222222222,14.0,2.2222222222222223,1.888888888888889,14.333333333333334,3.6666666666666665,0.1111111111111111,18.11111111111111,20.11111111111111,0.35714285714285715,0.17777777777777776,0.5301204819277109,0.05813953488372092,0.32294617563739375,0.8787878787878788,0.5,0.3730964467005076,0.40972222222222227,0.9166666666666666,0.6176470588235294,0.2777777777777778,0.975609756097561,0.5944700460829493,0.35106382978723394,0.16666666666666663,0.5141955835962145,0.49589041095890396
Hannah Goldy,Orthodox,No,No,No,Hannah Goldy,0.0,0.2888888888888889,0.06666666666666667,0.0,1.002962962962963,8.977777777777778,6.977777777777778,3.977777777777778,12.666666666666666,5.577777777777778,1.688888888888889,19.933333333333334,47.6,24.311111111111114,53.77777777777778,2.4222222222222225,31.022222222222222,10.444444444444445,6.133333333333333,37.13333333333333,8.444444444444445,2.0222222222222226,0.13333333333333333,0.24444444444444446,0.0,0.0,0.5644444444444444,14.155555555555557,4.666666666666667,5.133333333333334,19.711111111111112,3.8000000000000003,0.4444444444444444,23.955555555555552,48.355555555555554,29.42222222222222,55.133333333333326,0.37777777777777777,34.422222222222224,6.6000000000000005,7.333333333333333,41.06666666666667,6.3999999999999995,0.8888888888888888,0.13333333333333333,20.266666666666666,1.9333333333333333,2.1999999999999997,21.355555555555554,2.6,0.4444444444444444,24.400000000000002,25.711111111111112,0.11926605504587155,0.28939828080229224,0.6680851063829787,0.04710144927536233,0.34111310592459604,0.6605263157894737,0.8351648351648351,0.41876750700280113,0.4520661157024794,0.3529411764705882,0.5887669464170433,0.29292929292929293,0.9666666666666667,0.520021645021645,0.4062499999999999,0.5,0.5045955882352942,0.46634421604191856
Mizuki,,No,No,No,Mizuki,0.0,0.3333333333333333,0.0,0.0,1.172222222222222,10.333333333333334,6.666666666666667,1.3333333333333333,12.333333333333334,5.666666666666667,0.3333333333333333,18.333333333333332,35.0,27.666666666666668,46.666666666666664,0.6666666666666666,24.0,9.666666666666666,1.3333333333333333,25.666666666666668,8.666666666666666,0.6666666666666666,0.0,0.3333333333333333,0.0,0.0,0.9500000000000001,3.3333333333333335,8.666666666666666,3.6666666666666665,6.666666666666667,9.0,0.0,15.666666666666666,31.666666666666668,21.333333333333332,41.0,4.666666666666667,14.333333333333334,13.0,4.333333333333333,18.333333333333332,13.333333333333334,0.0,4.333333333333333,11.0,4.333333333333333,0.6666666666666666,11.666666666666666,4.333333333333333,0.0,16.0,19.666666666666668,0.5,0.4305555555555556,0.6896551724137931,0.25,0.4805194805194805,0.653846153846154,0.5,0.5238095238095237,0.5928571428571429,0.9285714285714286,0.7674418604651163,0.33333333333333337,0.9230769230769231,0.6363636363636362,0.32500000000000007,,0.5052631578947369,0.47967479674796754
Jake Collier,Orthodox,No,No,No,Jake Collier,0.07792207792207792,0.191017316017316,0.17857142857142858,0.07196969696969698,0.6104797979797979,17.604978354978353,5.001082251082251,3.485930735930736,22.633116883116884,2.694264069264069,0.7646103896103895,26.091991341991342,59.40097402597403,30.9237012987013,65.02218614718615,0.6087662337662337,48.66125541125541,6.708874458874459,4.030844155844156,54.10064935064935,4.130411255411255,1.16991341991342,0.023809523809523808,0.37067099567099565,0.030303030303030304,0.023809523809523808,0.7303391053391054,17.265151515151516,4.666666666666667,1.704004329004329,18.45779220779221,2.150974025974026,3.027056277056277,23.63582251082251,48.250541125541126,33.083333333333336,59.13528138528139,1.1066017316017316,40.23593073593074,5.93452380952381,2.0800865800865798,41.33549783549784,3.0741341991341993,3.8409090909090913,0.735930735930736,22.97077922077922,1.267857142857143,0.3760822510822511,22.877705627705627,0.9231601731601732,0.8138528138528138,24.614718614718615,26.05194805194805,0.31377777777777777,0.3617863576718635,0.745442813356993,0.047388911263256804,0.4183520374482386,0.6522992270404822,0.6535615171137834,0.43925191076129827,0.4755869208811511,0.6650366748166259,0.5709021464306848,0.21364092276830493,0.8218002081165452,0.5534638948525947,0.3002992430910051,0.21189067342913503,0.5101438873125708,0.4405483062169433
Mohammed Usman,,No,No,No,Mohammed Usman,0.1111111111111111,0.4444444444444444,0.0,0.0,2.1101851851851854,9.0,3.611111111111111,0.0,11.388888888888888,0.4444444444444444,0.7777777777777777,12.611111111111112,31.055555555555554,27.333333333333332,51.5,2.055555555555556,26.444444444444446,4.611111111111111,0.0,29.0,0.7777777777777778,1.277777777777778,0.0,0.0,0.27777777777777773,0.0,0.09814814814814814,10.333333333333334,4.055555555555556,2.388888888888889,14.444444444444443,2.3333333333333335,0.0,16.77777777777778,35.166666666666664,21.0,40.0,0.0,27.777777777777775,4.666666666666667,2.722222222222222,31.444444444444443,3.7222222222222228,0.0,0.0,17.444444444444446,0.611111111111111,0.3333333333333333,17.0,1.388888888888889,0.0,18.38888888888889,19.0,0.21621621621621617,0.34033613445378147,0.783132530120482,inf,0.3927203065134099,0.5714285714285714,0.6086956521739129,0.4060822898032201,0.5307443365695793,,0.6279999999999999,0.13095238095238082,1.0,0.5406360424028269,0.37313432835820903,,0.522906793048973,0.475
Rafael Fiziev,Switch,No,No,No,Rafael Fiziev,0.22222222222222224,0.05555555555555556,0.0,0.0,0.4646031746031746,8.380952380952381,6.007936507936508,2.8079365079365077,15.366666666666665,1.5634920634920635,0.26666666666666666,17.196825396825396,34.028571428571425,20.93968253968254,38.62222222222222,0.13968253968253969,20.652380952380952,9.774603174603175,3.6015873015873012,31.541269841269845,2.0206349206349206,0.4666666666666667,0.02222222222222222,0.32857142857142857,0.0,0.0,0.5729100529100529,11.15873015873016,3.5873015873015874,3.13015873015873,15.819047619047618,1.8333333333333335,0.22380952380952382,17.876190476190477,33.83968253968254,21.773015873015872,39.15714285714286,2.380952380952381,25.458730158730155,4.617460317460318,3.7634920634920634,31.28253968253968,2.276190476190476,0.28095238095238095,2.0523809523809526,14.3,1.03015873015873,0.6333333333333334,15.463492063492064,0.4428571428571429,0.05714285714285714,15.963492063492064,17.384126984126986,0.39772727272727276,0.4058104680654831,0.6146476128613185,0.015425297487880126,0.48719239092144323,0.7737627651217597,0.5714285714285714,0.505364306371863,0.5421666940654283,0.862,0.5616933724047632,0.22310072189755936,0.9126950653732602,0.49431702861782023,0.19456066945606687,0.2033898305084746,0.4717388245227262,0.4439580039725972
Ricardo Ramos,Orthodox,No,No,No,Ricardo Ramos,0.11616161616161617,0.7525252525252525,0.22727272727272727,0.0,0.5489057239057239,9.96969696969697,2.8686868686868685,2.2525252525252526,13.171717171717171,1.0404040404040404,0.8787878787878788,15.090909090909092,38.95454545454546,16.92929292929293,41.02020202020202,1.3484848484848484,30.464646464646464,4.96969696969697,3.5202020202020203,36.38888888888889,1.3282828282828283,1.2373737373737372,0.030303030303030304,0.25757575757575757,0.08585858585858586,0.06060606060606061,0.47929292929292916,10.93939393939394,3.04040404040404,3.853535353535353,16.21717171717172,0.7373737373737373,0.8787878787878789,17.833333333333332,42.40909090909091,22.0,47.63636363636363,0.9949494949494951,33.0,4.737373737373737,4.671717171717172,39.94949494949495,1.0303030303030303,1.4292929292929293,0.7373737373737373,22.060606060606062,1.696969696969697,0.8181818181818182,23.73232323232323,0.2929292929292929,0.5505050505050505,24.575757575757574,25.636363636363637,0.5580524344569289,0.32725464190981435,0.5772357723577235,0.21377331420373025,0.36197085357390696,0.7832699619771863,0.7102040816326531,0.38739789964994165,0.4127062299926127,0.7411167512690355,0.6685032139577594,0.35820895522388063,0.9448648648648649,0.5940581542351453,0.28431372549019607,0.3851590106007067,0.5794926759556984,0.5381679389312977
Montserrat Rendon,,No,No,No,Montserrat Rendon,0.0,1.0,0.0,0.0,1.6166666666666665,15.0,3.6666666666666665,4.333333333333333,18.333333333333332,0.3333333333333333,4.333333333333333,23.0,60.666666666666664,37.333333333333336,80.0,1.6666666666666667,49.333333333333336,6.0,5.333333333333333,50.333333333333336,0.6666666666666666,9.666666666666666,0.0,0.0,0.3333333333333333,0.0,0.3,5.666666666666667,1.0,13.333333333333334,20.0,0.0,0.0,20.0,36.333333333333336,26.0,43.666666666666664,1.0,19.666666666666668,1.0,15.666666666666666,36.0,0.3333333333333333,0.0,1.0,14.0,0.0,2.3333333333333335,16.0,0.3333333333333333,0.0,16.333333333333332,17.666666666666668,0.6,0.30405405405405406,0.611111111111111,0.1875,0.36423841059602646,0.5,0.4482758620689655,0.37912087912087916,0.4666666666666667,1.0,0.711864406779661,0.0,1.0,0.4444444444444444,1.0,,0.4495412844036698,0.40458015267175573
Tamires Vidal,,No,No,No,Tamires Vidal,0.16666666666666666,0.0,0.3333333333333333,0.0,0.3055555555555555,5.5,2.1666666666666665,11.333333333333334,18.333333333333332,0.6666666666666666,0.0,19.0,34.5,24.5,41.333333333333336,0.6666666666666666,18.666666666666668,2.3333333333333335,13.5,33.666666666666664,0.8333333333333334,0.0,0.0,1.0,0.0,0.0,1.55,13.333333333333334,4.5,4.5,17.166666666666668,0.8333333333333334,4.333333333333333,22.333333333333332,54.0,35.666666666666664,71.66666666666667,1.5,42.166666666666664,6.5,5.333333333333333,43.0,1.3333333333333333,9.666666666666666,0.5,28.833333333333332,2.0,0.8333333333333334,25.833333333333332,0.5,5.333333333333333,31.666666666666668,36.0,0.0,0.29464285714285715,0.9285714285714285,0.0,0.5445544554455446,0.7999999999999999,,0.5507246376811594,0.5927419354838709,0.33333333333333337,0.6837944664031621,0.3076923076923077,0.8125,0.6007751937984496,0.3749999999999999,0.5517241379310345,0.5864197530864197,0.5023255813953489
Andre Fialho,Orthodox,No,No,No,Andre Fialho,0.09523809523809523,0.06666666666666667,0.0,0.0,0.1375132275132275,8.73015873015873,2.403174603174603,1.1523809523809525,10.155555555555557,1.8920634920634922,0.2380952380952381,12.285714285714286,30.990476190476187,13.761904761904761,32.73968253968254,0.06666666666666667,26.215873015873015,3.4603174603174605,1.3142857142857143,28.23809523809524,2.228571428571428,0.5238095238095238,0.2920634920634921,0.20952380952380953,0.0,0.06666666666666667,0.4147619047619047,15.441269841269841,7.377777777777777,2.9365079365079367,20.126984126984127,3.228571428571429,2.4,25.755555555555556,46.606349206349215,29.352380952380955,51.00317460317461,0.673015873015873,33.05714285714286,10.450793650793651,3.0984126984126985,39.336507936507935,4.088888888888889,3.1809523809523808,0.46349206349206346,17.615873015873017,3.0730158730158728,0.1619047619047619,19.20952380952381,0.8603174603174604,0.780952380952381,20.85079365079365,21.65079365079365,1.0,0.33301041414386046,0.6944954128440366,0.05072463768115942,0.35964024732996064,0.8490028490028492,0.45454545454545453,0.3964351567301783,0.4203432560845534,0.6886792452830188,0.532891577835398,0.2940461725394897,0.9323770491803278,0.48833831006375594,0.2104037267080744,0.24550898203592808,0.44738096859886933,0.42449894186480763
Tim Means,Orthodox,No,No,No,Tim Means,0.1634920634920635,0.34761904761904766,0.05634920634920635,0.07222222222222223,0.6451984126984126,14.136507936507934,6.205555555555556,2.48015873015873,17.622222222222224,3.0293650793650797,2.1706349206349205,22.822222222222223,46.53650793650794,31.175396825396827,55.361111111111114,0.8380952380952381,34.90714285714285,8.952380952380953,2.6769841269841272,39.334920634920636,3.977777777777778,3.2238095238095235,0.047619047619047616,0.5484126984126984,0.0992063492063492,0.011904761904761904,0.6797883597883598,11.142857142857144,2.8642857142857143,1.8746031746031744,13.533333333333333,1.4746031746031747,0.8738095238095238,15.881746031746031,40.51111111111111,19.565079365079367,44.77142857142857,1.6460317460317462,33.37777777777777,4.838095238095239,2.2952380952380955,36.44285714285714,2.2849206349206352,1.7833333333333332,1.0976190476190475,22.234920634920638,1.973809523809524,0.42063492063492064,22.909523809523808,0.8103174603174604,0.9095238095238095,24.629365079365076,25.206349206349206,0.4147727272727273,0.40497464929631904,0.6931737588652482,0.1298547287281352,0.44800451959162263,0.7615722266560256,0.673313638601674,0.49041544443686474,0.5631280911762597,0.666827386692382,0.6661594065056115,0.40797244094488194,0.7610650069156294,0.628642362472233,0.35463702674539777,0.5100133511348464,0.6079656766711072,0.5630007799758916
Alex Reyes,Orthodox,No,No,No,Alex Reyes,0.0,0.0,0.0,0.0,0.1583333333333333,4.5,3.0,2.5,7.5,2.5,0.0,10.0,25.5,10.5,26.0,1.0,18.5,4.5,2.5,21.0,4.5,0.0,1.0,0.0,0.0,0.0,0.0333333333333333,18.5,5.0,3.5,19.5,6.5,1.0,27.0,45.0,27.0,45.0,0.0,35.0,6.5,3.5,35.5,8.0,1.5,0.0,16.5,1.5,0.0,16.0,1.5,0.5,18.0,18.0,0.0,0.24324324324324326,0.6666666666666666,0.0,0.35714285714285715,0.5555555555555556,,0.39215686274509803,0.40384615384615385,,0.4714285714285714,0.23076923076923073,1.0,0.45070422535211263,0.1875,0.33333333333333337,0.4,0.4
Charlie Campbell,,No,No,No,Charlie Campbell,1.0,0.0,0.0,0.0,0.0333333333333333,27.0,10.0,6.0,35.0,7.0,1.0,43.0,72.0,43.0,72.0,0.0,53.0,13.0,6.0,60.0,10.0,2.0,0.0,0.0,0.0,0.0,0.0166666666666666,8.0,2.0,4.0,12.0,2.0,0.0,14.0,38.0,15.0,39.0,2.0,30.0,4.0,4.0,32.0,6.0,0.0,2.0,22.0,2.0,0.0,20.0,4.0,0.0,24.0,24.0,,0.5094339622641509,0.7692307692307693,0.0,0.5833333333333334,0.7,0.5,0.5972222222222222,0.5972222222222222,1.0,0.7333333333333334,0.5,1.0,0.625,0.6666666666666667,,0.631578947368421,0.6153846153846154
Alexa Grasso,Orthodox,Yes,No,Yes,Alexa Grasso,0.02,0.13999999999999999,0.26,0.08,0.5698888888888889,13.776666666666667,4.273333333333333,4.2,17.986666666666668,3.666666666666667,0.5966666666666667,22.25,52.910000000000004,39.266666666666666,72.8,0.38,40.739999999999995,6.42,5.75,47.010000000000005,4.626666666666667,1.2733333333333332,0.0,0.53,0.03666666666666667,0.04,0.8602777777777778,15.559999999999999,3.146666666666667,1.61,17.933333333333334,1.5566666666666666,0.8266666666666668,20.316666666666666,47.339999999999996,31.723333333333336,59.46,1.7533333333333332,40.70333333333333,4.553333333333333,2.083333333333333,43.836666666666666,2.42,1.0833333333333335,1.2233333333333334,25.143333333333334,1.4066666666666667,0.47333333333333333,25.903333333333336,0.8633333333333333,0.2566666666666667,27.023333333333333,27.736666666666668,0.3684210526315789,0.338160693830797,0.6656282450674974,0.024347826086956518,0.3826136283060342,0.792507204610951,0.46858638743455505,0.4205254205254205,0.5393772893772893,0.6977186311787071,0.6177217263123413,0.308931185944363,0.7455999999999999,0.5909056345525054,0.35674931129476584,0.2369230769230769,0.5708350936487818,0.4664760623388272
Valentina Shevchenko,Southpaw,Yes,No,Yes,Valentina Shevchenko,0.0125,0.7293650793650793,0.09166666666666666,0.0125,1.3162929894179893,10.913095238095238,2.1406746031746033,3.4948412698412703,12.245833333333334,1.4777777777777779,2.825,16.54861111111111,32.13373015873016,33.141468253968256,49.507738095238096,1.2333333333333334,24.63015873015873,3.1970238095238095,4.306547619047619,26.734920634920634,2.0825396825396827,3.316269841269841,0.0125,0.18134920634920634,0.11746031746031745,0.057738095238095234,0.6895436507936508,3.9547619047619045,2.7813492063492062,3.8075396825396823,8.117261904761905,1.825595238095238,0.6007936507936508,10.543650793650794,29.07480158730159,25.594642857142855,45.48551587301587,0.7134920634920635,18.281150793650795,4.813095238095238,5.980555555555556,25.838492063492062,2.2132936507936507,1.0230158730158732,0.5321428571428571,14.32638888888889,2.0317460317460316,2.173015873015873,17.721230158730158,0.3876984126984127,0.4222222222222222,18.531150793650795,19.89087301587302,0.5913770913770913,0.4430785589998067,0.6695835660646683,0.16936189818014283,0.458046369411625,0.7096036585365854,0.8518607155677876,0.5149919112834508,0.6694199640107568,0.7458286985539488,0.7836699697190055,0.4221287822573997,0.9696768628491805,0.6858461443951285,0.17516808606006273,0.4127230411171452,0.6373612125265291,0.43730125148856913
Christos Giagos,Orthodox,No,No,No,Christos Giagos,0.025641025641025644,0.8564102564102565,0.10897435897435898,0.10833333333333334,1.3992200854700856,8.739102564102565,3.085897435897436,1.1634615384615385,9.76025641025641,1.7602564102564102,1.4679487179487178,12.988461538461538,30.97115384615385,19.264102564102565,38.67371794871795,2.7858974358974358,25.3275641025641,4.319871794871795,1.3237179487179487,25.20705128205128,2.8000000000000003,2.9641025641025642,0.025641025641025644,0.4532051282051282,0.1858974358974359,0.08333333333333333,0.8735470085470084,8.61474358974359,3.0974358974358975,2.194230769230769,8.87820512820513,2.7980769230769234,2.230128205128205,13.906410256410256,28.724358974358974,21.170512820512823,36.949999999999996,0.9730769230769231,21.649358974358975,4.45,2.625,22.31474358974359,3.4942307692307693,2.9153846153846152,0.5198717948717949,13.034615384615384,1.3525641025641024,0.43076923076923074,13.436538461538461,0.6961538461538462,0.6852564102564104,14.817948717948719,15.779487179487178,0.30740911182696734,0.3450431525397991,0.7143493099866449,0.6469733656174335,0.3872034178470615,0.6286630036630035,0.4952422145328719,0.41937286556969877,0.4981187117733835,0.5342555994729907,0.602078583483848,0.3039469893402478,0.8273504273504273,0.6021372554652265,0.1992294991744633,0.23504837291116965,0.5158669939745593,0.42704972068977465
Fernando Padilla,,No,No,No,Fernando Padilla,0.16666666666666666,0.0,0.0,0.0,0.04444444444444442,14.0,5.166666666666667,3.8333333333333335,20.833333333333332,2.0,0.16666666666666666,23.0,60.5,23.333333333333332,60.833333333333336,0.3333333333333333,48.833333333333336,6.5,5.166666666666667,57.833333333333336,2.5,0.16666666666666666,0.0,0.0,0.0,0.0,0.0,13.833333333333334,5.666666666666667,6.166666666666667,25.0,0.6666666666666666,0.0,25.666666666666668,57.0,26.0,57.333333333333336,1.0,44.666666666666664,6.0,6.333333333333333,54.666666666666664,2.3333333333333335,0.0,1.0,30.833333333333332,0.3333333333333333,0.16666666666666666,29.666666666666668,1.6666666666666667,0.0,31.333333333333332,31.333333333333332,0.0,0.28668941979522183,0.7948717948717949,0.0,0.36023054755043227,0.8,1.0,0.38016528925619836,0.3835616438356164,1.0,0.6902985074626866,0.05555555555555547,1.0,0.5426829268292683,0.7142857142857143,,0.5497076023391813,0.5465116279069768
Kyle Nelson,Switch,No,No,No,Kyle Nelson,0.0,0.35912698412698413,0.17857142857142858,0.0,0.8291666666666666,7.833333333333333,4.170634920634921,2.755952380952381,12.696428571428571,1.9206349206349207,0.14285714285714285,14.759920634920634,32.93650793650794,18.172619047619047,36.720238095238095,1.7142857142857142,24.123015873015873,5.575396825396825,3.2380952380952386,29.740079365079367,3.0119047619047614,0.18452380952380953,0.05555555555555555,0.17857142857142858,0.09722222222222221,0.09722222222222221,1.0644179894179893,10.74404761904762,4.89484126984127,3.7242063492063493,14.152777777777779,1.8333333333333333,3.3769841269841265,19.363095238095237,40.87896825396825,28.36111111111111,50.7281746031746,0.6924603174603176,30.757936507936506,5.900793650793651,4.220238095238095,33.73015873015873,2.240079365079365,4.908730158730159,0.513888888888889,20.01388888888889,1.005952380952381,0.49603174603174605,19.577380952380953,0.4067460317460317,1.5317460317460316,21.515873015873016,22.367063492063494,0.20949074074074076,0.32472446126007565,0.7480427046263346,0.11090686274509802,0.4269130695843618,0.63768115942029,0.7741935483870966,0.44813253012048193,0.4948938239585022,0.7421203438395416,0.6506902335182556,0.1704774714189644,0.9576868829337094,0.5804117647058823,0.18157661647475642,0.3120452708164917,0.5263311168276466,0.4409199358548128
Josefine Knutsson,,No,No,No,Josefine Knutsson,0.0,1.0,0.0,0.0,3.6055555555555556,17.666666666666668,6.666666666666667,2.6666666666666665,12.666666666666666,2.6666666666666665,11.666666666666666,27.0,42.666666666666664,49.0,68.66666666666667,1.3333333333333333,32.333333333333336,7.666666666666667,2.6666666666666665,23.0,3.6666666666666665,16.0,0.0,0.0,0.0,0.0,0.18333333333333335,2.0,0.0,0.6666666666666666,2.6666666666666665,0.0,0.0,2.6666666666666665,9.666666666666666,13.0,21.333333333333332,0.6666666666666666,6.666666666666667,2.0,1.0,9.666666666666666,0.0,0.0,0.6666666666666666,4.666666666666667,2.0,0.3333333333333333,7.0,0.0,0.0,7.0,8.333333333333334,0.75,0.5463917525773195,0.8695652173913043,0.375,0.5507246376811594,0.7272727272727273,0.7291666666666666,0.6328125,0.7135922330097086,1.0,0.7,1.0,1.0,0.7241379310344828,,,0.7241379310344828,0.390625
Marnic Mann,,No,No,No,Marnic Mann,0.0,0.0,0.0,0.0,0.18333333333333335,2.0,0.0,0.6666666666666666,2.6666666666666665,0.0,0.0,2.6666666666666665,9.666666666666666,13.0,21.333333333333332,0.6666666666666666,6.666666666666667,2.0,1.0,9.666666666666666,0.0,0.0,0.0,1.0,0.0,0.0,3.6055555555555556,17.666666666666668,6.666666666666667,2.6666666666666665,12.666666666666666,2.6666666666666665,11.666666666666666,27.0,42.666666666666664,49.0,68.66666666666667,1.3333333333333333,32.333333333333336,7.666666666666667,2.6666666666666665,23.0,3.6666666666666665,16.0,0.3333333333333333,14.666666666666666,1.0,0.0,10.333333333333334,1.0,4.333333333333333,15.666666666666666,19.666666666666668,0.0,0.3,0.0,0.0,0.27586206896551724,,,0.27586206896551724,0.609375,0.25,0.45360824742268047,0.13043478260869568,0.625,0.4492753623188406,0.2727272727272727,0.27083333333333337,0.3671875,0.28640776699029136
Elise Reed,Orthodox,No,No,No,Elise Reed,0.047619047619047616,0.25,0.0,0.047619047619047616,0.49755291005290997,5.781746031746032,3.380952380952381,2.9761904761904763,9.242063492063492,1.9801587301587302,0.9166666666666666,12.138888888888888,24.873015873015873,25.337301587301585,40.30952380952381,0.3888888888888889,16.162698412698415,4.849206349206349,3.8611111111111107,21.51190476190476,2.305555555555556,1.0555555555555556,0.047619047619047616,1.103174603174603,0.34920634920634924,0.0,1.9271164021164022,9.01984126984127,2.222222222222222,2.5396825396825395,8.488095238095239,1.5,3.793650793650794,13.781746031746032,28.84126984126984,26.218253968253965,44.08730158730159,1.892857142857143,22.3015873015873,3.5039682539682544,3.035714285714286,21.523809523809522,2.007936507936508,5.309523809523809,0.7896825396825397,13.281746031746032,1.2817460317460316,0.49603174603174605,13.035714285714286,0.5079365079365079,1.5158730158730158,15.05952380952381,17.86904761904762,0.6428571428571428,0.3577215811441198,0.6972176759410802,0.06474820143884892,0.4296255303449549,0.8588640275387263,0.8684210526315789,0.4880344607530312,0.6285686158692655,0.4171907756813419,0.5955516014234875,0.36579841449603645,0.6366013071895426,0.6056415929203539,0.25296442687747034,0.2855007473841553,0.5221518987341771,0.40531053105310544
Raul Rosas Jr.,,No,No,No,Raul Rosas Jr.,0.1111111111111111,0.5555555555555556,0.3333333333333333,0.0,0.9907407407407408,2.7777777777777772,0.1111111111111111,0.1111111111111111,1.6666666666666667,0.1111111111111111,1.222222222222222,3.0,10.444444444444445,3.777777777777778,11.333333333333334,3.888888888888889,8.777777777777779,0.4444444444444444,1.222222222222222,8.333333333333334,0.2222222222222222,1.888888888888889,0.0,0.3333333333333333,0.0,0.0,2.374074074074074,9.333333333333334,0.8888888888888888,0.1111111111111111,2.4444444444444446,0.8888888888888888,7.0,10.333333333333334,19.0,26.777777777777775,38.22222222222222,0.3333333333333333,17.77777777777778,1.111111111111111,0.1111111111111111,9.0,1.2222222222222223,8.777777777777777,0.0,8.444444444444445,0.2222222222222222,0.0,6.555555555555556,0.3333333333333333,1.7777777777777777,8.666666666666666,11.444444444444443,0.14285714285714288,0.31645569620253156,0.25,0.4545454545454546,0.19999999999999998,0.5,0.6470588235294117,0.28723404255319146,0.33333333333333337,0.0,0.475,0.19999999999999996,-2.0,0.728395061728395,0.2727272727272728,0.2025316455696201,0.45614035087719296,0.2994186046511629
Terrence Mitchell,,No,No,No,Terrence Mitchell,0.0,0.5,0.0,0.0,0.55,4.0,0.5,0.0,3.0,1.0,0.5,4.5,13.0,6.0,15.0,1.0,12.5,0.5,0.0,11.0,1.5,0.5,0.5,1.0,0.5,0.5,0.95,16.0,2.0,0.0,3.0,2.5,12.5,18.0,31.0,21.0,34.5,1.0,29.0,2.0,0.0,6.5,4.0,20.5,0.0,13.0,0.0,0.0,3.5,1.5,8.0,13.0,13.5,0.5,0.32,1.0,inf,0.2727272727272727,0.6666666666666666,1.0,0.34615384615384615,0.4,0.0,0.4482758620689655,0.0,-inf,0.5384615384615384,0.375,0.3902439024390244,0.4193548387096774,0.3913043478260869
Josh Fremd,,No,No,No,Josh Fremd,0.0,0.20000000000000004,0.3333333333333333,0.3,1.3416666666666668,5.233333333333333,3.6,2.533333333333333,8.666666666666666,2.0,0.7000000000000001,11.366666666666667,26.733333333333334,16.733333333333334,32.56666666666667,1.0,18.166666666666668,5.166666666666667,3.4,22.96666666666667,2.8666666666666667,0.9,0.06666666666666667,1.1666666666666667,0.3666666666666667,0.06666666666666667,1.6883333333333332,7.2,2.2333333333333334,2.2666666666666666,6.633333333333333,1.0999999999999999,3.966666666666667,11.700000000000001,22.266666666666666,18.966666666666665,30.933333333333334,1.6666666666666667,16.0,3.533333333333333,2.733333333333333,15.566666666666668,2.2333333333333334,4.466666666666667,0.5,8.799999999999999,1.3,0.4666666666666666,8.933333333333334,1.1333333333333333,0.5,10.566666666666668,11.966666666666667,0.20000000000000004,0.2880733944954128,0.6967741935483871,0.05882352941176472,0.37735849056603765,0.6976744186046512,0.7777777777777778,0.4251870324189526,0.5138178096212896,0.29999999999999993,0.55,0.3679245283018867,0.5731707317073169,0.5738758029978588,0.5074626865671643,0.11194029850746268,0.47455089820359275,0.3868534482758621
Tracy Cortez,Orthodox,No,No,No,Tracy Cortez,0.0,0.6666666666666666,0.13333333333333333,0.06666666666666667,2.2344444444444442,12.799999999999999,4.0,3.4666666666666663,13.266666666666666,2.1999999999999997,4.8,20.266666666666666,38.13333333333333,32.733333333333334,53.199999999999996,1.5333333333333332,28.666666666666668,5.333333333333333,4.133333333333334,29.0,2.4666666666666663,6.666666666666667,0.06666666666666667,0.39999999999999997,0.06666666666666667,0.13333333333333333,0.6044444444444445,9.066666666666668,2.8666666666666667,2.1999999999999997,11.666666666666666,2.0666666666666664,0.39999999999999997,14.133333333333333,37.0,21.266666666666666,46.06666666666666,1.5333333333333332,29.0,5.133333333333333,2.8666666666666667,33.46666666666667,3.066666666666667,0.4666666666666666,1.1333333333333335,19.933333333333334,2.2666666666666666,0.6666666666666666,21.8,1.0,0.06666666666666667,22.866666666666664,24.8,0.43478260869565216,0.4465116279069767,0.75,0.16129032258064513,0.45747126436781604,0.8918918918918919,0.72,0.5314685314685315,0.6152882205513786,0.7391304347826086,0.6873563218390804,0.4415584415584415,0.8604651162790697,0.6513944223107571,0.32608695652173925,0.1428571428571428,0.618018018018018,0.5383502170767005
Blood Diamond,Switch,No,No,No,Blood Diamond,0.0,0.0,0.0,0.0,0.2212962962962963,7.4444444444444455,6.833333333333333,2.3333333333333335,8.222222222222221,8.38888888888889,0.0,16.61111111111111,30.055555555555554,25.833333333333332,41.22222222222222,0.611111111111111,17.944444444444443,8.722222222222223,3.3888888888888893,18.38888888888889,11.5,0.16666666666666666,0.0,0.6666666666666666,0.1111111111111111,0.0,3.2925925925925927,8.61111111111111,2.2777777777777777,0.1111111111111111,5.5555555555555545,2.7222222222222228,2.7222222222222228,11.0,22.0,23.88888888888889,36.55555555555556,2.5,19.11111111111111,2.777777777777778,0.1111111111111111,13.722222222222223,4.833333333333333,3.444444444444444,1.8333333333333333,10.5,0.5,0.0,8.166666666666666,2.111111111111111,0.7222222222222222,11.0,12.666666666666666,0.0,0.41486068111455116,0.7834394904458597,0.0,0.44712990936555885,0.7294685990338164,0.0,0.5526802218114603,0.6266846361185984,0.7333333333333334,0.5494186046511629,0.18000000000000016,-5.0,0.5951417004048585,0.4367816091954021,0.20967741935483852,0.5,0.3465045592705167
Carlos Ulberg,Orthodox,No,No,No,Carlos Ulberg,0.2222222222222222,0.3888888888888889,0.16666666666666666,0.0,0.44629629629629625,18.777777777777775,6.777777777777778,5.833333333333333,26.444444444444443,2.0,2.9444444444444446,31.38888888888889,53.38888888888889,33.333333333333336,55.5,0.5555555555555556,39.0,8.166666666666666,6.222222222222222,47.22222222222222,2.3333333333333335,3.8333333333333335,0.1111111111111111,0.16666666666666666,0.0,0.0,0.07129629629629629,9.833333333333334,2.1666666666666665,3.388888888888889,13.888888888888888,0.7222222222222222,0.7777777777777778,15.388888888888891,32.5,15.833333333333334,33.11111111111111,0.4444444444444444,24.277777777777782,3.8888888888888893,4.333333333333333,30.333333333333332,1.277777777777778,0.8888888888888888,0.27777777777777773,14.444444444444445,1.722222222222222,0.9444444444444443,16.444444444444443,0.5555555555555556,0.1111111111111111,17.11111111111111,17.277777777777775,0.7,0.4814814814814814,0.8299319727891157,0.0625,0.5599999999999999,0.8571428571428571,0.7681159420289855,0.5879292403746097,0.6006006006006006,0.625,0.5949656750572083,0.44285714285714295,0.9615384615384616,0.5421245421245422,0.4347826086956522,0.12499999999999989,0.5264957264957264,0.5218120805369126
Da Woon Jung,,No,No,No,Da Woon Jung,0.0,0.3333333333333333,0.0,0.0,0.8916666666666666,4.555555555555555,2.944444444444444,5.5,10.833333333333334,2.1666666666666665,0.0,13.0,30.5,17.27777777777778,35.05555555555556,0.9444444444444443,18.61111111111111,5.055555555555555,6.833333333333333,27.333333333333332,3.1666666666666665,0.0,0.2222222222222222,0.611111111111111,0.16666666666666666,0.0,0.9972222222222222,12.055555555555557,3.8333333333333335,4.055555555555556,14.444444444444445,2.944444444444444,2.555555555555556,19.944444444444446,37.05555555555556,29.222222222222225,47.72222222222222,2.0555555555555554,28.166666666666668,4.555555555555555,4.333333333333333,30.0,3.555555555555556,3.5,1.4444444444444444,16.11111111111111,0.7222222222222222,0.27777777777777773,15.555555555555555,0.611111111111111,0.9444444444444443,17.11111111111111,18.5,0.35294117647058826,0.24477611940298508,0.5824175824175823,0.04878048780487805,0.39634146341463417,0.6842105263157895,,0.4262295081967213,0.4928684627575277,0.7027027027027026,0.571992110453649,0.15853658536585358,0.858974358974359,0.5185185185185185,0.1718750000000001,0.26984126984126977,0.46176911544227883,0.3876600698486612
Israel Adesanya,Switch,Yes,Yes,Yes,Israel Adesanya,0.19583333333333333,0.01818181818181818,0.06666666666666667,0.0404040404040404,0.18689856902356902,9.347727272727273,3.8272979797979794,5.825378787878788,17.411944444444444,0.9322979797979798,0.6561616161616162,19.00040404040404,39.41391414141414,22.64520202020202,43.36371212121212,0.11676767676767677,26.582449494949493,5.789873737373737,7.0415909090909095,37.30512626262627,1.1981060606060605,0.910681818181818,0.0125,0.3421464646464646,0.0,0.02222222222222222,0.6502647306397307,9.047045454545454,3.643611111111111,2.794722222222222,13.761818181818182,1.25260101010101,0.470959595959596,15.485378787878787,34.87613636363636,20.56330808080808,40.57739898989899,1.4822222222222223,26.174469696969698,4.895252525252525,3.806414141414142,32.64790404040404,1.6503282828282828,0.5779040404040404,1.1400757575757576,17.127424242424244,1.2516414141414143,1.0116919191919191,18.886085858585858,0.3977272727272727,0.10694444444444444,19.390757575757576,20.01409090909091,0.15570934256055363,0.35165033510186056,0.6610330645196463,0.0025820611302972596,0.46674401587238185,0.7781431130783012,0.7205168732495911,0.4820735127252784,0.522215486462579,0.7691665530870928,0.6543561126820896,0.25568474919010387,0.9101131795082729,0.5784777434782038,0.24099888298930427,0.18505571334935533,0.5559892693840757,0.4932324744144654
Chepe Mariscal,,No,No,No,Chepe Mariscal,0.0,0.8333333333333334,0.16666666666666666,0.16666666666666666,1.5611111111111111,15.333333333333334,4.166666666666667,4.166666666666667,14.833333333333334,7.0,1.8333333333333333,23.666666666666668,42.166666666666664,48.0,70.66666666666667,2.8333333333333335,31.5,5.666666666666667,5.0,30.5,8.833333333333334,2.8333333333333335,0.0,0.0,0.0,0.16666666666666666,0.2805555555555555,7.666666666666667,7.333333333333333,2.6666666666666665,14.666666666666666,3.0,0.0,17.666666666666668,39.5,21.333333333333332,43.333333333333336,0.16666666666666666,26.833333333333332,9.666666666666666,3.0,34.666666666666664,4.833333333333333,0.0,0.16666666666666666,19.166666666666668,2.3333333333333335,0.3333333333333333,20.0,1.8333333333333333,0.0,21.833333333333332,22.0,0.29411764705882354,0.4867724867724868,0.7352941176470589,0.16666666666666669,0.4863387978142077,0.7924528301886792,0.6470588235294117,0.5612648221343874,0.6792452830188679,1.0,0.7142857142857142,0.24137931034482762,1.0,0.5769230769230769,0.3793103448275862,,0.5527426160337552,0.5076923076923077
Jack Jenkins,,No,No,No,Jack Jenkins,0.0,0.6666666666666666,0.0,0.0,0.935185185185185,11.166666666666666,5.777777777777778,5.111111111111111,16.666666666666668,3.222222222222222,2.1666666666666665,22.055555555555554,37.166666666666664,29.444444444444443,47.55555555555555,0.888888888888889,22.777777777777775,7.4444444444444455,6.9444444444444455,30.61111111111111,3.8888888888888893,2.6666666666666665,0.0,0.38888888888888884,0.3333333333333333,0.5,1.2657407407407408,8.111111111111112,5.333333333333333,3.6666666666666665,12.055555555555555,3.2777777777777772,1.777777777777778,17.11111111111111,40.111111111111114,36.111111111111114,62.666666666666664,1.3888888888888886,25.944444444444446,8.777777777777779,5.388888888888889,32.94444444444445,5.111111111111111,2.0555555555555554,1.0,17.833333333333332,3.444444444444444,1.7222222222222223,20.88888888888889,1.8333333333333333,0.27777777777777773,23.0,26.555555555555557,0.7499999999999999,0.49024390243902444,0.7761194029850745,0.09599999999999997,0.544464609800363,0.8285714285714284,0.8125,0.593423019431988,0.6191588785046729,0.72,0.6873661670235546,0.39240506329113933,0.9278350515463918,0.6340640809443508,0.3586956521739131,0.13513513513513498,0.5734072022160666,0.4237588652482269
John Makdessi,Orthodox,No,No,No,John Makdessi,0.10555555555555556,0.0,0.0,0.0,0.07467592592592591,13.702777777777778,6.498611111111111,6.654166666666666,25.13888888888889,1.2555555555555555,0.4611111111111111,26.855555555555554,53.888888888888886,28.77361111111111,56.25138888888889,0.07777777777777778,34.40555555555556,11.293055555555554,8.190277777777778,50.645833333333336,2.2875,0.9555555555555556,0.08194444444444444,0.14027777777777778,0.016666666666666666,0.0,0.18083333333333332,11.566666666666668,4.009722222222222,4.463888888888889,18.766666666666666,0.8291666666666666,0.4444444444444444,20.040277777777778,62.78472222222222,20.876388888888886,63.71805555555556,1.0125,49.981944444444444,7.1375,5.665277777777778,60.794444444444444,1.323611111111111,0.6666666666666666,0.8722222222222222,38.41527777777778,3.1277777777777778,1.201388888888889,42.02777777777778,0.49444444444444446,0.2222222222222222,42.74444444444445,42.84166666666667,0.0,0.3982722428548361,0.5754519739269462,0.0,0.4963663787193199,0.548876745598057,0.4825581395348837,0.4983505154639175,0.511518234117676,0.8614540466392318,0.7685830994525801,0.43821755205292867,0.9752390291738171,0.6913095129306406,0.3735571878279119,0.33333333333333337,0.6808096449507798,0.672363057741352
Austen Lane,Orthodox,No,No,No,Austen Lane,0.0,0.0,0.0,0.0,0.0,2.0,1.5,1.5,5.0,0.0,0.0,5.0,9.5,5.0,10.0,0.0,6.0,2.0,1.5,9.5,0.0,0.0,0.5,0.0,0.0,0.0,0.04166666666666665,4.5,0.0,1.0,3.0,0.0,2.5,5.5,8.5,5.5,8.5,0.0,7.0,0.0,1.5,6.0,0.0,2.5,0.0,2.5,0.0,0.5,3.0,0.0,0.0,3.0,3.0,,0.3333333333333333,0.75,0.0,0.5263157894736842,,,0.5263157894736842,0.5,,0.3571428571428571,,1.0,0.5,,0.0,0.3529411764705882,0.3529411764705882
Justin Tafa,Southpaw,No,No,No,Justin Tafa,0.16666666666666666,0.0,0.0,0.0,0.44027777777777777,13.375,7.333333333333333,2.5,20.041666666666668,2.875,0.2916666666666667,23.208333333333332,41.333333333333336,27.5,45.625,0.3333333333333333,29.791666666666668,8.833333333333334,2.7083333333333335,37.416666666666664,3.5,0.4166666666666667,0.041666666666666664,0.0,0.041666666666666664,0.0,0.18888888888888888,16.875,9.291666666666666,3.2083333333333335,24.875,4.5,0.0,29.375,56.166666666666664,32.791666666666664,59.791666666666664,0.20833333333333334,41.166666666666664,11.666666666666666,3.3333333333333335,50.708333333333336,5.458333333333333,0.0,0.20833333333333334,24.291666666666668,2.375,0.125,25.833333333333332,0.9583333333333334,0.0,26.791666666666668,27.0,0.0,0.4489510489510489,0.830188679245283,0.0,0.5356347438752784,0.8214285714285714,0.7000000000000001,0.5614919354838709,0.6027397260273972,1.0,0.590080971659919,0.20357142857142863,1.0,0.5094494658997535,0.17557251908396942,,0.47700296735905046,0.4515679442508711
Kiefer Crosbie,,No,No,No,Kiefer Crosbie,0.0,0.0,0.0,0.0,0.0,20.0,9.0,10.0,36.0,3.0,0.0,39.0,59.0,45.0,66.0,0.0,37.0,12.0,10.0,52.0,7.0,0.0,0.0,1.0,1.0,0.0,0.75,18.0,4.0,7.0,25.0,4.0,0.0,29.0,58.0,39.0,69.0,1.0,44.0,5.0,9.0,54.0,4.0,0.0,0.0,26.0,1.0,2.0,29.0,0.0,0.0,29.0,30.0,,0.5405405405405406,0.75,0.0,0.6923076923076923,0.42857142857142855,,0.6610169491525424,0.6818181818181818,0.0,0.5909090909090908,0.19999999999999996,0.8888888888888888,0.537037037037037,0.0,,0.5,0.4347826086956522
Manel Kape,Southpaw,No,No,No,Manel Kape,0.3055555555555555,0.25,0.1111111111111111,0.05555555555555555,0.21203703703703702,17.38888888888889,5.027777777777778,3.472222222222222,22.86111111111111,0.9444444444444445,2.0833333333333335,25.88888888888889,48.166666666666664,27.722222222222225,50.77777777777778,0.6388888888888888,37.416666666666664,6.666666666666667,4.083333333333333,43.444444444444436,1.277777777777778,3.4444444444444446,0.0,0.25,0.05555555555555555,0.0,0.3439814814814814,11.138888888888888,6.833333333333333,4.555555555555556,21.527777777777775,0.6388888888888888,0.36111111111111116,22.527777777777775,55.77777777777778,25.666666666666668,60.30555555555555,1.2777777777777777,37.75,11.5,6.527777777777778,54.02777777777778,1.027777777777778,0.7222222222222223,1.027777777777778,26.61111111111111,4.666666666666667,1.972222222222222,32.5,0.38888888888888884,0.3611111111111111,33.25,34.63888888888889,0.391304347826087,0.46473645137342245,0.7541666666666667,0.06122448979591837,0.5262148337595909,0.7391304347826086,0.6048387096774194,0.5374855824682815,0.5459518599562364,0.8043478260869565,0.7049300956585725,0.4057971014492754,0.9617021276595745,0.6015424164524422,0.3783783783783785,0.5,0.5961155378486056,0.5743896821741132
Gabriel Miranda,,No,No,No,Gabriel Miranda,0.0,0.5,0.25,0.0,0.21666666666666667,3.75,2.0,0.25,5.25,0.75,0.0,6.0,11.5,9.25,15.5,1.25,8.75,2.25,0.5,10.75,0.75,0.0,1.0,0.25,0.0,0.0,0.8333333333333334,10.25,1.5,0.75,7.25,0.5,4.75,12.5,20.5,22.25,31.25,0.25,17.75,2.0,0.75,13.75,0.5,6.25,0.0,7.5,0.5,0.0,6.5,0.0,1.5,8.0,9.0,0.4,0.42857142857142855,0.8888888888888888,1.0,0.4883720930232558,1.0,,0.5217391304347826,0.5967741935483871,0.0,0.4225352112676056,0.25,0.6666666666666667,0.4727272727272728,0.0,0.24,0.3902439024390244,0.28800000000000003
Shane Young,Orthodox,No,No,No,Shane Young,0.08333333333333333,0.1976190476190476,0.0,0.0,0.35638888888888887,14.183333333333332,6.164285714285715,3.766666666666667,22.50238095238095,1.6119047619047617,0.0,24.114285714285714,59.93571428571429,26.204761904761906,62.35476190476191,1.0904761904761904,46.71666666666667,8.57857142857143,4.64047619047619,57.445238095238096,2.4904761904761905,0.0,0.047619047619047616,0.557142857142857,0.047619047619047616,0.0,0.7891269841269842,18.36904761904762,2.926190476190476,5.195238095238095,22.973809523809525,2.323809523809524,1.1928571428571428,26.490476190476187,55.142857142857146,28.673809523809524,57.67142857142857,1.5928571428571427,45.47142857142857,4.266666666666667,5.404761904761905,50.06190476190476,3.4928571428571424,1.588095238095238,1.0357142857142858,27.10238095238095,1.3404761904761904,0.20952380952380953,27.08809523809524,1.1690476190476191,0.3952380952380952,28.652380952380952,28.99761904761905,0.1812227074235808,0.3036032821976453,0.7185678601165695,0.04258594150846588,0.39171882123761753,0.647227533460803,,0.4023358360147777,0.42025277788384435,0.6502242152466369,0.5960309980102627,0.3141741071428572,0.8969162995594714,0.5410919813564159,0.33469665985003394,0.2488755622188905,0.5196027633851469,0.5028073652051854
Alexander Volkov,Orthodox,No,No,No,Alexander Volkov,0.11888888888888889,0.15555555555555553,0.016666666666666666,0.0,0.3295370370370371,13.974444444444444,4.114444444444445,3.9588888888888887,19.128888888888888,1.5211111111111113,1.3977777777777778,22.047777777777778,41.63666666666667,32.67,53.2,0.26555555555555554,31.53888888888889,5.433333333333334,4.664444444444444,37.58444444444444,2.2711111111111113,1.781111111111111,0.03555555555555555,0.638888888888889,0.013333333333333332,0.057777777777777775,1.1384814814814814,8.184444444444443,3.434444444444444,3.0100000000000002,12.148888888888889,0.8477777777777777,1.6322222222222222,14.62888888888889,32.11222222222223,18.503333333333334,36.82444444444444,2.322222222222222,23.322222222222223,4.912222222222222,3.8777777777777778,28.68777777777778,1.1177777777777778,2.3066666666666666,1.6833333333333331,15.13777777777778,1.4777777777777779,0.8677777777777778,16.538888888888888,0.27,0.6744444444444444,17.483333333333334,18.32111111111111,0.5857740585774058,0.44308613704421346,0.7572597137014315,0.03334921391138637,0.508957606574824,0.6697651663405089,0.7847785402370555,0.5295279267739439,0.6140977443609023,0.7248803827751196,0.6490709861838971,0.3008369147251754,0.835243553008596,0.5765134203493552,0.24155069582504973,0.29238921001926776,0.5444448288986541,0.49752579808098474
Tai Tuivasa,Southpaw,No,No,No,Tai Tuivasa,0.24404761904761907,0.0,0.0,0.0,0.3772156084656084,9.234126984126984,2.8174603174603177,3.5396825396825395,11.928571428571429,3.293650793650794,0.36904761904761907,15.591269841269842,32.541666666666664,16.83928571428571,33.95634920634921,0.07142857142857142,24.061507936507937,3.660714285714286,4.819444444444444,27.468253968253972,4.561507936507937,0.511904761904762,0.24801587301587302,0.37896825396825395,0.08333333333333333,0.0,0.6236441798941798,16.238095238095237,4.533730158730159,1.9067460317460316,18.416666666666668,1.7738095238095237,2.488095238095238,22.678571428571427,39.702380952380956,25.765873015873016,43.17063492063492,0.7361111111111112,31.561507936507933,5.632936507936507,2.507936507936508,33.736111111111114,2.3115079365079363,3.654761904761905,0.35714285714285715,15.323412698412698,1.099206349206349,0.6011904761904762,15.319444444444443,0.5376984126984127,1.1666666666666667,17.023809523809522,17.404761904761905,0.0,0.38377174898985733,0.7696476964769647,0.0,0.43426755273042467,0.7220530665506742,0.7209302325581395,0.479117127004451,0.49590978146546677,0.48517520215633425,0.4855095241088828,0.19513913349771028,0.8488924050632911,0.4540963359407164,0.23261802575107293,0.3192182410423453,0.4287856071964019,0.4031620553359684
Anton Turkalj,,No,No,No,Anton Turkalj,0.0,1.6666666666666667,0.0,0.3333333333333333,1.4370370370370367,6.222222222222222,1.5555555555555556,2.0,6.777777777777778,1.2222222222222223,1.7777777777777777,9.777777777777777,17.22222222222222,19.222222222222225,28.0,4.777777777777778,11.666666666666666,2.222222222222222,3.3333333333333335,14.111111111111112,1.3333333333333333,1.7777777777777777,0.1111111111111111,2.2222222222222223,0.5555555555555555,1.3333333333333333,2.011111111111111,8.666666666666666,1.6666666666666667,1.0,7.222222222222221,0.6666666666666666,3.4444444444444446,11.333333333333334,23.0,15.888888888888891,27.777777777777782,2.6666666666666665,19.11111111111111,2.6666666666666665,1.2222222222222223,16.88888888888889,1.7777777777777777,4.333333333333333,0.4444444444444444,10.444444444444445,1.0,0.2222222222222222,9.666666666666666,1.1111111111111112,0.888888888888889,11.666666666666666,11.888888888888888,0.3488372093023256,0.5333333333333333,0.7000000000000001,0.5,0.4803149606299212,0.9166666666666667,1.0,0.567741935483871,0.6865079365079366,0.16666666666666663,0.5465116279069768,0.3749999999999999,-0.8181818181818181,0.5723684210526316,0.625,0.20512820512820507,0.5072463768115942,0.42800000000000005
Ange Loosa,Orthodox,No,No,No,Ange Loosa,0.0,0.8888888888888888,0.0,0.0,1.298148148148148,21.444444444444446,6.666666666666667,6.888888888888888,25.333333333333332,4.777777777777778,4.888888888888888,35.0,69.77777777777779,50.666666666666664,87.77777777777777,1.7777777777777777,52.555555555555564,9.222222222222223,8.0,56.111111111111114,7.666666666666667,6.0,0.0,0.0,0.0,0.0,0.19074074074074074,24.444444444444446,5.666666666666667,3.777777777777778,32.0,1.5555555555555556,0.3333333333333333,33.888888888888886,69.33333333333333,37.111111111111114,73.22222222222221,0.6666666666666666,57.333333333333336,7.666666666666667,4.333333333333333,66.22222222222223,2.4444444444444446,0.6666666666666666,0.6666666666666666,32.88888888888889,2.0,0.5555555555555555,34.22222222222222,0.8888888888888888,0.3333333333333333,35.44444444444444,36.11111111111111,0.5,0.40803382663847776,0.7228915662650602,0.1111111111111111,0.45148514851485144,0.6231884057971014,0.8148148148148148,0.501592356687898,0.5772151898734177,1.0,0.5736434108527131,0.26086956521739124,1.0,0.5167785234899329,0.36363636363636365,0.5,0.5112179487179487,0.49317147192716226
Rhys McKee,Orthodox,No,No,No,Rhys McKee,0.0,0.0,0.0,0.0,0.03518518518518517,19.38888888888889,7.944444444444444,2.388888888888889,27.555555555555557,1.6666666666666667,0.5,29.722222222222225,59.55555555555555,33.333333333333336,63.888888888888886,0.4444444444444444,46.833333333333336,9.722222222222221,3.0,56.333333333333336,2.555555555555556,0.6666666666666666,0.0,1.5555555555555554,0.1111111111111111,0.0,1.7138888888888892,37.0,5.611111111111111,2.3333333333333335,27.444444444444443,8.166666666666666,9.333333333333334,44.94444444444445,80.66666666666667,57.55555555555555,97.27777777777777,2.2777777777777777,70.6111111111111,7.5555555555555545,2.5,55.5,11.888888888888888,13.277777777777777,0.7222222222222222,33.611111111111114,1.9444444444444446,0.16666666666666666,28.055555555555557,3.722222222222222,3.944444444444444,35.72222222222222,39.72222222222222,0.0,0.4139976275207592,0.8171428571428572,0.0,0.4891518737672584,0.6521739130434783,0.75,0.49906716417910457,0.5217391304347827,0.3170731707317074,0.47600314712824543,0.25735294117647056,0.3777777777777779,0.5055055055055055,0.3130841121495327,0.2970711297071129,0.44283746556473824,0.4083380925185608
Thiago Moises,Orthodox,No,No,No,Thiago Moises,0.0,0.38257575757575757,0.32196969696969696,0.0,0.6384048821548822,6.090909090909091,1.3042929292929293,1.5909090909090908,7.025252525252525,0.547979797979798,1.4128787878787878,8.98611111111111,23.23989898989899,12.205808080808081,27.021464646464647,0.9154040404040404,19.005050505050505,2.313131313131313,1.9217171717171717,20.819444444444443,0.7272727272727273,1.6931818181818181,0.022727272727272728,0.7070707070707071,0.3194444444444444,0.050505050505050504,1.418855218855219,7.834595959595959,5.3813131313131315,3.4595959595959593,10.992424242424242,1.8800505050505052,3.8030303030303028,16.67550505050505,36.42297979797979,30.755050505050505,53.9520202020202,1.5795454545454546,24.90909090909091,7.571969696969697,3.941919191919192,27.6540404040404,2.573232323232323,6.195707070707071,0.8724747474747475,17.074494949494948,2.1906565656565657,0.4823232323232323,16.66161616161616,0.6931818181818181,2.3926767676767677,19.747474747474747,23.196969696969695,0.4179310344827586,0.3204889715652405,0.5638646288209607,0.19908015768725362,0.3374370792649645,0.7534722222222222,0.8344519015659956,0.38666739106813,0.45170786411849917,0.5523581135091926,0.6854724249797243,0.28931132232783063,0.820627802690583,0.6025020546068851,0.26938174681059857,0.38618300387201965,0.5421707629909522,0.4299555347531009
Ciryl Gane,Orthodox,No,Yes,Yes,Ciryl Gane,0.06897546897546898,0.2245310245310245,0.20865800865800868,0.0,0.42081289081289075,11.076190476190478,6.651082251082251,7.064069264069265,22.55959595959596,1.6106782106782105,0.621067821067821,24.79134199134199,42.16969696969697,27.377777777777776,44.77431457431457,1.0193362193362194,25.033189033189036,8.646753246753246,8.48975468975469,39.51197691197691,1.8340548340548337,0.8236652236652237,0.02222222222222222,0.22683982683982684,0.01818181818181818,0.06666666666666667,0.4744829244829244,4.424242424242424,1.9454545454545453,4.486868686868687,10.33015873015873,0.35815295815295817,0.16825396825396824,10.856565656565657,28.536796536796537,12.880519480519482,31.11861471861472,0.3567099567099567,19.623665223665224,3.322077922077922,5.591053391053391,27.507647907647907,0.7085137085137084,0.32063492063492066,0.12987012987012986,15.1994227994228,1.3766233766233766,1.1041847041847042,17.17748917748918,0.3503607503607503,0.15238095238095237,17.68023088023088,18.238095238095237,0.22027180067950164,0.442460225962647,0.7691999599479323,0.026447292381956006,0.5709558904089578,0.8782061369000788,0.754029432375613,0.5878947152301565,0.6114616837369394,0.36407766990291257,0.7745455615036179,0.41438623924941365,0.959428069994322,0.6244623035440753,0.49450101832993887,0.47524752475247534,0.6195590614886731,0.5860831339380113
Serghei Spivac,Orthodox,No,No,No,Serghei Spivac,0.0,1.147186147186147,0.10822510822510822,0.0,1.7276815776815777,15.816738816738818,0.5339105339105339,0.15584415584415584,7.8181818181818175,0.8686868686868686,7.81962481962482,16.50649350649351,33.02886002886003,36.83549783549784,56.58730158730159,1.7864357864357865,32.261183261183255,0.5815295815295816,0.18614718614718614,21.821067821067818,1.4386724386724385,9.76911976911977,0.06060606060606061,0.1717171717171717,0.047619047619047616,0.0,0.7354016354016354,9.52958152958153,3.6695526695526692,2.0634920634920637,11.816738816738818,1.499278499278499,1.9466089466089465,15.262626262626263,30.93506493506494,24.264069264069263,41.43434343434343,0.7417027417027416,23.73160173160173,5.109668109668109,2.093795093795094,25.821067821067818,2.0115440115440117,3.102453102453102,0.5699855699855699,14.202020202020202,1.44011544011544,0.030303030303030304,14.004329004329003,0.5122655122655123,1.155844155844156,15.672438672438673,17.170274170274173,0.6421647819063004,0.4902715033322898,0.9181141439205954,6.162790697674418,0.3582859410130935,0.6038114343029087,0.8004431314623337,0.4997597099043209,0.6509498916231035,0.7684824902723735,0.5984433904900888,0.28184128777181594,0.9179875947622329,0.5423605677880853,0.2546628407460547,0.3725581395348837,0.5066237522156918,0.41439715818067835
Kleydson Rodrigues,Orthodox,No,No,No,Kleydson Rodrigues,0.1111111111111111,0.4444444444444444,0.3333333333333333,0.6666666666666666,0.9333333333333332,9.777777777777779,7.222222222222222,1.6666666666666667,15.0,1.777777777777778,1.8888888888888886,18.666666666666668,31.444444444444446,24.0,37.111111111111114,1.8888888888888886,21.0,8.555555555555555,1.888888888888889,27.111111111111114,2.3333333333333335,2.0,0.0,0.2222222222222222,0.1111111111111111,0.0,1.8055555555555554,11.555555555555557,4.444444444444445,2.222222222222222,9.555555555555555,2.0,6.666666666666667,18.22222222222222,32.11111111111111,42.55555555555556,60.333333333333336,0.5555555555555556,23.222222222222218,6.111111111111111,2.7777777777777772,20.555555555555557,2.7777777777777772,8.777777777777777,0.3333333333333333,11.666666666666666,1.6666666666666667,0.5555555555555556,11.0,0.7777777777777778,2.111111111111111,13.888888888888888,17.77777777777778,0.23529411764705885,0.46560846560846564,0.8441558441558442,0.2352941176470588,0.5532786885245901,0.7619047619047619,0.9444444444444443,0.5936395759717314,0.6467065868263473,0.6000000000000001,0.5023923444976075,0.2727272727272726,0.9199999999999999,0.5351351351351352,0.2799999999999998,0.2405063291139239,0.4325259515570934,0.2946593001841621
Manon Fiorot,Orthodox,No,No,No,Manon Fiorot,0.05555555555555555,0.4444444444444444,0.0,0.0,0.5981481481481481,17.38888888888889,7.305555555555556,4.361111111111112,25.36111111111111,2.3055555555555554,1.3888888888888886,29.055555555555554,73.8888888888889,32.166666666666664,77.41666666666667,0.9722222222222222,59.80555555555555,9.38888888888889,4.694444444444445,67.94444444444444,3.777777777777778,2.1666666666666665,0.0,0.05555555555555555,0.0,0.0,0.12314814814814813,7.4444444444444455,4.861111111111112,4.055555555555555,14.777777777777779,1.3888888888888886,0.19444444444444442,16.36111111111111,53.02777777777777,20.02777777777778,56.97222222222222,0.7777777777777778,39.13888888888889,8.444444444444445,5.444444444444444,50.666666666666664,2.1666666666666665,0.19444444444444442,0.7222222222222222,31.694444444444443,3.5833333333333335,1.388888888888889,35.888888888888886,0.7777777777777778,0.0,36.666666666666664,36.94444444444444,0.45714285714285713,0.290757083139805,0.7781065088757397,0.09467455621301774,0.3732624693376942,0.6102941176470588,0.641025641025641,0.3932330827067668,0.4155005382131323,0.9285714285714286,0.8097941802696949,0.42434210526315785,0.9897959183673469,0.7083333333333333,0.35897435897435903,0.0,0.6914614981665793,0.6484641638225256
Rose Namajunas,Orthodox,Yes,No,Yes,Rose Namajunas,0.06103896103896104,0.5173160173160174,0.21897546897546896,0.06428571428571428,1.0702284752284752,11.861399711399711,2.5096681096681097,1.3895382395382394,12.445310245310244,0.9240981240981242,2.391197691197691,15.76060606060606,39.061904761904756,19.735353535353532,43.795959595959594,0.8857142857142858,33.41637806637807,3.948124098124098,1.6974025974025975,34.48253968253968,1.481096681096681,3.098268398268398,0.0,0.40692640692640686,0.02222222222222222,0.0,0.32751443001443004,7.477344877344876,3.2333333333333334,4.762842712842713,12.461544011544012,1.9297979797979798,1.0821789321789321,15.473520923520923,41.08152958152958,23.606565656565657,50.957070707070706,1.0651515151515152,30.18953823953824,5.272582972582972,5.61940836940837,36.260894660894664,2.9720057720057715,1.8486291486291484,0.6582251082251082,22.712193362193364,2.039249639249639,0.8565656565656565,23.79935064935065,1.0422077922077921,0.7664502164502165,25.608008658008657,27.350505050505053,0.5840664711632454,0.3549576703925933,0.6356608980099048,0.30476919153277227,0.3609162886459885,0.6239282930631334,0.7717851986400261,0.40347766338257623,0.4506204160708519,0.6179638284901443,0.752319998470462,0.38676482662360756,0.9275855427874431,0.6563365540734138,0.35067488832783056,0.41460463664038716,0.623346036986951,0.5367362109123346
Manolo Zecchini,,No,No,No,Manolo Zecchini,0.0,0.0,0.0,0.0,0.0,5.0,1.0,3.0,9.0,0.0,0.0,9.0,41.0,9.0,41.0,0.0,30.0,4.0,7.0,41.0,0.0,0.0,1.0,0.0,0.0,0.0,0.05,16.0,7.0,3.0,25.0,1.0,0.0,26.0,49.0,26.0,49.0,0.0,37.0,8.0,4.0,47.0,1.0,1.0,0.0,21.0,1.0,1.0,22.0,0.0,1.0,23.0,23.0,,0.16666666666666666,0.25,0.0,0.21951219512195122,,,0.21951219512195122,0.21951219512195122,,0.5675675675675675,0.125,1.0,0.46808510638297873,0.0,1.0,0.4693877551020408,0.4693877551020408
Morgan Charriere,,No,No,No,Morgan Charriere,1.0,0.0,0.0,0.0,0.05,16.0,7.0,3.0,25.0,1.0,0.0,26.0,49.0,26.0,49.0,0.0,37.0,8.0,4.0,47.0,1.0,1.0,0.0,0.0,0.0,0.0,0.0,5.0,1.0,3.0,9.0,0.0,0.0,9.0,41.0,9.0,41.0,0.0,30.0,4.0,7.0,41.0,0.0,0.0,0.0,25.0,3.0,4.0,32.0,0.0,0.0,32.0,32.0,,0.43243243243243246,0.875,0.0,0.5319148936170213,1.0,0.0,0.5306122448979592,0.5306122448979592,,0.8333333333333334,0.75,1.0,0.7804878048780488,,,0.7804878048780488,0.7804878048780488
Joselyne Edwards,Orthodox,No,No,No,Joselyne Edwards,0.0,0.3333333333333333,0.09523809523809523,0.14285714285714285,0.7087301587301588,7.761904761904762,8.095238095238095,7.714285714285713,20.42857142857143,1.9047619047619049,1.2380952380952381,23.571428571428573,44.904761904761905,33.76190476190476,57.14285714285714,1.0,21.333333333333332,13.476190476190476,10.095238095238095,40.714285714285715,2.619047619047619,1.5714285714285714,0.0,0.6190476190476191,0.0,0.19047619047619047,1.796031746031746,8.142857142857144,4.571428571428572,4.095238095238096,11.428571428571429,3.619047619047619,1.7619047619047619,16.80952380952381,34.142857142857146,27.142857142857142,46.904761904761905,1.7619047619047619,22.71428571428571,6.238095238095238,5.190476190476191,26.523809523809522,5.095238095238096,2.5238095238095237,1.142857142857143,14.571428571428571,1.6666666666666667,1.0952380952380951,15.095238095238095,1.4761904761904763,0.7619047619047619,17.333333333333332,19.761904761904763,0.3333333333333333,0.36383928571428575,0.6007067137809187,0.0330188679245283,0.5017543859649123,0.7272727272727273,0.787878787878788,0.5249204665959704,0.5908333333333333,0.6486486486486487,0.641509433962264,0.26717557251908386,0.8807339449541285,0.5691202872531418,0.28971962616822433,0.30188679245283023,0.5076708507670851,0.42131979695431476
Nora Cornolle,,No,No,No,Nora Cornolle,0.0,0.0,0.0,1.0,0.7277777777777779,4.0,5.666666666666667,3.6666666666666665,5.666666666666667,7.666666666666667,0.0,13.333333333333334,25.666666666666668,28.333333333333332,44.666666666666664,0.0,12.333333333333334,8.0,5.333333333333333,13.0,12.666666666666666,0.0,0.0,1.6666666666666667,0.3333333333333333,0.0,2.9,2.0,2.6666666666666665,1.3333333333333333,4.666666666666667,1.3333333333333333,0.0,6.0,14.0,25.0,40.0,2.6666666666666665,6.666666666666667,3.0,4.333333333333333,11.666666666666666,2.0,0.3333333333333333,1.0,4.666666666666667,0.3333333333333333,3.0,7.0,0.6666666666666666,0.3333333333333333,8.0,15.0,,0.3243243243243243,0.7083333333333334,0.0,0.4358974358974359,0.605263157894737,,0.5194805194805194,0.6343283582089553,0.3749999999999999,0.7,0.11111111111111116,0.6153846153846154,0.6,0.33333333333333337,1.0,0.5714285714285714,0.375
Caolan Loughran,,No,No,No,Caolan Loughran,0.0,0.6666666666666666,0.0,0.0,2.1444444444444444,9.333333333333334,4.333333333333333,2.3333333333333335,14.666666666666666,1.0,0.3333333333333333,16.0,44.0,23.333333333333332,55.333333333333336,3.6666666666666665,33.333333333333336,7.666666666666667,3.0,41.666666666666664,2.0,0.3333333333333333,0.0,0.0,0.0,0.0,0.09999999999999998,19.666666666666668,6.0,2.3333333333333335,25.333333333333332,2.3333333333333335,0.3333333333333333,28.0,54.333333333333336,29.0,55.333333333333336,0.0,44.333333333333336,7.666666666666667,2.3333333333333335,50.0,4.0,0.3333333333333333,0.0,24.666666666666668,1.6666666666666667,0.0,24.666666666666668,1.6666666666666667,0.0,26.333333333333332,26.333333333333332,0.18181818181818182,0.27999999999999997,0.5652173913043478,0.2222222222222222,0.352,0.5,1.0,0.36363636363636365,0.4216867469879518,,0.5563909774436091,0.21739130434782616,1.0,0.4933333333333334,0.41666666666666663,0.0,0.48466257668711654,0.47590361445783136
Volkan Oezdemir,Orthodox,No,No,Yes,Volkan Oezdemir,0.11794871794871796,0.1435897435897436,0.025641025641025644,0.0,0.512020757020757,12.787179487179486,2.873992673992674,4.30989010989011,15.213553113553113,2.8465201465201466,1.910989010989011,19.97106227106227,42.18205128205128,29.01208791208791,52.06300366300366,0.532967032967033,33.173260073260074,4.113919413919414,4.894871794871794,35.137362637362635,4.2534798534798535,2.7912087912087915,0.05897435897435898,0.43772893772893773,0.17216117216117213,0.0,0.6894932844932845,12.66117216117216,4.012454212454212,1.3835164835164833,15.235164835164833,2.314652014652015,0.5073260073260073,18.057142857142857,41.32344322344323,26.04945054945055,50.12893772893773,2.173260073260073,33.865201465201466,5.861538461538462,1.5967032967032966,37.13992673992674,3.327838827838828,0.8556776556776556,1.7355311355311356,21.204029304029305,1.849084249084249,0.21318681318681318,21.90476190476191,1.0131868131868131,0.3483516483516484,23.266300366300367,24.079487179487177,0.2694158075601375,0.3854664708545432,0.6986020835188317,0.029334730225248826,0.432973677352098,0.6692214950051671,0.6846456692913385,0.47344929096798277,0.557249598964343,0.7985841901230406,0.6261303162722278,0.31546056742907147,0.7258545537967424,0.5897901215086003,0.30445789763346176,0.4071061643835616,0.5630290835276077,0.4803510361558472
William Gomis,,No,No,No,William Gomis,0.0,0.3333333333333333,0.2222222222222222,0.0,1.0296296296296297,3.3333333333333335,2.6666666666666665,6.333333333333333,11.222222222222223,0.7777777777777777,0.3333333333333333,12.333333333333334,26.333333333333332,17.777777777777775,33.77777777777778,0.5555555555555555,13.333333333333334,5.555555555555556,7.4444444444444455,24.666666666666668,1.111111111111111,0.5555555555555555,0.0,0.2222222222222222,0.3333333333333333,0.0,0.8074074074074075,2.2222222222222223,2.111111111111111,2.6666666666666665,5.777777777777779,1.0,0.2222222222222222,7.0,28.666666666666668,11.777777777777779,35.22222222222222,1.222222222222222,19.88888888888889,3.6666666666666665,5.111111111111112,27.222222222222225,1.1111111111111112,0.3333333333333333,1.0,17.666666666666668,1.5555555555555554,2.444444444444444,21.444444444444443,0.1111111111111111,0.1111111111111111,21.666666666666668,23.444444444444443,0.6000000000000001,0.25,0.4799999999999999,0.044776119402985065,0.45495495495495497,0.7000000000000001,0.6000000000000001,0.4683544303797469,0.5263157894736841,0.8181818181818181,0.888268156424581,0.4242424242424242,0.9565217391304348,0.7877551020408163,0.10000000000000009,0.33333333333333337,0.7558139534883721,0.6656151419558359
Yanis Ghemmouri,,No,No,No,Yanis Ghemmouri,0.0,0.0,0.0,0.0,0.9,0.0,2.3333333333333335,7.0,8.0,1.3333333333333333,0.0,9.333333333333334,24.333333333333332,13.333333333333334,29.333333333333332,1.3333333333333333,8.0,3.6666666666666665,12.666666666666666,23.0,1.3333333333333333,0.0,0.0,0.0,0.6666666666666666,0.0,0.3055555555555555,3.3333333333333335,2.0,12.0,15.666666666666666,1.6666666666666667,0.0,17.333333333333332,29.333333333333332,20.333333333333332,33.0,0.0,10.0,5.0,14.333333333333334,27.333333333333332,2.0,0.0,0.0,6.666666666666667,3.0,2.3333333333333335,11.666666666666666,0.3333333333333333,0.0,12.0,12.666666666666666,0.0,0.0,0.6363636363636365,0.0,0.34782608695652173,1.0,,0.3835616438356165,0.4545454545454546,,0.6666666666666666,0.6,1.0,0.426829268292683,0.16666666666666663,,0.40909090909090906,0.38383838383838387
Jacqueline Cavalcanti,,No,No,No,Jacqueline Cavalcanti,0.0,0.0,0.0,0.0,0.04444444444444443,14.333333333333334,6.666666666666667,21.0,38.666666666666664,3.3333333333333335,0.0,42.0,73.66666666666667,42.333333333333336,74.0,0.3333333333333333,42.333333333333336,7.333333333333333,24.0,69.66666666666667,4.0,0.0,0.0,0.0,0.0,0.0,0.0222222222222222,8.333333333333334,2.6666666666666665,2.0,13.0,0.0,0.0,13.0,86.33333333333333,13.0,86.33333333333333,0.6666666666666666,80.33333333333333,4.0,2.0,86.0,0.3333333333333333,0.0,0.6666666666666666,72.0,1.3333333333333333,0.0,73.0,0.3333333333333333,0.0,73.33333333333333,73.33333333333333,0.0,0.33858267716535434,0.9090909090909092,0.0,0.555023923444976,0.8333333333333334,,0.5701357466063348,0.5720720720720721,1.0,0.896265560165975,0.33333333333333337,1.0,0.8488372093023255,1.0,,0.8494208494208494,0.8494208494208494
Zarah Fairn,Orthodox,No,No,No,Zarah Fairn,0.0,0.0,0.0,0.08333333333333333,0.06111111111111109,17.416666666666668,3.3333333333333335,2.0833333333333335,21.5,1.3333333333333333,0.0,22.833333333333332,73.08333333333333,26.166666666666668,77.25,0.3333333333333333,66.58333333333333,4.416666666666667,2.0833333333333335,71.16666666666667,1.9166666666666667,0.0,0.0,0.16666666666666666,0.08333333333333333,0.0,0.8013888888888889,18.666666666666668,7.75,9.333333333333334,27.916666666666668,4.5,3.3333333333333335,35.75,66.41666666666667,39.833333333333336,71.25,0.5,45.583333333333336,9.916666666666666,10.916666666666666,55.583333333333336,6.5,4.333333333333333,0.3333333333333333,26.916666666666668,2.1666666666666665,1.5833333333333333,27.666666666666668,2.0,1.0,30.666666666666668,31.416666666666668,0.0,0.2615769712140176,0.7547169811320754,0.0,0.30210772833723654,0.6956521739130435,,0.31242873432155077,0.33872707659115425,0.6666666666666667,0.5904936014625228,0.2184873949579832,0.9847328244274809,0.49775112443778113,0.3076923076923077,0.23076923076923073,0.46173149309912176,0.44093567251461985
Aljamain Sterling,Orthodox,Yes,No,Yes,Aljamain Sterling,0.0,0.454854330396126,0.15999047392236249,0.021052631578947368,1.0597556296472705,10.355108359133126,7.133118996586489,4.080590616813526,15.200150829562594,3.496364213701675,2.8723029292688738,21.568817972533147,39.90043661189172,30.498785425101214,49.53760419147416,3.2492895133762003,24.882479955544973,9.878328173374612,5.139628482972137,31.703580217512105,4.4699372866555525,3.7269191077240613,0.05386996904024768,0.4291577359688814,0.011764705882352941,0.010526315789473684,1.0997475589426053,7.50758117011987,4.3058029689608635,3.5231007382710167,11.61404302611733,2.418480590616814,1.3039612606176074,15.33648487735175,30.09609430816861,24.137127887592282,39.728451218544095,0.8638723505596569,20.36856394379614,5.785091688497261,3.9424386758752084,25.034222433912838,3.341057394617766,1.720814479638009,0.43471461459077554,12.860982773676273,1.4792887195363975,0.4193379376041914,13.420179407795507,0.9225768040009527,0.4168532190204017,14.759609430816862,15.591323330951814,0.13998578105264187,0.416160622961761,0.7220977954359346,0.08849945709171055,0.47944587725667925,0.782195361921439,0.7706909772514272,0.540565963784589,0.6156693671986324,0.503216261417728,0.6314133293424189,0.2557070482526196,0.8911440934782302,0.5360733469243183,0.2761331803180531,0.2422418127886109,0.49041610780741207,0.39244729791213795
Gerald Meerschaert,Southpaw,No,No,No,Gerald Meerschaert,0.1111111111111111,0.5672514619883041,0.4802631578947369,0.17470760233918128,0.8553118908382067,10.543859649122806,2.4773391812865495,1.1476608187134503,10.888888888888888,1.898391812865497,1.3815789473684212,14.168859649122808,31.091374269005843,19.149122807017545,37.2171052631579,1.4795321637426901,26.954678362573095,2.971491228070176,1.1652046783625731,26.375,2.642543859649123,2.073830409356725,0.0804093567251462,0.5226608187134503,0.14327485380116958,0.06286549707602339,0.974074074074074,9.305555555555555,2.432748538011696,1.7960526315789476,9.363304093567251,0.9100877192982457,3.260964912280702,13.534356725146198,29.139619883040936,20.628654970760234,37.074561403508774,0.793859649122807,23.7719298245614,3.334795321637427,2.0328947368421053,22.93567251461988,1.355263157894737,4.848684210526316,0.2711988304093567,14.466374269005849,0.902046783625731,0.23684210526315788,13.572368421052632,0.4451754385964912,1.587719298245614,15.605263157894738,16.44590643274854,0.383399209486166,0.3911699300320009,0.83370233702337,0.48682559598494357,0.4128488678251711,0.7183955739972337,0.6661966866408179,0.4557167375919875,0.5145247775617229,0.34162062615101296,0.6085485854858548,0.2704953967558088,0.7428982380438691,0.5917580316165222,0.3284789644012944,0.32745364088647666,0.5355342046509295,0.4435900469261407
Cody Gibson,Orthodox,No,No,No,Cody Gibson,0.15,0.39999999999999997,0.08333333333333333,0.0,0.49740740740740735,16.894444444444446,3.5444444444444443,1.6888888888888889,16.55,5.05,0.5277777777777778,22.127777777777776,48.73333333333333,24.927777777777777,51.833333333333336,1.1500000000000001,41.75555555555555,4.905555555555556,2.0722222222222224,40.5,7.194444444444444,1.038888888888889,0.08333333333333333,0.41111111111111115,0.4166666666666667,0.1111111111111111,0.9723148148148147,14.833333333333334,4.45,3.7944444444444443,16.394444444444446,5.455555555555556,1.2277777777777779,23.07777777777778,51.31666666666666,33.638888888888886,62.43888888888889,1.1666666666666667,40.266666666666666,6.5555555555555545,4.4944444444444445,41.07222222222222,8.516666666666667,1.7277777777777779,0.7555555555555555,25.433333333333334,2.1055555555555556,0.7000000000000001,24.677777777777777,3.0611111111111113,0.5,28.23888888888889,28.8,0.3478260869565217,0.40460351250665255,0.7225368063420158,0.19302949061662195,0.408641975308642,0.701930501930502,0.5080213903743315,0.4540583675330598,0.48092175777063234,0.6476190476190475,0.6316225165562914,0.321186440677966,0.9085290482076638,0.6008386311375625,0.35942596216568823,0.28938906752411575,0.5502868896827974,0.46125100097873484
Chris Weidman,Orthodox,Yes,No,Yes,Chris Weidman,0.041880341880341884,0.8581196581196581,0.12222222222222223,0.0,1.1271509971509972,10.878632478632479,1.6435897435897437,0.9393162393162393,9.582051282051282,1.4273504273504272,2.4521367521367523,13.461538461538462,30.821367521367524,19.334188034188035,37.45811965811966,2.2905982905982905,26.21111111111111,3.373504273504273,1.2367521367521368,25.011965811965812,2.5128205128205128,3.2965811965811964,0.06666666666666667,0.21452991452991452,0.01111111111111111,0.015384615384615385,0.4447863247863248,11.883760683760684,3.1982905982905985,1.763247863247863,10.65128205128205,2.6623931623931627,3.531623931623932,16.845299145299144,32.34444444444445,21.1034188034188,37.15555555555555,0.6512820512820513,26.112820512820512,4.094017094017095,2.1376068376068376,24.46068376068376,3.522222222222222,4.361538461538461,0.4367521367521368,14.22905982905983,0.8957264957264958,0.37435897435897436,13.809401709401708,0.8598290598290598,0.8299145299145299,15.499145299145301,16.052136752136754,0.3746268656716418,0.4150389669677504,0.4872054725107678,0.6938493434692466,0.3830986878075451,0.5680272108843537,0.7438423645320198,0.43675993455533674,0.5161547939579245,0.6706036745406825,0.5449070437287248,0.2187891440501044,0.8996401439424231,0.564555015898529,0.24411550594515885,0.19028022731726424,0.4791903390323179,0.4320252116304748
Da'Mon Blackshear,,No,No,No,Da'Mon Blackshear,0.0,0.6333333333333333,0.2611111111111111,0.3444444444444444,1.1209259259259259,11.233333333333334,4.516666666666667,5.022222222222222,13.716666666666667,4.655555555555556,2.4,20.772222222222222,44.800000000000004,29.622222222222224,55.105555555555554,1.9222222222222223,31.66111111111111,6.677777777777777,6.461111111111111,36.00555555555555,5.6000000000000005,3.1944444444444446,0.0,0.6166666666666667,0.21666666666666667,0.16666666666666666,1.3198148148148148,13.683333333333332,5.405555555555555,2.5166666666666666,14.955555555555556,3.2222222222222228,3.4277777777777776,21.605555555555554,42.416666666666664,27.938888888888886,50.077777777777776,1.8888888888888886,32.699999999999996,6.6499999999999995,3.0666666666666664,33.09444444444444,4.227777777777778,5.094444444444444,1.2722222222222221,19.016666666666666,1.2444444444444445,0.5499999999999999,18.13888888888889,1.0055555555555555,1.6666666666666667,20.811111111111114,22.138888888888886,0.32947976878612717,0.35479908755922096,0.6763727121464227,0.09802235597592433,0.3809597284369696,0.8313492063492063,0.7513043478260869,0.46366567460317454,0.5375541889303358,0.6735294117647058,0.5815494393476045,0.1871345029239766,0.7989130434782609,0.5480946785294611,0.2378449408672798,0.3271537622682661,0.4906352324819908,0.4420900820945196
Karine Silva,Orthodox,No,No,No,Karine Silva,0.3333333333333333,1.0,1.0,0.0,0.9944444444444445,8.333333333333334,4.0,4.333333333333333,10.666666666666666,3.6666666666666665,2.3333333333333335,16.666666666666668,43.666666666666664,26.333333333333332,54.333333333333336,1.0,28.666666666666668,6.333333333333333,8.666666666666666,36.666666666666664,4.0,3.0,0.0,0.0,0.0,0.3333333333333333,0.561111111111111,6.0,4.333333333333333,1.3333333333333333,9.666666666666666,2.0,0.0,11.666666666666666,27.0,15.0,31.0,0.0,19.333333333333332,6.0,1.6666666666666667,24.333333333333332,2.6666666666666665,0.0,0.0,13.333333333333334,1.6666666666666667,0.3333333333333333,14.666666666666666,0.6666666666666666,0.0,15.333333333333334,16.0,1.0,0.29069767441860467,0.6315789473684211,0.11538461538461539,0.2909090909090909,0.9166666666666666,0.7777777777777778,0.3816793893129771,0.48466257668711654,,0.6896551724137931,0.2777777777777778,1.0,0.6027397260273972,0.25,,0.5679012345679013,0.5161290322580645
Austin Hubbard,Orthodox,No,No,No,Austin Hubbard,0.0,0.5154761904761904,0.0,0.13333333333333333,0.9931349206349207,9.348809523809523,4.414285714285715,4.6499999999999995,15.25595238095238,1.2666666666666666,1.8904761904761906,18.413095238095238,38.800000000000004,28.758333333333336,52.39047619047619,1.0083333333333333,25.827380952380953,7.69047619047619,5.2821428571428575,34.42619047619048,1.9261904761904762,2.447619047619048,0.0,0.7130952380952381,0.17857142857142858,0.06666666666666667,1.1280158730158731,9.33095238095238,2.4321428571428574,3.9226190476190474,12.463095238095237,1.6904761904761905,1.5321428571428573,15.685714285714285,36.201190476190476,20.83452380952381,42.01190476190476,1.9166666666666667,27.18095238095238,4.3880952380952385,4.632142857142857,32.41547619047619,1.9666666666666668,1.819047619047619,1.2035714285714285,17.849999999999998,1.9559523809523809,0.7095238095238096,19.952380952380953,0.27619047619047615,0.28690476190476194,20.51547619047619,21.177380952380954,0.5112160566706021,0.36197280479373123,0.5739938080495357,0.09758846067162495,0.4431495954077045,0.6576019777503089,0.7723735408560312,0.4745643102601865,0.5489229231048901,0.6279503105590063,0.6567098808689559,0.4457406402604449,0.8460549987149832,0.6155202174152559,0.1404358353510896,0.1577225130890052,0.5667072248347529,0.5040804760555397
Kurt Holobaugh,Orthodox,No,No,No,Kurt Holobaugh,0.06666666666666667,0.38888888888888884,0.3333333333333333,0.0,0.8638888888888888,13.911111111111111,4.8500000000000005,2.2055555555555557,15.238888888888889,3.9166666666666665,1.811111111111111,20.966666666666665,47.75555555555556,39.01111111111111,67.61111111111111,1.0222222222222224,38.38888888888889,6.26111111111111,3.1055555555555556,40.4,5.061111111111111,2.2944444444444443,0.1111111111111111,0.8055555555555555,0.35555555555555557,0.0,1.6464814814814812,17.722222222222225,3.0722222222222224,0.8111111111111112,13.35,3.1888888888888887,5.066666666666666,21.605555555555554,39.97777777777778,35.47222222222222,55.916666666666664,1.6166666666666665,35.25,3.8333333333333335,0.8944444444444445,27.53333333333333,5.144444444444445,7.3,0.8111111111111112,17.52777777777778,0.7611111111111111,0.08333333333333333,14.183333333333332,1.9555555555555557,2.2333333333333334,18.372222222222224,20.444444444444443,0.38043478260869557,0.3623733719247467,0.7746228926353151,0.1252236135957066,0.3772002200220022,0.7738748627881449,0.7893462469733655,0.43904141461144713,0.5769926047658176,0.5017182130584192,0.4972419227738376,0.1985507246376811,0.09937888198757783,0.5151331719128329,0.3801295896328295,0.30593607305936077,0.4595608671484158,0.3656234475906607
Ian Garry,Orthodox,No,No,No,Ian Garry,0.27777777777777773,0.2222222222222222,0.0,0.0,0.34629629629629627,19.055555555555554,6.777777777777778,7.916666666666667,30.916666666666668,1.138888888888889,1.6944444444444444,33.75,59.083333333333336,36.77777777777778,62.25,0.3055555555555555,42.805555555555564,8.13888888888889,8.13888888888889,55.02777777777778,1.5833333333333333,2.472222222222222,0.05555555555555555,0.27777777777777773,0.0,0.0,0.5662037037037037,6.694444444444444,3.9166666666666665,6.833333333333333,16.11111111111111,1.1666666666666667,0.16666666666666666,17.444444444444446,37.611111111111114,21.88888888888889,42.77777777777778,0.9444444444444445,23.5,5.75,8.361111111111112,35.38888888888889,1.777777777777778,0.4444444444444444,0.6666666666666666,16.805555555555557,1.8333333333333333,1.5277777777777777,19.277777777777775,0.6111111111111112,0.2777777777777778,20.166666666666668,20.88888888888889,0.7272727272727273,0.4451654769630109,0.8327645051194539,0.0273037542662116,0.5618374558303887,0.7192982456140352,0.6853932584269664,0.5712270803949224,0.5908076751450245,0.7058823529411765,0.7151300236406619,0.3188405797101449,0.9667774086378738,0.544740973312402,0.34375,0.625,0.5361890694239291,0.48831168831168836
Zhang Weili,Switch,Yes,No,Yes,Zhang Weili,0.11523809523809522,0.6695238095238095,0.06857142857142857,0.04,1.1411111111111112,15.568571428571428,4.148571428571429,7.162857142857144,17.72,2.048571428571429,7.111428571428571,26.880000000000003,52.52380952380952,40.373333333333335,67.95428571428572,1.44,36.43714285714286,6.076190476190476,10.010476190476192,40.298095238095236,2.8238095238095235,9.401904761904763,0.02,0.11523809523809522,0.10666666666666666,0.08666666666666666,0.5907460317460318,10.092380952380953,2.9,4.207619047619048,14.431428571428572,1.3657142857142859,1.4028571428571428,17.2,35.983809523809526,20.88952380952381,40.201904761904764,0.24380952380952378,26.157142857142855,3.9990476190476185,5.827619047619048,32.55238095238095,1.6276190476190475,1.8038095238095238,0.12857142857142856,16.064761904761905,1.099047619047619,1.6200000000000003,18.12095238095238,0.2619047619047619,0.40095238095238095,18.783809523809524,19.312380952380952,0.46494708994708994,0.4272720144279777,0.6827586206896552,0.0668823137665303,0.4397230165670125,0.7254637436762228,0.7563816855753646,0.5117679057116955,0.5941249018948312,0.52734375,0.6141634807937375,0.2748273398428196,0.9802255270469031,0.5566705675833821,0.16091281451141004,0.22228088701161564,0.5220072519387027,0.48038472472282767
AJ Dobson,Orthodox,No,No,No,AJ Dobson,0.0,0.5555555555555555,0.0,0.0,0.6462962962962963,10.888888888888891,3.0,5.777777777777778,17.222222222222225,1.6666666666666667,0.7777777777777777,19.666666666666668,42.77777777777777,25.555555555555554,50.444444444444436,0.6666666666666666,32.22222222222222,4.222222222222222,6.333333333333333,38.44444444444444,2.8888888888888893,1.4444444444444446,0.0,0.6666666666666666,0.0,0.0,1.0314814814814814,12.444444444444443,6.222222222222221,9.222222222222221,20.444444444444446,2.2222222222222223,5.222222222222222,27.88888888888889,52.55555555555555,40.0,67.44444444444444,1.8888888888888886,35.11111111111111,7.0,10.444444444444445,42.44444444444445,3.0,7.111111111111112,1.2222222222222223,22.666666666666668,0.7777777777777777,1.222222222222222,22.0,0.7777777777777777,1.888888888888889,24.666666666666668,27.444444444444443,0.8333333333333333,0.3379310344827587,0.7105263157894737,0.08771929824561403,0.44797687861271684,0.5769230769230769,0.5384615384615383,0.45974025974025984,0.5066079295154186,0.6470588235294117,0.6455696202531646,0.11111111111111127,0.9361702127659575,0.5183246073298429,0.2592592592592592,0.265625,0.4693446088794926,0.4069192751235585
Tafon Nchukwi,Orthodox,No,No,No,Tafon Nchukwi,0.06666666666666667,0.24444444444444446,0.0,0.0,0.5222222222222223,12.311111111111112,8.011111111111111,4.2444444444444445,17.122222222222224,6.644444444444445,0.7999999999999999,24.566666666666666,45.13333333333333,30.11111111111111,52.18888888888889,0.43333333333333335,29.222222222222225,10.71111111111111,5.2,35.96666666666667,8.1,1.0666666666666667,0.12222222222222223,0.37777777777777777,0.13333333333333333,0.0,0.6344444444444445,10.033333333333333,2.8777777777777778,3.7777777777777772,14.222222222222223,0.7333333333333334,1.7333333333333334,16.688888888888886,36.81111111111111,19.877777777777776,41.02222222222222,1.0777777777777777,28.477777777777778,3.9333333333333336,4.3999999999999995,33.02222222222222,1.3,2.488888888888889,0.7000000000000001,18.444444444444443,1.0555555555555556,0.6222222222222222,18.8,0.5666666666666667,0.7555555555555555,20.122222222222224,21.144444444444442,0.5641025641025641,0.42129277566539924,0.7479253112033195,0.04700854700854701,0.476058078467717,0.8203017832647463,0.75,0.5443131462333826,0.5769640195869704,0.6494845360824741,0.6476785017557549,0.268361581920904,0.9141414141414141,0.5693135935397038,0.4358974358974359,0.3035714285714286,0.5466344702686388,0.5154387865655471
Cub Swanson,Orthodox,No,No,No,Cub Swanson,0.09896145044886465,0.21864695182772986,0.019221967963386728,0.015384615384615385,0.3363991081382386,14.707786187877721,4.4270609634454035,4.863521680455319,19.63896027694655,2.6968374112538873,1.6625711435780086,23.998368831778443,45.680654814293256,28.928967904711612,51.193404916974714,0.364783195446811,33.77782080619609,5.794050343249428,6.108783664847738,39.94762659156252,3.441260341489174,2.2917678812415656,0.036613272311212815,0.4444287977468756,0.22662676758786598,0.049991198732617495,1.1352764575876704,14.924015724931056,2.880701754385965,2.8111482720178373,15.298750220031684,1.3200962271900487,3.9970193041131252,20.61586575133486,49.70194214633574,29.797969840990437,60.95016135656867,1.6036730622542978,41.07056269436132,4.73330986328698,3.898069588687438,41.648418705626945,2.4186000117350233,5.634923428973773,1.1592442645074224,26.14654696943027,1.8526081089010151,1.0869213166696006,26.34966848559526,1.0985037845449743,1.6379041248606465,29.08607639500088,31.152191515578245,0.5993887727199615,0.43542732588538613,0.7640701583829547,0.03579222375902874,0.4916176992876609,0.7836772413699034,0.7254535492823603,0.5253508061418916,0.5650916939716847,0.7228682028728861,0.6366249998571358,0.39139802007690605,0.8859874644011874,0.6326691217699285,0.4541899360022513,0.29067016535465884,0.5852100569704848,0.5111092542205539
Hakeem Dawodu,Orthodox,No,No,No,Hakeem Dawodu,0.037037037037037035,0.0,0.0,0.14814814814814814,0.4838271604938271,12.281481481481483,7.788888888888889,6.392592592592592,22.099999999999998,4.177777777777778,0.1851851851851852,26.462962962962962,51.94444444444445,32.35925925925926,59.333333333333336,0.07407407407407407,33.0,11.077777777777778,7.866666666666667,46.474074074074075,5.285185185185185,0.1851851851851852,0.03333333333333333,0.611111111111111,0.1037037037037037,0.0,0.734074074074074,10.825925925925924,3.940740740740741,1.5074074074074073,12.52962962962963,2.7148148148148152,1.0296296296296297,16.274074074074075,37.54074074074074,27.437037037037033,50.53703703703704,1.7555555555555555,30.207407407407405,5.092592592592593,2.240740740740741,32.29259259259259,4.114814814814815,1.1333333333333333,1.1444444444444446,19.381481481481483,1.151851851851852,0.7333333333333334,19.762962962962963,1.3999999999999997,0.1037037037037037,21.266666666666666,23.099999999999998,0.0,0.3721661054994389,0.7031093279839519,0.0,0.47553394963340767,0.790469516468115,1.0,0.5094474153297682,0.5453807740324594,0.6518987341772152,0.6416135360470819,0.22618181818181815,0.7272727272727273,0.6119967886225484,0.3402340234023401,0.0915032679738561,0.5664956590370954,0.45709050934408213
Francis Marshall,,No,No,No,Francis Marshall,0.16666666666666666,0.7777777777777778,0.6666666666666666,0.0,1.4453703703703704,4.833333333333333,1.0,0.5,4.555555555555556,0.27777777777777773,1.5,6.333333333333333,36.05555555555555,13.111111111111112,46.111111111111114,1.7777777777777777,33.55555555555556,2.0,0.5,33.77777777777778,0.27777777777777773,2.0,0.0,0.1111111111111111,0.0,0.0,0.525,7.333333333333333,1.7222222222222223,4.888888888888888,9.555555555555555,0.27777777777777773,4.111111111111112,13.944444444444443,28.5,19.38888888888889,34.72222222222222,0.1111111111111111,19.666666666666668,3.4444444444444446,5.388888888888888,21.777777777777782,0.611111111111111,6.111111111111111,0.0,12.333333333333334,1.722222222222222,0.5,12.222222222222223,0.3333333333333333,2.0,14.555555555555555,15.333333333333334,0.43750000000000006,0.14403973509933773,0.5,1.5555555555555556,0.1348684210526316,1.0,0.75,0.17565485362095534,0.28433734939759037,0.0,0.6271186440677967,0.5,0.979381443298969,0.5612244897959184,0.5454545454545454,0.32727272727272716,0.5107212475633529,0.4416
Isaac Dulgarian,,No,No,No,Isaac Dulgarian,0.0,1.0,0.0,0.0,4.3,32.0,0.0,3.0,3.0,0.0,32.0,35.0,53.0,61.0,83.0,1.0,50.0,0.0,3.0,4.0,0.0,49.0,0.0,0.0,0.0,0.0,0.0,0.0,0.0,2.0,2.0,0.0,0.0,2.0,7.0,11.0,16.0,0.0,5.0,0.0,2.0,7.0,0.0,0.0,0.0,5.0,0.0,0.0,5.0,0.0,0.0,5.0,5.0,1.0,0.64,,0.3333333333333333,0.75,,0.6530612244897959,0.660377358490566,0.7349397590361446,,1.0,,1.0,0.7142857142857143,,,0.7142857142857143,0.3125
JP Buys,Orthodox,No,No,No,JP Buys,0.0,0.08333333333333333,0.4166666666666667,0.0,0.21388888888888888,2.25,1.6666666666666667,0.9166666666666666,4.166666666666667,0.5833333333333334,0.08333333333333333,4.833333333333333,15.916666666666666,13.75,25.916666666666668,1.5,10.25,4.083333333333333,1.5833333333333333,15.083333333333334,0.75,0.08333333333333333,1.6666666666666667,0.5833333333333334,0.08333333333333333,0.0,2.4861111111111107,10.583333333333334,1.5,0.5,7.166666666666667,0.8333333333333334,4.583333333333333,12.583333333333334,21.166666666666668,31.416666666666668,41.5,0.8333333333333334,18.916666666666668,1.6666666666666667,0.5833333333333334,11.916666666666666,1.1666666666666667,8.083333333333334,0.25,8.333333333333334,0.16666666666666666,0.08333333333333333,4.75,0.3333333333333333,3.5,8.583333333333334,10.083333333333334,0.05555555555555555,0.21951219512195122,0.4081632653061225,0.05263157894736842,0.27624309392265195,0.7777777777777778,1.0,0.3036649214659686,0.5305466237942122,0.29999999999999993,0.44052863436123346,0.10000000000000009,0.0,0.39860139860139854,0.2857142857142857,0.4329896907216496,0.4055118110236221,0.24297188755020083
Jaqueline Amorim,,No,No,No,Jaqueline Amorim,0.0,0.5,1.1666666666666667,0.3333333333333333,1.9638888888888888,14.666666666666666,1.5,0.16666666666666666,2.8333333333333335,0.0,13.5,16.333333333333332,31.333333333333332,32.166666666666664,52.833333333333336,2.1666666666666665,27.0,3.5,0.8333333333333334,10.666666666666666,0.0,20.666666666666668,0.0,0.3333333333333333,0.0,0.16666666666666666,1.7805555555555557,7.833333333333333,0.5,0.3333333333333333,4.0,1.0,3.6666666666666665,8.666666666666666,23.333333333333332,21.166666666666668,38.833333333333336,0.3333333333333333,21.666666666666668,1.1666666666666667,0.5,15.5,1.3333333333333333,6.5,0.0,13.833333333333334,0.6666666666666666,0.16666666666666666,11.5,0.3333333333333333,2.8333333333333335,14.666666666666666,17.666666666666668,0.23076923076923078,0.5432098765432098,0.42857142857142855,0.6,0.26562500000000006,,0.6532258064516129,0.5212765957446809,0.6088328075709778,0.0,0.6384615384615384,0.5714285714285714,0.33333333333333337,0.7419354838709677,0.25,0.4358974358974359,0.6285714285714286,0.45493562231759654
Juliana Miller,,No,No,No,Juliana Miller,0.0,0.611111111111111,0.6666666666666666,0.0,1.5925925925925926,11.055555555555555,2.944444444444444,1.1666666666666667,8.888888888888888,2.222222222222222,4.055555555555556,15.166666666666666,32.44444444444445,26.333333333333332,45.94444444444445,1.2777777777777777,26.611111111111114,4.444444444444444,1.3888888888888886,22.333333333333332,3.2222222222222228,6.888888888888888,0.0,0.6666666666666666,0.0,0.16666666666666666,1.4805555555555554,12.888888888888891,4.555555555555556,3.277777777777778,14.722222222222223,1.8333333333333333,4.166666666666667,20.722222222222225,30.333333333333332,26.055555555555554,36.5,0.6666666666666666,21.611111111111114,5.277777777777778,3.4444444444444446,22.722222222222218,2.944444444444444,4.666666666666667,0.0,8.722222222222221,0.7222222222222223,0.16666666666666666,8.0,1.1111111111111112,0.5,9.61111111111111,10.444444444444445,0.4782608695652174,0.4154488517745302,0.6625000000000001,0.44000000000000006,0.3980099502487562,0.6896551724137929,0.588709677419355,0.46746575342465746,0.5731559854897218,0.0,0.40359897172236503,0.13684210526315777,0.8064516129032259,0.3520782396088018,0.37735849056603776,0.1071428571428571,0.3168498168498167,0.2861491628614917
Chris Daukaus,Orthodox,No,No,No,Chris Daukaus,0.5625,0.0,0.0,0.0,0.16979166666666667,10.1875,0.9375,0.5625,8.1875,0.8125,2.6875,11.6875,24.6875,12.5625,25.625,0.0625,22.6875,1.375,0.625,18.8125,1.3125,4.5625,0.4375,0.0,0.0,0.0,0.07604166666666666,7.3125,1.0,1.125,7.0,0.625,1.8125,9.4375,21.4375,9.5625,21.5625,0.125,18.6875,1.625,1.125,17.8125,0.9375,2.6875,0.125,11.375,0.625,0.0,10.8125,0.3125,0.875,12.0,12.0,0.0,0.4490358126721763,0.6818181818181818,0.0,0.43521594684385384,0.6190476190476191,0.589041095890411,0.47341772151898737,0.4902439024390244,1.0,0.6086956521739131,0.3846153846153846,1.0,0.6070175438596491,0.33333333333333337,0.32558139534883723,0.5597667638483965,0.5565217391304348
Iasmin Lucindo,,No,No,No,Iasmin Lucindo,0.0,0.7777777777777777,0.1111111111111111,0.0,0.5074074074074074,10.166666666666666,5.166666666666667,1.3888888888888886,16.166666666666668,0.4444444444444444,0.1111111111111111,16.72222222222222,41.88888888888889,19.5,45.111111111111114,1.1111111111111112,33.27777777777778,6.777777777777778,1.8333333333333333,41.0,0.4444444444444444,0.4444444444444444,0.0,0.1111111111111111,0.0,0.0,0.3638888888888889,7.888888888888888,3.2222222222222228,4.666666666666667,14.333333333333334,1.4444444444444446,0.0,15.777777777777779,50.055555555555564,19.555555555555557,55.388888888888886,0.3333333333333333,35.61111111111111,6.944444444444444,7.5,48.166666666666664,1.888888888888889,0.0,0.2222222222222222,27.722222222222225,3.7222222222222228,2.8333333333333335,33.833333333333336,0.4444444444444444,0.0,34.27777777777778,35.833333333333336,0.6999999999999998,0.3055091819699499,0.7622950819672132,0.4242424242424242,0.39430894308943093,1.0,0.25,0.3992042440318302,0.4322660098522167,0.6666666666666667,0.7784711388455539,0.5359999999999998,0.9851851851851852,0.7024221453287197,0.23529411764705876,,0.6847946725860156,0.6469408224674021
Mike Breeden,Orthodox,No,No,No,Mike Breeden,0.0,0.3333333333333333,0.0,0.0,0.4962962962962963,18.666666666666668,12.0,0.5555555555555555,26.333333333333332,4.222222222222222,0.6666666666666666,31.222222222222218,62.22222222222223,34.666666666666664,65.66666666666667,0.7777777777777777,46.11111111111111,15.555555555555555,0.5555555555555555,54.22222222222223,7.0,1.0,0.1111111111111111,2.555555555555556,0.0,0.0,1.0777777777777777,24.666666666666668,5.111111111111111,0.888888888888889,25.555555555555557,2.7777777777777772,2.3333333333333335,30.666666666666668,47.0,32.77777777777778,49.77777777777778,5.333333333333333,40.0,6.0,1.0,39.77777777777778,4.555555555555555,2.6666666666666665,2.7777777777777772,15.333333333333334,0.888888888888889,0.1111111111111111,14.222222222222221,1.777777777777778,0.3333333333333333,16.333333333333332,17.0,0.4285714285714286,0.4048192771084338,0.7714285714285715,0.6000000000000001,0.48565573770491793,0.6031746031746031,0.6666666666666666,0.5017857142857142,0.5279187817258882,0.5208333333333333,0.3833333333333333,0.14814814814814825,-1.5555555555555558,0.35754189944134074,0.3902439024390245,0.12499999999999989,0.34751773049645385,0.3415178571428571
Vicente Luque,Orthodox,No,No,No,Vicente Luque,0.13777777777777778,0.538888888888889,0.12777777777777777,0.01,1.0482407407407408,13.39111111111111,2.6244444444444444,4.567777777777778,18.331111111111113,1.2844444444444445,0.9677777777777777,20.583333333333336,39.047777777777775,26.155555555555555,45.98555555555556,0.8644444444444443,30.25444444444444,3.7888888888888888,5.004444444444444,36.20666666666666,1.4855555555555555,1.3555555555555556,0.06444444444444444,0.5088888888888888,0.03,0.02222222222222222,0.9414999999999999,16.303333333333335,2.9344444444444444,1.6488888888888886,17.232222222222223,2.9322222222222223,0.7222222222222222,20.886666666666667,43.79888888888889,28.986666666666668,54.05666666666666,1.4388888888888889,37.836666666666666,4.078888888888889,1.8833333333333335,38.97555555555556,3.6522222222222225,1.1711111111111112,0.93,21.533333333333335,1.1444444444444444,0.23444444444444446,21.743333333333332,0.72,0.4488888888888889,22.91222222222222,25.07,0.623393316195373,0.4426163281795145,0.6926686217008797,0.10768206039076379,0.5062910452341497,0.8646222887060584,0.7139344262295081,0.527132003528441,0.5687776354894049,0.6463320463320463,0.5691128534930843,0.2805774993189867,0.7297935103244838,0.5578710302753863,0.19714024946759967,0.38330170777988626,0.5231233669042847,0.46377258432509083
Billy Quarantillo,Orthodox,No,No,No,Billy Quarantillo,0.0925925925925926,0.4351851851851852,0.3703703703703704,0.05555555555555555,1.325,22.76851851851852,7.671296296296297,2.1018518518518516,20.24074074074074,6.24537037037037,6.0555555555555545,32.541666666666664,58.800925925925924,51.31481481481482,80.56481481481482,1.8101851851851851,47.050925925925924,9.425925925925926,2.324074074074074,43.63425925925926,7.37037037037037,7.796296296296297,0.0925925925925926,0.6805555555555555,0.07407407407407407,0.17129629629629628,1.2785493827160495,17.509259259259256,5.12962962962963,2.5833333333333335,18.90740740740741,4.435185185185185,1.8796296296296298,25.222222222222225,45.01851851851851,30.5,50.99074074074074,1.8842592592592593,35.375,6.689814814814816,2.9537037037037037,35.879629629629626,5.7407407407407405,3.3981481481481484,1.203703703703704,17.865740740740744,1.5601851851851851,0.3703703703703704,16.97222222222222,1.3055555555555556,1.5185185185185184,19.796296296296294,20.490740740740744,0.24040920716112532,0.48391223064055894,0.8138506876227899,0.18725099601593626,0.46387267904509283,0.8473618090452262,0.7767220902612825,0.553420990473191,0.636938282955982,0.6388206388206389,0.5050386075121058,0.2332179930795849,0.7695924764890283,0.4730322580645161,0.22741935483870968,0.446866485013624,0.4397367338543807,0.40185218812420553
Damon Jackson,Switch,No,No,No,Damon Jackson,0.0,0.6674242424242425,0.48787878787878786,0.30833333333333335,1.9041540404040405,8.982575757575757,3.3068181818181817,0.8613636363636363,8.829545454545455,2.318939393939394,2.0022727272727274,13.150757575757575,32.18787878787879,17.98939393939394,37.807575757575755,2.014393939393939,26.35681818181818,4.909090909090909,0.9219696969696969,25.665909090909093,3.382575757575758,3.139393939393939,0.07196969696969698,0.5848484848484848,0.13257575757575757,0.09696969696969697,0.836199494949495,8.460606060606061,5.671212121212122,1.2825757575757577,9.726515151515152,5.076515151515152,0.6113636363636363,15.414393939393939,30.549242424242426,32.82878787878788,50.23863636363637,1.037121212121212,22.131818181818186,6.924242424242425,1.4931818181818182,23.46136363636364,6.404545454545453,0.6833333333333332,0.4522727272727273,13.671212121212122,1.2530303030303032,0.2106060606060606,13.734848484848484,1.3280303030303031,0.07196969696969698,15.134848484848485,17.409848484848485,0.331327566754419,0.34080653042453507,0.673611111111111,0.7239112571898111,0.3440184184893297,0.6855543113101903,0.6377895752895754,0.40856241762379963,0.4758145313188795,0.4360847333820307,0.6177175326898063,0.1809628008752735,0.6083206494165398,0.5854241338112307,0.2073574639224034,0.10532150776053206,0.4954246745195289,0.34654301440096513
Jake Hadley,Southpaw,No,No,No,Jake Hadley,0.08333333333333333,0.0,0.5833333333333334,0.19444444444444442,0.7384259259259259,7.472222222222221,3.5555555555555554,2.472222222222222,9.444444444444445,0.5833333333333334,3.4722222222222228,13.5,30.222222222222225,19.75,37.19444444444445,0.4444444444444444,22.75,4.75,2.722222222222222,25.055555555555557,1.0833333333333333,4.083333333333333,0.0,0.6666666666666666,0.1111111111111111,0.4166666666666667,2.1810185185185187,6.5,4.027777777777778,2.8333333333333335,11.083333333333334,0.38888888888888884,1.8888888888888886,13.361111111111112,31.194444444444443,18.86111111111111,38.30555555555556,1.1944444444444444,22.055555555555557,5.972222222222222,3.1666666666666665,25.5,0.5,5.194444444444444,0.5277777777777778,15.555555555555555,1.9444444444444446,0.3333333333333333,14.416666666666666,0.1111111111111111,3.3055555555555554,17.833333333333332,19.444444444444446,0.0,0.3284493284493284,0.7485380116959064,0.0,0.376940133037694,0.5384615384615385,0.8503401360544219,0.4466911764705882,0.530993278566094,0.4418604651162791,0.7052896725440807,0.32558139534883723,0.7894736842105263,0.565359477124183,0.22222222222222232,0.6363636363636364,0.5716829919857525,0.5076142131979695
Cory Sandhagen,Switch,No,No,Yes,Cory Sandhagen,0.07076923076923078,0.45406593406593404,0.09615384615384616,0.06857142857142857,1.123635531135531,16.92648351648352,3.364065934065934,3.5316483516483514,20.507032967032966,0.7435164835164836,2.5716483516483515,23.822197802197802,55.082087912087914,31.7467032967033,65.19065934065934,1.3310989010989012,46.85131868131869,4.3356043956043955,3.8951648351648354,49.72901098901099,1.1265934065934067,4.226483516483516,0.02857142857142857,0.30659340659340656,0.15010989010989012,0.02857142857142857,0.498467032967033,9.87131868131868,3.4224175824175824,3.187362637362637,14.827912087912088,1.2085714285714286,0.44461538461538463,16.4810989010989,38.94307692307692,22.363736263736264,45.40747252747253,1.0792307692307692,30.07285714285714,5.006043956043956,3.864175824175824,36.36725274725275,1.8878021978021977,0.6880219780219781,0.7726373626373626,20.201538461538462,1.5836263736263736,0.6768131868131868,21.53934065934066,0.6792307692307692,0.24340659340659337,22.461978021978023,23.043736263736264,0.34112110955172126,0.3612808346253169,0.7759162569067776,0.11657168650905601,0.41237564470293947,0.6599687865782287,0.6084605184472582,0.4324853814586421,0.4869823931494265,0.7159148762855106,0.6717532147202947,0.31634288223027107,0.9206574906154021,0.5922729662599489,0.35979975551545484,0.3537773518607251,0.5767900175516816,0.5074877543513194
Gavin Tucker,Southpaw,No,No,No,Gavin Tucker,0.0,0.8857142857142857,0.44761904761904764,0.09523809523809523,0.8355555555555556,11.723809523809523,4.590476190476191,2.380952380952381,15.076190476190476,2.8095238095238098,0.8095238095238096,18.695238095238093,41.53333333333333,21.961904761904762,45.199999999999996,2.0571428571428574,32.304761904761904,6.6190476190476195,2.6095238095238096,36.304761904761904,4.152380952380953,1.0761904761904761,0.14285714285714285,0.38095238095238093,0.2380952380952381,0.047619047619047616,0.6477777777777778,11.714285714285714,5.828571428571428,0.7333333333333334,8.038095238095238,3.9904761904761905,6.247619047619047,18.276190476190475,42.94285714285714,25.41904761904762,51.15238095238095,0.8285714285714286,33.84761904761905,8.019047619047619,1.0761904761904761,27.514285714285716,5.857142857142857,9.571428571428571,0.4476190476190476,22.133333333333336,2.1904761904761902,0.3428571428571428,19.476190476190478,1.8666666666666665,3.323809523809524,24.666666666666668,25.733333333333334,0.43055555555555547,0.3629127358490566,0.6935251798561152,0.33941605839416056,0.41526757607555087,0.676605504587156,0.7522123893805311,0.45012611786287543,0.48588284871470716,0.5402298850574714,0.6539110861001689,0.27315914489311166,0.6460176991150443,0.7078573901003808,0.31869918699186983,0.3472636815920399,0.5744067420714127,0.5030720536212996
Kennedy Nzechukwu,Southpaw,No,No,No,Kennedy Nzechukwu,0.08333333333333333,0.21666666666666667,0.10833333333333334,0.0,0.8473611111111111,16.491666666666664,2.2583333333333333,0.10833333333333334,13.558333333333332,2.4583333333333335,2.8416666666666663,18.858333333333334,37.63333333333333,21.833333333333332,41.791666666666664,0.3833333333333333,34.34166666666667,3.141666666666667,0.15,31.083333333333332,3.0,3.5500000000000003,0.06666666666666667,0.4916666666666667,0.10000000000000002,0.06666666666666667,0.8048611111111111,9.266666666666667,3.141666666666667,3.391666666666667,13.233333333333334,2.3666666666666667,0.20000000000000004,15.799999999999999,34.458333333333336,19.791666666666668,39.675000000000004,2.5833333333333335,26.208333333333332,4.191666666666666,4.058333333333334,30.46666666666667,3.491666666666667,0.5,2.091666666666667,16.941666666666666,1.05,0.6666666666666666,17.233333333333334,1.125,0.3,18.65833333333333,19.883333333333333,0.5652173913043479,0.48022324678476086,0.7188328912466843,1.4444444444444446,0.4361930294906166,0.8194444444444445,0.800469483568075,0.5011071744906997,0.522432701894317,0.8096774193548387,0.6464228934817169,0.250497017892644,0.8788501026694046,0.5656455142231948,0.3221957040572794,0.5999999999999999,0.5414752116082225,0.5011552194917035
Ignacio Bahamondes,Orthodox,No,No,No,Ignacio Bahamondes,0.06666666666666667,0.0,0.13333333333333333,0.0,0.28888888888888886,17.266666666666666,7.8,7.266666666666667,30.2,1.6000000000000003,0.5333333333333333,32.333333333333336,71.53333333333333,35.666666666666664,76.53333333333335,0.3333333333333333,51.06666666666666,11.799999999999999,8.666666666666666,68.26666666666667,2.1999999999999997,1.0666666666666667,0.0,0.26666666666666666,0.0,0.0,0.5577777777777778,14.200000000000001,4.333333333333333,3.1333333333333333,19.599999999999998,1.2,0.8666666666666667,21.666666666666668,49.73333333333333,26.333333333333332,55.46666666666667,1.4666666666666668,39.733333333333334,6.066666666666666,3.9333333333333336,46.73333333333333,1.6666666666666667,1.3333333333333333,1.2,25.53333333333333,1.7333333333333334,0.7999999999999999,27.133333333333336,0.46666666666666673,0.4666666666666666,28.066666666666666,29.133333333333336,0.0,0.3381201044386423,0.6610169491525424,0.0,0.4423828125,0.7272727272727275,0.5,0.4520037278657969,0.4660278745644598,0.8181818181818182,0.6426174496644295,0.2857142857142857,0.9322033898305084,0.5805991440798859,0.28,0.35,0.5643431635388739,0.5252403846153846
Carlston Harris,Orthodox,No,No,No,Carlston Harris,0.06666666666666667,0.8333333333333334,0.2333333333333333,0.0,1.75,6.8999999999999995,2.2333333333333334,0.5,5.166666666666667,0.9666666666666667,3.5,9.633333333333333,18.833333333333332,24.5,35.733333333333334,2.1333333333333333,15.266666666666666,2.8666666666666667,0.7000000000000001,13.366666666666667,1.2333333333333334,4.233333333333333,0.06666666666666667,0.3666666666666667,0.13333333333333333,0.0,1.2277777777777779,5.2,2.3000000000000003,0.6333333333333333,4.733333333333333,1.5,1.9000000000000001,8.133333333333333,18.033333333333335,17.833333333333332,28.866666666666664,0.9,14.533333333333333,2.8000000000000003,0.7000000000000001,13.0,1.6666666666666667,3.3666666666666667,0.5333333333333333,9.333333333333334,0.5,0.06666666666666667,8.266666666666667,0.16666666666666666,1.4666666666666668,9.9,11.033333333333333,0.390625,0.4519650655021834,0.7790697674418605,1.1904761904761905,0.3865336658354115,0.7837837837837838,0.8267716535433071,0.5115044247787611,0.6856343283582089,0.5925925925925926,0.6422018348623852,0.1785714285714286,0.47619047619047616,0.6358974358974359,0.10000000000000009,0.4356435643564356,0.5489833641404807,0.38221709006928406
Tatiana Suarez,Southpaw,No,No,No,Tatiana Suarez,0.0,1.6857142857142857,0.22857142857142856,0.0,3.0230158730158734,11.019047619047619,5.3809523809523805,3.857142857142857,6.307936507936508,2.0412698412698416,11.907936507936506,20.257142857142856,31.930158730158734,33.5968253968254,47.21269841269841,2.8444444444444446,20.733333333333334,6.907936507936507,4.288888888888889,15.295238095238096,2.5206349206349206,14.114285714285714,0.0,0.0,0.14285714285714285,0.11428571428571428,0.08825396825396825,4.085714285714285,2.380952380952381,0.4158730158730159,4.907936507936507,1.3746031746031748,0.6,6.882539682539683,14.126984126984127,14.187301587301588,23.428571428571427,0.17777777777777778,9.346031746031747,3.8000000000000003,0.980952380952381,11.644444444444444,1.7873015873015872,0.6952380952380953,0.17777777777777778,5.26031746031746,1.4190476190476191,0.5650793650793651,6.7365079365079366,0.41269841269841273,0.09523809523809523,7.2444444444444445,9.24126984126984,0.5926339285714286,0.5314653192466697,0.7789522058823529,0.39304219096965215,0.41241178912411786,0.8098236775818641,0.8436797121007646,0.6344203619009743,0.7116057019903176,1.0,0.5628396739130435,0.3734335839598998,1.0,0.578516902944384,0.23090586145648295,0.13698630136986312,0.5128089887640449,0.3944444444444444
Assu Almabayev,,No,No,No,Assu Almabayev,0.0,1.0,1.0,0.0,2.7,8.5,2.5,2.0,4.5,0.0,8.5,13.0,20.0,26.0,39.0,2.5,15.5,2.5,2.0,7.0,0.0,13.0,0.0,0.0,0.0,0.0,0.175,2.0,0.0,0.0,1.5,0.0,0.5,2.0,9.0,4.0,11.0,0.0,8.0,1.0,0.0,8.5,0.0,0.5,0.0,6.0,1.0,0.0,7.0,0.0,0.0,7.0,7.0,0.4,0.5483870967741935,1.0,0.5,0.6428571428571429,,0.6538461538461539,0.65,0.6666666666666666,,0.75,1.0,,0.8235294117647058,,0.0,0.7777777777777778,0.6363636363636364
Ode Osbourne,Southpaw,No,No,No,Ode Osbourne,0.08333333333333333,0.5555555555555555,0.0,0.0,0.48009259259259257,9.888888888888888,2.875,1.7083333333333333,12.986111111111112,0.8194444444444445,0.6666666666666666,14.472222222222221,40.458333333333336,16.666666666666668,43.361111111111114,2.138888888888889,33.541666666666664,4.652777777777778,2.263888888888889,38.611111111111114,1.097222222222222,0.75,0.08333333333333333,0.23611111111111108,0.19444444444444442,0.0,1.0150462962962963,9.430555555555555,8.083333333333334,3.347222222222222,14.013888888888888,4.263888888888888,2.5833333333333335,20.86111111111111,38.291666666666664,30.222222222222225,49.638888888888886,0.9861111111111112,23.333333333333332,11.069444444444443,3.888888888888889,28.222222222222225,6.0,4.069444444444444,0.75,13.902777777777779,2.986111111111111,0.5416666666666666,14.208333333333334,1.736111111111111,1.486111111111111,17.430555555555554,19.416666666666668,0.2597402597402597,0.294824016563147,0.6179104477611941,0.24539877300613494,0.3363309352517986,0.7468354430379749,0.8888888888888888,0.3577068314452454,0.3843689942344651,0.7605633802816902,0.5958333333333333,0.2697616060225846,0.9392857142857143,0.5034448818897639,0.28935185185185197,0.3651877133105801,0.4552049328980776,0.3911583659764968
Aleksa Camur,Orthodox,No,No,No,Aleksa Camur,0.0,0.16666666666666666,0.0,0.0,0.5375,12.5,7.166666666666667,2.5833333333333335,17.083333333333332,5.083333333333333,0.08333333333333333,22.25,39.916666666666664,30.833333333333332,48.916666666666664,0.75,27.416666666666668,8.833333333333334,3.6666666666666665,33.5,6.333333333333333,0.08333333333333333,0.0,0.4166666666666667,0.08333333333333333,0.08333333333333333,1.5166666666666666,17.166666666666668,3.25,2.3333333333333335,16.333333333333332,4.833333333333333,1.5833333333333333,22.75,49.416666666666664,30.166666666666668,58.5,0.8333333333333334,41.833333333333336,4.916666666666667,2.6666666666666665,41.583333333333336,6.083333333333333,1.75,0.4166666666666667,24.666666666666668,1.6666666666666667,0.3333333333333333,25.25,1.25,0.16666666666666666,26.666666666666668,28.333333333333332,0.2222222222222222,0.45592705167173253,0.8113207547169811,0.045454545454545456,0.5099502487562189,0.8026315789473684,1.0,0.55741127348643,0.6303236797274276,0.5,0.5896414342629481,0.3389830508474576,0.84375,0.6072144288577155,0.20547945205479456,0.09523809523809523,0.5396290050590219,0.4843304843304843
Tanner Boser,Orthodox,No,No,No,Tanner Boser,0.075,0.0,0.0,0.03333333333333333,0.3306481481481482,10.674999999999999,4.383333333333334,6.966666666666666,19.227777777777778,1.738888888888889,1.0583333333333333,22.025000000000002,41.84444444444444,30.3,51.294444444444444,0.0,28.45,5.788888888888889,7.605555555555555,38.12222222222223,2.3305555555555557,1.3916666666666666,0.0,0.29444444444444445,0.041666666666666664,0.0,0.7755092592592593,8.08611111111111,3.3472222222222228,1.7583333333333335,11.036111111111111,1.5250000000000001,0.6305555555555556,13.191666666666668,31.430555555555554,19.7,39.583333333333336,0.7972222222222222,24.41111111111111,4.788888888888889,2.2305555555555556,28.92222222222222,1.877777777777778,0.6305555555555556,0.5027777777777778,16.325,1.4416666666666667,0.47222222222222227,17.88611111111111,0.3527777777777778,0.0,18.23888888888889,19.883333333333333,,0.375219683655536,0.7571976967370443,0.0,0.5043719032352083,0.7461263408820024,0.7604790419161677,0.5263542219861923,0.5907072457489441,0.6306620209059233,0.6687528447883477,0.301044083526682,0.8679950186799502,0.618421052631579,0.18786982248520712,0.0,0.5802916482545293,0.5023157894736843
Vinicius Salvador,,No,No,No,Vinicius Salvador,0.0,0.16666666666666666,0.0,0.0,0.06111111111111109,13.333333333333334,5.666666666666667,3.5,21.0,0.8333333333333334,0.6666666666666666,22.5,54.166666666666664,28.666666666666668,60.666666666666664,1.3333333333333333,42.666666666666664,7.666666666666667,3.8333333333333335,52.166666666666664,1.3333333333333333,0.6666666666666666,0.0,0.5,0.0,0.0,0.8444444444444444,11.833333333333334,9.833333333333334,6.833333333333333,26.333333333333332,1.5,0.6666666666666666,28.5,49.833333333333336,36.333333333333336,58.666666666666664,3.6666666666666665,28.5,14.0,7.333333333333333,47.0,1.8333333333333333,1.0,3.1666666666666665,16.666666666666668,4.166666666666667,0.5,20.666666666666668,0.3333333333333333,0.3333333333333333,21.333333333333332,22.333333333333332,0.125,0.31250000000000006,0.7391304347826088,0.043478260869565216,0.402555910543131,0.6250000000000001,1.0,0.4153846153846154,0.47252747252747257,0.8636363636363636,0.5847953216374269,0.29761904761904756,0.9318181818181818,0.43971631205673767,0.18181818181818177,0.33333333333333337,0.4280936454849499,0.3806818181818181
Justin Gaethje,Orthodox,No,Yes,Yes,Justin Gaethje,0.11666666666666665,0.04,0.0,0.0,0.12202777777777778,20.21,2.2316666666666665,6.806666666666667,26.28,2.6366666666666667,0.33166666666666667,29.248333333333335,44.788333333333334,29.93,45.711666666666666,0.12166666666666667,34.58833333333333,2.671666666666667,7.528333333333333,41.07166666666667,3.21,0.5066666666666667,0.056666666666666664,0.13833333333333334,0.05833333333333333,0.0,0.055722222222222215,16.645,7.846666666666667,3.425,25.405,2.325,0.18666666666666665,27.916666666666664,59.620000000000005,28.405,60.30166666666666,0.5166666666666667,45.736666666666665,9.575,4.308333333333333,56.614999999999995,2.768333333333333,0.23666666666666666,0.3783333333333333,29.09166666666667,1.728333333333333,0.8833333333333332,31.21,0.44333333333333336,0.05,31.70333333333333,31.89666666666667,0.3287671232876712,0.5843010649062786,0.8353087960074859,0.00531326101394731,0.6398571602483463,0.8213914849428868,0.6546052631578947,0.6530346444386559,0.6547562620775148,0.7322580645161291,0.6360687996501713,0.18050478677110526,0.9678916827852998,0.5512673319791574,0.16014449127031893,0.21126760563380287,0.5317566812031758,0.5289516597108979
Jan Blachowicz,Orthodox,Yes,No,Yes,Jan Blachowicz,0.06333333333333332,0.34452991452991455,0.06333333333333332,0.0,0.7864415954415954,9.956410256410257,2.6813675213675214,1.9905128205128204,10.913589743589743,1.5131623931623932,2.2015384615384614,14.628290598290599,29.12042735042735,25.48145299145299,40.83709401709402,0.627008547008547,22.75042735042735,3.747008547008547,2.622991452991453,24.176410256410257,2.137863247863248,2.806153846153846,0.015384615384615385,0.2799145299145299,0.04111111111111111,0.01,1.4998575498575497,7.599487179487179,2.1005128205128205,2.4554700854700853,7.292051282051283,1.1554700854700855,3.7079487179487183,12.155470085470085,25.744957264957264,25.412136752136753,40.74854700854701,0.9564957264957265,19.275384615384617,3.4562393162393166,3.013333333333333,18.41965811965812,1.5866666666666667,5.7386324786324785,0.6765811965811965,11.675897435897436,1.3557264957264956,0.5578632478632478,11.127606837606837,0.43119658119658116,2.0306837606837607,13.589487179487179,15.336410256410256,0.5494820065430752,0.4376361860395221,0.7156021897810219,0.1313499951122552,0.4514148141863227,0.7077919481869428,0.7845394736842105,0.5023377721163809,0.6239781160918721,0.7073541238495219,0.6057413467422248,0.39225480983233596,0.9071080099841162,0.6041158182914945,0.2717625511743159,0.3538619641952875,0.5278504461914373,0.37636704575486934
Michael Chiesa,Southpaw,No,No,No,Michael Chiesa,0.01111111111111111,0.7825396825396825,0.14444444444444443,0.02222222222222222,2.5656613756613758,5.425396825396826,0.9873015873015873,0.2634920634920635,3.5269841269841264,0.5984126984126984,2.5507936507936506,6.676190476190476,15.94126984126984,19.82857142857143,30.944444444444446,1.2857142857142858,14.052380952380952,1.6,0.28888888888888886,10.8,1.0555555555555556,4.085714285714286,0.0,0.21746031746031744,0.3412698412698413,0.03333333333333333,0.5575396825396826,3.003174603174603,1.6698412698412697,0.8730158730158731,4.101587301587301,0.9746031746031747,0.4698412698412698,5.546031746031746,12.707936507936507,13.061904761904762,20.984126984126984,0.6761904761904762,9.65079365079365,2.041269841269841,1.0158730158730158,10.934920634920635,1.1587301587301586,0.6142857142857142,0.4587301587301587,6.647619047619048,0.37142857142857144,0.14285714285714285,6.833333333333333,0.18412698412698414,0.14444444444444443,7.161904761904762,7.9222222222222225,0.608641975308642,0.38608381339658876,0.6170634920634921,2.708791208791209,0.32657260435038205,0.5669172932330827,0.6243201243201242,0.4187991635965349,0.6407796870992561,0.6784037558685447,0.6888157894736842,0.1819595645412131,0.7859375,0.6249092756568443,0.1589041095890409,0.23514211886304914,0.5635773170122408,0.37753403933434193
Yanal Ashmouz,,No,No,No,Yanal Ashmouz,0.0,0.16666666666666666,0.0,0.0,0.019444444444444434,6.666666666666667,2.3333333333333335,3.6666666666666665,10.333333333333334,0.16666666666666666,2.1666666666666665,12.666666666666666,31.333333333333332,13.0,32.0,0.3333333333333333,22.333333333333332,3.8333333333333335,5.166666666666667,28.166666666666668,0.5,2.6666666666666665,0.0,0.5,0.0,0.0,0.24999999999999997,16.333333333333332,7.333333333333333,1.8333333333333333,24.5,1.0,0.0,25.5,59.833333333333336,26.166666666666668,60.833333333333336,1.1666666666666667,46.666666666666664,9.166666666666666,4.0,57.833333333333336,2.0,0.0,0.6666666666666666,30.333333333333332,1.8333333333333333,2.1666666666666665,33.333333333333336,1.0,0.0,34.333333333333336,34.666666666666664,0.5,0.2985074626865672,0.6086956521739131,0.03225806451612903,0.3668639053254438,0.3333333333333333,0.8125,0.40425531914893614,0.40625,0.5714285714285714,0.65,0.19999999999999996,0.875,0.5763688760806917,0.5,,0.5738161559888579,0.5698630136986301
Danny Roberts,Southpaw,No,No,No,Danny Roberts,0.09788359788359786,0.06084656084656084,0.047619047619047616,0.09788359788359786,0.7496913580246914,9.187830687830688,3.8386243386243386,2.195767195767196,9.317460317460316,3.1481481481481484,2.7566137566137563,15.222222222222221,38.010582010582006,17.66137566137566,41.060846560846564,0.7222222222222222,30.169312169312168,5.1798941798941796,2.6613756613756614,29.685185185185187,4.637566137566138,3.687830687830688,0.2486772486772487,0.5925925925925926,0.45502645502645506,0.037037037037037035,1.1951499118165785,12.304232804232804,3.0,1.3571428571428574,11.013227513227513,3.8968253968253967,1.7513227513227514,16.66137566137566,33.53439153439154,22.222222222222218,40.113756613756614,1.4894179894179895,27.555555555555554,4.383597883597884,1.5952380952380951,25.050264550264547,5.994708994708994,2.4894179894179898,0.8968253968253969,15.251322751322752,1.3835978835978837,0.2380952380952381,14.037037037037038,2.0978835978835977,0.7380952380952381,16.873015873015873,17.891534391534393,0.08424908424908424,0.30454226587162403,0.7410623084780389,0.022862823061630216,0.31387576864807054,0.6788362806617227,0.7474892395982783,0.4004732739420936,0.43012692481154563,0.6021314387211368,0.5534754224270353,0.31563065781532895,0.6285240464344941,0.5603548421163798,0.3499558693733451,0.29649309245483535,0.5031555695803094,0.4460199169029877
Jonny Parsons,Orthodox,No,No,No,Jonny Parsons,1.0,0.0,0.0,0.0,0.7166666666666666,21.0,6.0,4.5,25.5,3.5,2.5,31.5,62.0,34.5,66.5,0.0,47.5,9.5,5.0,50.5,7.5,4.0,0.0,0.0,0.0,0.0,0.04166666666666665,13.5,7.0,1.5,22.0,0.0,0.0,22.0,66.5,22.0,67.0,1.0,55.5,9.5,1.5,66.0,0.5,0.0,1.0,42.0,2.5,0.0,44.0,0.5,0.0,44.5,45.0,,0.4421052631578947,0.631578947368421,0.0,0.504950495049505,0.4666666666666667,0.625,0.5080645161290323,0.518796992481203,1.0,0.7567567567567568,0.26315789473684215,1.0,0.6666666666666667,1.0,,0.6691729323308271,0.6716417910447761
Davey Grant,Orthodox,No,No,No,Davey Grant,0.13215488215488216,0.36447811447811446,0.06734006734006734,0.05808080808080809,0.708740179573513,9.624579124579123,7.15993265993266,4.3047138047138045,18.154882154882156,1.446969696969697,1.4873737373737372,21.089225589225588,49.47727272727273,24.21717171717172,52.99074074074074,0.9099326599326599,33.21801346801347,11.149831649831649,5.109427609427609,44.97474747474748,2.4048821548821553,2.0976430976430973,0.08333333333333333,0.4478114478114478,0.234006734006734,0.14646464646464644,0.7149551066217733,10.134680134680133,3.9915824915824913,3.023569023569024,14.311447811447811,1.335016835016835,1.5033670033670035,17.14983164983165,38.831649831649834,20.38047138047138,42.43350168350168,1.1691919191919193,28.824915824915823,6.5033670033670035,3.5033670033670035,34.533670033670035,1.75,2.547979797979798,0.7213804713804715,18.690235690235692,2.5117845117845117,0.47979797979797983,20.22222222222222,0.41498316498316495,1.0446127946127945,21.681818181818183,22.0530303030303,0.4005550416281221,0.28973975622735215,0.64215612260305,0.071334431630972,0.40366835111360655,0.6016800840042001,0.7090690208667737,0.42624066418278633,0.4570076088510477,0.6169906407487402,0.6484055600981193,0.3862283199585814,0.8721768380586257,0.5855798761760835,0.2371332371332372,0.40997687479352496,0.5583542876961762,0.5197080002380432
Daniel Barez,Orthodox,No,No,No,Daniel Barez,1.0,0.0,0.0,0.0,0.2,8.0,7.0,3.0,18.0,0.0,0.0,18.0,30.0,18.0,30.0,0.0,17.0,9.0,4.0,27.0,1.0,2.0,0.0,1.0,1.0,0.0,0.9166666666666666,11.0,8.0,2.0,21.0,0.0,0.0,21.0,54.0,23.0,62.0,4.0,40.0,9.0,5.0,54.0,0.0,0.0,3.0,29.0,1.0,3.0,33.0,0.0,0.0,33.0,39.0,,0.47058823529411764,0.7777777777777778,0.0,0.6666666666666666,0.0,0.0,0.6,0.6,0.75,0.725,0.11111111111111116,0.8,0.6111111111111112,,,0.6111111111111112,0.6290322580645161
Jafel Filho,,No,No,No,Jafel Filho,0.0,0.16666666666666666,0.6666666666666666,0.3333333333333333,0.4305555555555555,2.1666666666666665,1.8333333333333333,2.1666666666666665,6.166666666666667,0.0,0.0,6.166666666666667,19.666666666666668,19.833333333333332,35.833333333333336,0.6666666666666666,13.5,2.0,4.166666666666667,19.5,0.0,0.16666666666666666,0.16666666666666666,1.3333333333333333,0.6666666666666666,0.0,2.172222222222222,2.3333333333333335,3.0,1.5,6.0,0.0,0.8333333333333334,6.833333333333333,12.833333333333334,21.333333333333332,29.833333333333332,2.5,7.166666666666667,3.8333333333333335,1.8333333333333333,11.333333333333334,0.16666666666666666,1.3333333333333333,1.1666666666666667,4.833333333333333,0.8333333333333334,0.3333333333333333,5.333333333333333,0.16666666666666666,0.5,6.0,8.5,0.25,0.16049382716049382,0.9166666666666666,0.039999999999999994,0.3162393162393163,,0.0,0.3135593220338983,0.5534883720930232,0.4666666666666667,0.6744186046511628,0.21739130434782616,0.2727272727272727,0.47058823529411764,1.0,0.3749999999999999,0.4675324675324676,0.2849162011173184
Jai Herbert,Orthodox,No,No,No,Jai Herbert,0.15079365079365079,0.08333333333333333,0.0,0.0,1.092063492063492,5.515873015873016,3.6626984126984126,2.619047619047619,8.488095238095239,2.511904761904762,0.7976190476190476,11.797619047619046,28.71031746031746,21.96031746031746,41.92063492063492,0.6944444444444445,21.043650793650794,4.503968253968254,3.1626984126984126,24.65873015873016,2.857142857142857,1.1944444444444444,0.13888888888888887,0.5833333333333334,0.15079365079365079,0.05555555555555555,1.1433862433862434,8.055555555555555,3.1587301587301586,2.9325396825396823,9.30952380952381,2.7817460317460316,2.0555555555555554,14.146825396825397,25.773809523809522,21.837301587301585,34.654761904761905,1.4642857142857142,18.24206349206349,4.214285714285714,3.3174603174603177,19.623015873015873,3.4523809523809526,2.698412698412698,0.8809523809523809,10.186507936507937,1.0555555555555556,0.3849206349206349,10.313492063492063,0.6706349206349206,0.6428571428571429,11.626984126984127,12.817460317460316,0.11999999999999998,0.26211578351876297,0.8132158590308369,0.026348808030112924,0.34422272288381073,0.8791666666666667,0.6677740863787375,0.41091914305459565,0.5238546005301022,0.6016260162601625,0.5584076571677181,0.25047080979284375,0.8241626794258373,0.5255813953488372,0.1942528735632184,0.2382352941176471,0.4511162432640492,0.3698614450933242
Ketlen Vieira,Orthodox,No,No,No,Ketlen Vieira,0.0,0.3397979797979798,0.1404040404040404,0.0,1.0657609427609427,13.524040404040402,2.346262626262626,1.0381818181818183,13.467070707070707,2.8474747474747475,0.593939393939394,16.90848484848485,39.685050505050505,27.892727272727274,52.63434343434344,0.8250505050505051,35.749494949494945,2.818787878787879,1.1167676767676766,35.712929292929296,3.3418181818181822,0.6303030303030304,0.01818181818181818,0.1181818181818182,0.0,0.02222222222222222,0.8490740740740741,9.008080808080809,9.448686868686869,4.61050505050505,17.902828282828285,3.859191919191919,1.3052525252525253,23.06727272727273,45.60606060606061,36.520606060606056,61.18787878787879,0.9606060606060606,28.70020202020202,11.957777777777778,4.9480808080808085,38.396565656565656,5.0206060606060605,2.188888888888889,0.8424242424242424,19.692121212121215,2.509090909090909,0.3375757575757576,20.493737373737375,1.1614141414141415,0.8836363636363636,22.53878787878788,24.667272727272728,0.4118511263467189,0.37830018083182637,0.8323657994696481,0.3042691751085384,0.3770923016874176,0.8520735098537057,0.9423076923076923,0.42606685976960007,0.5299339832655254,0.8769716088328076,0.6861317978967522,0.20982919700630165,0.9761156248724125,0.5337388129199265,0.23132947046515373,0.40369173973234884,0.4942059800664451,0.4031398573692552
Pannie Kianzad,Orthodox,No,No,No,Pannie Kianzad,0.0,0.1111111111111111,0.037037037037037035,0.041666666666666664,0.7047067901234568,17.27314814814815,4.689814814814815,2.263888888888889,19.319444444444446,4.333333333333333,0.5740740740740741,24.22685185185185,49.208333333333336,32.041666666666664,59.59722222222223,0.375,40.27777777777778,6.583333333333333,2.3472222222222223,42.59259259259259,5.666666666666667,0.9490740740740741,0.11574074074074074,0.3055555555555555,0.1898148148148148,0.0,1.5094907407407405,12.652777777777777,3.2870370370370368,2.564814814814815,14.652777777777779,3.0092592592592595,0.8425925925925926,18.50462962962963,39.88425925925926,26.98148148148148,50.458333333333336,1.0601851851851851,32.21759259259259,4.75462962962963,2.9120370370370368,34.4537037037037,4.282407407407407,1.1481481481481481,0.7546296296296297,19.564814814814813,1.4675925925925926,0.34722222222222215,19.800925925925924,1.2731481481481481,0.3055555555555555,21.37962962962963,23.47685185185185,0.2962962962962963,0.4288505747126437,0.7123769338959213,0.04733727810650887,0.45358695652173925,0.7647058823529411,0.6048780487804878,0.49233229842882675,0.5376369144721509,0.7117903930131004,0.607271159649375,0.30866601752677714,0.8950715421303657,0.5747110991668906,0.29729729729729726,0.2661290322580645,0.5360417875798027,0.46527204330672545
Josh Culibao,Orthodox,No,No,No,Josh Culibao,0.16666666666666666,0.0,0.13888888888888887,0.0,0.3416666666666666,7.444444444444444,2.638888888888889,2.4722222222222223,10.861111111111112,1.1111111111111112,0.5833333333333334,12.555555555555557,29.25,17.305555555555557,34.52777777777778,0.7777777777777778,21.916666666666668,4.25,3.0833333333333335,26.666666666666668,1.611111111111111,0.9722222222222223,0.08333333333333333,0.4444444444444444,0.5555555555555555,0.0,1.562037037037037,9.083333333333334,3.6388888888888893,2.9166666666666665,8.972222222222221,1.9722222222222223,4.694444444444444,15.638888888888888,36.13888888888889,23.25,44.861111111111114,1.472222222222222,26.916666666666668,5.5,3.722222222222222,25.833333333333332,3.2222222222222228,7.083333333333333,1.027777777777778,17.833333333333332,1.861111111111111,0.8055555555555555,16.86111111111111,1.25,2.388888888888889,20.5,21.61111111111111,0.0,0.33967046894803543,0.6209150326797386,0.0,0.4072916666666667,0.6896551724137933,0.6,0.429249762583096,0.501206757843926,0.6981132075471699,0.6625386996904025,0.33838383838383834,0.8805970149253731,0.6526881720430108,0.3879310344827587,0.33725490196078434,0.5672559569561877,0.48173374613003095
Lerone Murphy,Orthodox,No,No,No,Lerone Murphy,0.15,0.4388888888888889,0.2888888888888889,0.06666666666666667,1.580185185185185,10.933333333333332,4.55,1.9222222222222223,11.105555555555554,2.411111111111111,3.888888888888889,17.405555555555555,34.81111111111111,24.755555555555556,43.111111111111114,0.9333333333333332,26.5,6.116666666666667,2.1944444444444446,26.305555555555557,2.772222222222222,5.733333333333333,0.05555555555555555,1.0999999999999999,0.0,0.06666666666666667,0.782037037037037,5.8999999999999995,2.972222222222222,2.027777777777778,8.238888888888889,2.1055555555555556,0.5555555555555556,10.9,24.95555555555556,14.955555555555556,29.58888888888889,2.1166666666666667,17.73888888888889,4.177777777777778,3.038888888888889,21.3,2.6444444444444444,1.0111111111111113,1.0166666666666666,11.838888888888889,1.2055555555555555,1.011111111111111,13.061111111111112,0.5388888888888889,0.45555555555555555,14.055555555555557,14.633333333333333,0.4702380952380953,0.4125786163522012,0.7438692098092642,0.19999999999999998,0.42217529039070745,0.8697394789579158,0.6782945736434108,0.5,0.5742268041237113,0.4803149606299213,0.6673974318822424,0.28856382978723416,0.6380255941499087,0.6131977047470005,0.20378151260504196,0.4505494505494506,0.5632235084594837,0.4945550131430717
Bryan Barberena,Southpaw,No,No,No,Bryan Barberena,0.12407407407407407,0.0462962962962963,0.10555555555555556,0.049999999999999996,0.3990740740740741,19.340740740740742,3.685185185185185,4.292592592592593,20.453703703703706,4.792592592592593,2.0722222222222224,27.318518518518516,56.114814814814814,43.98333333333333,73.92407407407408,0.2148148148148148,45.52407407407407,5.011111111111111,5.579629629629629,46.507407407407406,6.888888888888888,2.7185185185185183,0.12777777777777777,1.3388888888888888,0.2111111111111111,0.018518518518518517,1.3384567901234565,15.144444444444446,5.948148148148149,2.0314814814814817,18.274074074074075,3.5481481481481487,1.301851851851852,23.124074074074073,41.44074074074074,27.192592592592593,45.94814814814814,2.685185185185185,31.80185185185185,7.396296296296296,2.2425925925925925,35.00370370370371,4.82037037037037,1.6166666666666665,1.3462962962962963,16.65740740740741,1.448148148148148,0.2111111111111111,16.72962962962963,1.2722222222222224,0.3148148148148148,18.316666666666666,18.755555555555556,0.2155172413793104,0.42484643859577764,0.7354028085735402,0.008297378028542982,0.4397945369116828,0.6956989247311829,0.7622615803814715,0.4868325523067784,0.5949798341641823,0.5013793103448276,0.523787340592791,0.19579369053580364,0.402972749793559,0.4779388424505343,0.26392623895505174,0.19473081328751407,0.44199660380731076,0.40818958568434616
Joel Alvarez,Orthodox,No,No,No,Joel Alvarez,0.0,0.0,0.2261904761904762,0.08333333333333333,0.12797619047619047,7.464285714285714,2.845238095238095,2.3452380952380953,10.273809523809524,0.9642857142857143,1.4166666666666667,12.654761904761905,30.607142857142858,20.071428571428573,38.63095238095238,0.047619047619047616,23.833333333333332,4.035714285714286,2.7380952380952386,27.607142857142858,1.2023809523809523,1.7976190476190474,0.0,0.5238095238095238,0.0,0.0,0.9672619047619048,7.464285714285714,4.154761904761905,1.7738095238095237,10.80952380952381,0.0,2.5833333333333335,13.392857142857144,28.73809523809524,20.53571428571429,37.404761904761905,0.6071428571428571,19.297619047619047,7.0476190476190474,2.392857142857143,25.166666666666668,0.0,3.5714285714285716,0.08333333333333333,11.833333333333334,2.892857142857143,0.6190476190476191,14.357142857142856,0.0,0.9880952380952381,15.345238095238095,16.86904761904762,0.0,0.3131868131868132,0.7050147492625368,0.0,0.37214316515739543,0.801980198019802,0.7880794701986756,0.4134577985219759,0.5195685670261943,0.13725490196078416,0.6132017273288093,0.4104729729729729,0.7810945273631841,0.5704824976348155,,0.2766666666666666,0.5339685169842585,0.450986632718014
Nathaniel Wood,Orthodox,No,No,No,Nathaniel Wood,0.07407407407407407,0.5343915343915344,0.15873015873015872,0.037037037037037035,0.7919753086419753,15.195767195767196,3.1534391534391535,10.174603174603176,24.788359788359788,1.7830687830687832,1.9523809523809523,28.523809523809522,57.76190476190476,36.80952380952381,67.01058201058201,1.0158730158730158,39.75661375661375,5.682539682539683,12.322751322751323,52.35449735449735,2.4391534391534395,2.9682539682539684,0.08465608465608465,0.25396825396825395,0.037037037037037035,0.037037037037037035,0.38095238095238093,12.158730158730158,4.132275132275132,3.402116402116402,17.047619047619047,2.2116402116402116,0.4338624338624338,19.693121693121693,46.92063492063492,23.14814814814815,50.83068783068783,1.0317460317460319,36.957671957671955,5.936507936507937,4.026455026455026,43.608465608465615,2.8306878306878307,0.48148148148148145,0.7777777777777777,24.798941798941797,1.8042328042328044,0.6243386243386243,26.56084656084656,0.6190476190476191,0.047619047619047616,27.227513227513228,27.682539682539684,0.5260416666666667,0.38221985626829924,0.5549348230912476,0.043366251610133105,0.4734714502273876,0.7310195227765727,0.6577540106951871,0.49381698268755153,0.5493091196210027,0.7538461538461538,0.671009305654975,0.303921568627451,0.9369250985545335,0.6090754671196312,0.2186915887850467,0.098901098901099,0.5802886783942265,0.5446028937233267
Shauna Bannon,,No,No,No,Shauna Bannon,0.0,0.0,0.0,0.0,0.3611111111111111,7.333333333333333,6.333333333333333,4.333333333333333,17.0,1.0,0.0,18.0,48.0,41.333333333333336,74.33333333333333,0.6666666666666666,28.0,12.666666666666666,7.333333333333333,46.333333333333336,1.6666666666666667,0.0,0.0,0.6666666666666666,0.0,0.0,1.1166666666666667,10.0,4.666666666666667,4.0,13.0,4.0,1.6666666666666667,18.666666666666668,30.0,24.333333333333332,37.0,1.0,19.333333333333332,6.333333333333333,4.333333333333333,24.0,4.333333333333333,1.6666666666666667,0.3333333333333333,9.333333333333334,1.6666666666666667,0.3333333333333333,11.0,0.3333333333333333,0.0,11.333333333333334,12.666666666666666,0.0,0.2619047619047619,0.5,0.0,0.3669064748201439,0.6,,0.375,0.5560538116591929,0.33333333333333337,0.48275862068965514,0.26315789473684204,0.8461538461538461,0.45833333333333337,0.07692307692307687,0.0,0.37777777777777777,0.3423423423423424
Marcin Tybura,Orthodox,No,No,No,Marcin Tybura,0.013333333333333332,0.4611111111111111,0.01111111111111111,0.01111111111111111,0.8842777777777778,14.725555555555555,2.5477777777777777,3.5833333333333335,17.073333333333334,1.458888888888889,2.3244444444444445,20.856666666666666,43.76222222222223,30.276666666666664,55.39333333333334,1.0188888888888887,36.22222222222222,3.7566666666666664,3.7833333333333328,38.44777777777777,2.1977777777777776,3.1166666666666663,0.06333333333333332,0.2688888888888889,0.016666666666666666,0.013333333333333332,0.8639074074074073,14.20888888888889,3.62,2.5011111111111113,16.194444444444446,3.0255555555555556,1.1099999999999999,20.330000000000002,41.53666666666667,27.64111111111111,49.47555555555555,0.8088888888888889,34.480000000000004,4.204444444444444,2.852222222222222,36.28333333333333,3.9988888888888896,1.2544444444444445,0.54,20.27111111111111,0.5844444444444444,0.3511111111111111,20.08888888888889,0.9733333333333334,0.14444444444444443,21.206666666666667,21.834444444444443,0.4525627044711015,0.40653374233128836,0.6782017154687963,0.12187958883994128,0.44406554344998994,0.6638018200202225,0.7458110516934048,0.47659066673437256,0.5465760019256227,0.6675824175824175,0.5879092549626193,0.13900634249471455,0.905726529022205,0.5536671260143928,0.24340094470686313,0.11514614703277248,0.5105529251263943,0.4413178224937119
Albert Duraev,Orthodox,No,No,No,Albert Duraev,0.0,0.5,0.08333333333333333,0.0,1.1972222222222222,9.25,1.6666666666666667,4.833333333333333,12.25,0.08333333333333333,3.4166666666666665,15.75,39.583333333333336,25.75,54.916666666666664,2.4166666666666665,30.25,2.6666666666666665,6.666666666666667,33.583333333333336,0.16666666666666666,5.833333333333333,0.3333333333333333,0.16666666666666666,0.25,0.0,0.26249999999999996,10.916666666666666,4.333333333333333,1.75,15.416666666666666,0.8333333333333334,0.75,17.0,40.666666666666664,21.083333333333332,46.583333333333336,0.3333333333333333,32.0,6.583333333333333,2.0833333333333335,38.083333333333336,1.3333333333333333,1.25,0.16666666666666666,21.083333333333332,2.25,0.3333333333333333,22.666666666666668,0.5,0.5,23.666666666666668,25.5,0.20689655172413796,0.30578512396694213,0.6250000000000001,0.075,0.36476426799007444,0.5,0.5857142857142857,0.39789473684210525,0.4688922610015175,0.5,0.6588541666666667,0.3417721518987342,0.92,0.5951859956236325,0.3749999999999999,0.4,0.5819672131147541,0.5474060822898033
Alexander Munoz,Switch,No,No,No,Alexander Munoz,0.1111111111111111,0.8888888888888888,0.0,0.0,0.7944444444444444,12.111111111111112,3.222222222222222,2.555555555555556,15.222222222222223,1.0,1.6666666666666667,17.88888888888889,47.111111111111114,19.444444444444443,48.77777777777778,2.6666666666666665,38.333333333333336,6.0,2.777777777777778,43.333333333333336,1.4444444444444444,2.3333333333333335,0.0,0.0,0.0,0.0,0.009259259259259255,21.777777777777775,3.444444444444444,0.4444444444444444,25.222222222222218,0.4444444444444444,0.0,25.666666666666668,57.55555555555555,26.333333333333332,58.444444444444436,0.2222222222222222,52.11111111111111,4.888888888888888,0.5555555555555555,56.22222222222222,1.3333333333333333,0.0,0.2222222222222222,30.333333333333332,1.4444444444444446,0.1111111111111111,31.0,0.888888888888889,0.0,31.888888888888886,32.11111111111111,0.3333333333333333,0.3159420289855073,0.537037037037037,0.31999999999999995,0.3512820512820513,0.6923076923076923,0.7142857142857143,0.37971698113207547,0.398633257403189,1.0,0.582089552238806,0.2954545454545454,1.0,0.5513833992094863,0.6666666666666667,,0.554054054054054,0.5494296577946768
Carl Deaton,,No,No,No,Carl Deaton,0.0,0.0,0.0,0.0,0.0,5.5,1.6666666666666667,0.0,7.0,0.16666666666666666,0.0,7.166666666666667,23.0,9.833333333333334,27.166666666666668,0.3333333333333333,20.333333333333332,2.6666666666666665,0.0,22.5,0.5,0.0,0.3333333333333333,1.3333333333333333,0.5,0.0,2.775,9.0,1.1666666666666667,0.5,5.0,0.6666666666666666,5.0,10.666666666666666,24.5,21.5,37.333333333333336,2.3333333333333335,21.833333333333332,2.1666666666666665,0.5,16.5,1.0,7.0,1.0,12.833333333333334,1.0,0.0,11.5,0.3333333333333333,2.0,13.833333333333334,15.833333333333334,0.0,0.27049180327868855,0.6250000000000001,,0.3111111111111111,0.3333333333333333,,0.3115942028985507,0.3619631901840491,0.4285714285714286,0.5877862595419847,0.46153846153846145,-1.6666666666666665,0.696969696969697,0.33333333333333337,0.2857142857142857,0.564625850340136,0.4241071428571429
Ashlee Evans-Smith,Orthodox,No,No,No,Ashlee Evans-Smith,0.0,0.30158730158730157,0.0,0.0,0.5607583774250441,10.079365079365079,5.846560846560846,3.4391534391534395,13.423280423280424,4.126984126984127,1.8148148148148149,19.365079365079367,57.402116402116405,23.994708994708997,62.84126984126984,1.3703703703703702,43.84656084656084,9.253968253968255,4.301587301587301,49.338624338624335,5.671957671957672,2.3915343915343916,0.047619047619047616,0.6507936507936508,0.1111111111111111,0.047619047619047616,1.0910934744268077,13.73015873015873,4.1534391534391535,4.126984126984127,16.476190476190478,3.301587301587302,2.2328042328042326,22.01058201058201,47.84656084656084,27.915343915343914,54.899470899470906,1.291005291005291,37.76190476190476,5.455026455026455,4.62962962962963,39.5978835978836,5.068783068783069,3.17989417989418,0.6402116402116401,24.031746031746035,1.3015873015873016,0.5026455026455027,23.121693121693124,1.7671957671957672,0.9470899470899471,25.835978835978835,26.984126984126988,0.22007722007722008,0.22987812236032343,0.6317895940537448,0.07011070110701106,0.2720643431635389,0.7276119402985076,0.7588495575221239,0.33735828186929673,0.3818304285594006,0.49590163934426224,0.6364018495166036,0.23860329776915612,0.8594285714285714,0.5839123463388562,0.348643006263048,0.29783693843594017,0.539975671790335,0.4915188897455668
Austin Lingo,Orthodox,No,No,No,Austin Lingo,0.15,0.13333333333333333,0.0,0.0,0.5102777777777777,12.816666666666668,4.633333333333333,1.2333333333333334,18.483333333333334,0.19999999999999998,0.0,18.683333333333334,49.63333333333333,20.400000000000002,51.916666666666664,0.20000000000000004,41.016666666666666,6.816666666666666,1.8,48.800000000000004,0.7666666666666666,0.06666666666666667,0.0,0.8333333333333334,0.3666666666666667,0.0,0.84,12.049999999999999,6.8,4.683333333333334,22.133333333333336,0.9500000000000001,0.45,23.53333333333333,55.31666666666666,27.183333333333334,60.5,3.3333333333333335,39.15,10.933333333333332,5.233333333333333,52.93333333333334,1.5666666666666664,0.8166666666666668,2.5,27.099999999999998,4.133333333333334,0.5499999999999999,30.8,0.6166666666666666,0.3666666666666667,31.78333333333333,33.31666666666667,0.6666666666666665,0.3124746038195856,0.6797066014669926,0.07407407407407407,0.3787568306010929,0.2608695652173913,0.0,0.37642713230355945,0.3929373996789728,0.75,0.6922094508301405,0.37804878048780477,0.8407643312101911,0.5818639798488665,0.3936170212765956,0.44897959183673475,0.574570653811389,0.5506887052341598
Evan Elder,,No,No,No,Evan Elder,0.2222222222222222,0.2222222222222222,0.1111111111111111,0.2222222222222222,0.38148148148148153,10.888888888888888,6.888888888888888,3.6666666666666665,20.22222222222222,1.222222222222222,0.0,21.444444444444443,44.111111111111114,23.777777777777775,46.666666666666664,1.0,31.666666666666668,8.555555555555555,3.8888888888888893,42.22222222222222,1.6666666666666667,0.2222222222222222,0.1111111111111111,0.5555555555555555,0.5555555555555555,0.1111111111111111,0.9018518518518519,16.555555555555557,3.5555555555555554,2.4444444444444446,16.555555555555554,2.111111111111111,3.888888888888889,22.555555555555557,53.333333333333336,28.555555555555554,59.77777777777778,0.7777777777777777,45.22222222222223,4.111111111111112,4.0,45.22222222222222,3.3333333333333335,4.777777777777778,0.2222222222222222,28.666666666666668,0.5555555555555555,1.5555555555555556,28.666666666666668,1.222222222222222,0.888888888888889,30.777777777777775,31.222222222222218,0.2222222222222222,0.343859649122807,0.8051948051948051,0.057142857142857134,0.4789473684210526,0.7333333333333333,0.0,0.4861460957178841,0.5095238095238095,0.2857142857142857,0.6339066339066339,0.1351351351351353,0.8611111111111112,0.6339066339066339,0.3666666666666667,0.18604651162790697,0.5770833333333334,0.5223048327137547
Genaro Valdez,Orthodox,No,No,No,Genaro Valdez,0.16666666666666666,0.0,0.0,0.0,0.017592592592592576,12.277777777777779,2.055555555555556,3.222222222222222,15.611111111111109,1.4444444444444444,0.5,17.555555555555557,62.333333333333336,19.833333333333332,64.94444444444444,0.1111111111111111,53.22222222222222,3.944444444444444,5.166666666666667,58.666666666666664,3.1666666666666665,0.5,0.611111111111111,1.1666666666666667,0.1111111111111111,0.0,0.9157407407407406,19.0,6.0,5.555555555555556,24.944444444444443,0.8333333333333334,4.777777777777778,30.555555555555554,59.555555555555564,32.111111111111114,61.333333333333336,1.8333333333333333,45.388888888888886,8.222222222222221,5.9444444444444455,50.833333333333336,2.0,6.722222222222222,0.6666666666666666,26.38888888888889,2.222222222222222,0.38888888888888884,25.88888888888889,1.1666666666666667,1.9444444444444444,29.0,29.222222222222218,0.0,0.23068893528183718,0.5211267605633804,0.0,0.2660984848484848,0.456140350877193,1.0,0.28163992869875226,0.3053892215568862,0.36363636363636354,0.5813953488372092,0.2702702702702702,0.8037383177570094,0.5092896174863388,0.5833333333333333,0.2892561983471075,0.4869402985074628,0.47644927536231885
Holly Holm,Southpaw,Yes,No,Yes,Holly Holm,0.030952380952380953,0.26285714285714284,0.016666666666666666,0.0,1.0907936507936509,7.842380952380952,5.131428571428572,3.6147619047619046,14.078571428571427,1.6942857142857144,0.8157142857142856,16.588571428571427,40.85619047619048,24.526666666666664,50.432857142857145,0.9404761904761905,28.315714285714286,7.598095238095238,4.942380952380953,37.27428571428571,2.202857142857143,1.3790476190476189,0.013333333333333332,0.12190476190476189,0.07619047619047618,0.016666666666666666,0.21969047619047619,7.497142857142857,3.829047619047619,2.9714285714285715,11.130476190476191,2.8623809523809522,0.30476190476190473,14.297619047619047,32.03333333333333,21.025238095238095,39.892857142857146,0.6438095238095238,22.26238095238095,5.736190476190476,4.034761904761905,28.328095238095237,3.3285714285714283,0.3766666666666667,0.5219047619047619,14.765238095238095,1.9071428571428573,1.0633333333333335,17.19761904761905,0.4661904761904762,0.0719047619047619,17.735714285714288,18.867619047619048,0.27949367088607596,0.27696214452684864,0.67535723238907,0.05318431448116388,0.3777019776176606,0.7691309987029832,0.5915055248618785,0.4060234504300799,0.48632316422589195,0.8106508875739645,0.6632371500074865,0.3324755105429188,0.9697863802667296,0.6070870244919229,0.14005722460658077,0.19089759797724415,0.553664337743422,0.47295732617129216
Bassil Hafez,,No,No,No,Bassil Hafez,0.0,1.0,0.0,0.3333333333333333,2.2666666666666666,9.666666666666666,0.6666666666666666,0.3333333333333333,9.333333333333334,1.3333333333333333,0.0,10.666666666666666,41.333333333333336,16.0,47.0,6.666666666666667,39.0,2.0,0.3333333333333333,39.333333333333336,2.0,0.0,0.0,0.3333333333333333,0.0,0.0,0.4388888888888889,18.333333333333332,9.0,0.3333333333333333,22.666666666666668,4.666666666666667,0.3333333333333333,27.666666666666668,45.666666666666664,49.666666666666664,70.66666666666667,0.6666666666666666,34.666666666666664,10.666666666666666,0.3333333333333333,39.666666666666664,5.666666666666667,0.3333333333333333,0.3333333333333333,16.333333333333332,1.6666666666666667,0.0,17.0,1.0,0.0,18.0,21.0,0.15,0.24786324786324784,0.3333333333333333,3.0,0.23728813559322035,0.6666666666666666,,0.25806451612903225,0.3404255319148936,0.5,0.47115384615384615,0.15625,0.0,0.4285714285714285,0.17647058823529416,0.0,0.3941605839416058,0.2971698113207548
Chelsea Chandler,,No,No,No,Chelsea Chandler,0.0,0.3333333333333333,0.0,0.0,0.9583333333333331,9.833333333333334,2.1666666666666665,0.3333333333333333,6.666666666666667,2.1666666666666665,3.5,12.333333333333334,28.666666666666668,26.666666666666668,46.333333333333336,0.6666666666666666,25.333333333333332,2.8333333333333335,0.5,19.5,4.666666666666667,4.5,0.0,1.1666666666666667,0.0,0.0,2.6416666666666666,9.166666666666666,3.3333333333333335,2.1666666666666665,9.666666666666666,2.0,3.0,14.666666666666666,25.833333333333332,28.666666666666668,44.333333333333336,1.5,20.0,3.5,2.3333333333333335,18.5,2.5,4.833333333333333,0.3333333333333333,10.833333333333334,0.16666666666666666,0.16666666666666666,8.833333333333334,0.5,1.8333333333333333,11.166666666666666,15.666666666666666,0.5,0.38815789473684215,0.7647058823529411,0.6666666666666666,0.3418803418803419,0.46428571428571425,0.7777777777777778,0.43023255813953487,0.5755395683453237,0.2222222222222222,0.5416666666666667,0.04761904761904756,0.5,0.4774774774774775,0.19999999999999996,0.3793103448275862,0.432258064516129,0.3533834586466166
Norma Dumont,Orthodox,No,No,No,Norma Dumont,0.05714285714285714,0.47857142857142854,0.0,0.02857142857142857,1.1248809523809524,9.064285714285713,4.203571428571428,1.407142857142857,9.842857142857143,3.814285714285714,1.0178571428571428,14.675,26.675,29.93571428571429,43.78214285714286,0.6428571428571429,19.760714285714286,5.121428571428572,1.7928571428571427,20.72142857142857,4.485714285714286,1.467857142857143,0.05357142857142857,0.19642857142857142,0.0,0.225,1.724345238095238,6.5357142857142865,1.725,1.092857142857143,5.603571428571429,2.15,1.6,9.353571428571428,25.960714285714282,29.332142857142856,47.55714285714286,0.8714285714285716,21.025,3.0214285714285714,1.9142857142857141,20.25,3.057142857142857,2.6535714285714285,0.675,14.489285714285714,1.2964285714285713,0.8214285714285715,14.646428571428572,0.9071428571428571,1.0535714285714286,16.607142857142854,18.225,0.7444444444444444,0.4587023314657509,0.820781032078103,0.26693227091633465,0.47500861771802827,0.8503184713375795,0.6934306569343065,0.5501405810684161,0.6837425564891101,0.7745901639344263,0.6891455749957534,0.42907801418439717,0.8973880597014925,0.7232804232804233,0.2967289719626168,0.39703903095558546,0.6397028477094511,0.3832231901471914
Ottman Azaitar,Switch,No,No,No,Ottman Azaitar,0.25,0.0,0.0,0.0,0.07083333333333333,11.5,4.25,1.0,10.75,4.0,2.0,16.75,32.5,17.5,33.5,0.0,24.75,6.5,1.25,23.5,6.75,2.25,0.5,0.0,0.0,0.0,0.2125,11.0,2.25,1.25,7.0,2.0,5.5,14.5,28.0,15.75,29.25,1.0,21.75,4.0,2.25,18.25,2.75,7.0,1.0,10.75,1.75,1.0,11.25,0.75,1.5,13.5,13.5,,0.46464646464646464,0.6538461538461539,0.0,0.4574468085106383,0.5925925925925926,0.8888888888888888,0.5153846153846153,0.5223880597014925,1.0,0.49425287356321834,0.4375,1.0,0.6164383561643836,0.2727272727272727,0.2142857142857143,0.4821428571428571,0.46153846153846156
Melsik Baghdasaryan,Southpaw,No,No,No,Melsik Baghdasaryan,0.08333333333333333,0.0,0.0,0.0,0.22638888888888886,9.416666666666666,8.083333333333334,3.9166666666666665,17.416666666666668,3.5,0.5,21.416666666666668,36.333333333333336,23.583333333333332,39.083333333333336,0.0,20.916666666666668,10.416666666666666,5.0,31.333333333333332,4.333333333333333,0.6666666666666666,0.0,0.4166666666666667,0.08333333333333333,0.0,0.8736111111111112,5.666666666666667,4.166666666666667,2.25,10.666666666666666,1.4166666666666667,0.0,12.083333333333334,30.666666666666668,13.083333333333334,32.083333333333336,1.5,20.083333333333332,7.416666666666667,3.1666666666666665,28.333333333333332,2.3333333333333335,0.0,1.0833333333333333,14.416666666666666,3.25,0.9166666666666666,17.666666666666668,0.9166666666666666,0.0,18.583333333333332,19.0,,0.45019920318725093,0.7760000000000001,0.0,0.5558510638297873,0.8076923076923077,0.75,0.5894495412844036,0.6034115138592749,0.7222222222222222,0.7178423236514522,0.4382022471910112,0.868421052631579,0.6235294117647059,0.3928571428571429,,0.6059782608695652,0.5922077922077922
Tucker Lutz,Orthodox,No,No,No,Tucker Lutz,0.0,0.6666666666666666,0.0,0.0,1.1444444444444444,8.527777777777777,4.888888888888889,2.75,14.111111111111112,1.777777777777778,0.27777777777777773,16.166666666666668,36.05555555555555,20.527777777777775,40.69444444444445,1.638888888888889,25.777777777777775,6.833333333333333,3.4444444444444446,33.47222222222222,2.1944444444444446,0.38888888888888884,0.08333333333333333,0.5555555555555555,0.4166666666666667,0.08333333333333333,1.3300925925925926,8.972222222222221,6.416666666666667,1.6944444444444444,14.222222222222221,2.4166666666666665,0.4444444444444444,17.083333333333332,29.611111111111114,32.25,46.69444444444445,1.388888888888889,19.055555555555557,8.611111111111112,1.9444444444444444,25.972222222222225,3.1111111111111107,0.5277777777777778,0.8333333333333334,10.083333333333334,2.1944444444444446,0.25,11.75,0.6944444444444443,0.08333333333333333,12.527777777777779,14.444444444444445,0.40677966101694907,0.3308189655172414,0.7154471544715448,0.19354838709677416,0.42157676348547723,0.810126582278481,0.7142857142857143,0.44838212634822816,0.5044368600682593,0.6000000000000001,0.5291545189504374,0.2548387096774194,0.7142857142857143,0.45240641711229956,0.2232142857142857,0.1578947368421053,0.42307692307692313,0.30933967876264135
Tyson Nam,Orthodox,No,No,No,Tyson Nam,0.13888888888888887,0.0,0.0,0.0,0.17754629629629629,10.0,3.3194444444444446,3.986111111111111,15.902777777777779,0.4861111111111111,0.9166666666666666,17.305555555555557,51.75,19.055555555555557,54.5,0.2916666666666667,42.125,5.361111111111111,4.263888888888888,49.15277777777778,1.25,1.347222222222222,0.05555555555555555,0.125,0.05555555555555555,0.0,0.08703703703703702,16.36111111111111,2.638888888888889,3.4583333333333335,21.305555555555557,0.9027777777777777,0.25,22.458333333333332,63.861111111111114,22.722222222222225,64.26388888888889,0.9722222222222222,55.125,4.736111111111112,4.0,61.708333333333336,1.5972222222222223,0.5555555555555556,0.8472222222222222,38.763888888888886,2.0972222222222223,0.5416666666666666,40.40277777777778,0.6944444444444445,0.3055555555555555,41.40277777777778,41.541666666666664,0.0,0.23738872403560832,0.6191709844559586,0.0,0.323537722520486,0.3888888888888889,0.6804123711340206,0.33440687063875474,0.34964322120285424,0.8714285714285714,0.7031997984378937,0.4428152492668622,0.96875,0.6547377897816791,0.4347826086956522,0.55,0.6483253588516746,0.6464231683596282
Istela Nunes,Orthodox,No,No,No,Istela Nunes,0.08333333333333333,0.0,0.0,0.0,0.026851851851851846,11.583333333333334,5.5,2.611111111111111,17.333333333333332,2.1944444444444446,0.16666666666666666,19.694444444444443,43.916666666666664,24.111111111111114,48.5,0.0,32.75,8.444444444444445,2.7222222222222228,40.833333333333336,2.5277777777777777,0.5555555555555555,0.2222222222222222,0.9444444444444443,0.16666666666666666,0.0,1.6449074074074075,17.833333333333332,2.0833333333333335,0.7222222222222222,14.361111111111109,1.5833333333333333,4.694444444444444,20.63888888888889,49.75,39.861111111111114,71.19444444444444,1.8055555555555554,45.166666666666664,3.7777777777777772,0.8055555555555555,39.80555555555555,3.0277777777777772,6.916666666666667,0.861111111111111,27.333333333333332,1.6944444444444444,0.08333333333333333,25.444444444444443,1.4444444444444446,2.222222222222222,29.11111111111111,31.333333333333332,,0.35368956743002544,0.6513157894736842,0.0,0.4244897959183673,0.8681318681318683,0.30000000000000004,0.4484503478810879,0.4971363115693013,0.4769230769230769,0.6051660516605166,0.44852941176470573,-0.17241379310344818,0.639218422889044,0.47706422018348615,0.3212851405622491,0.5851479620323841,0.4401092469761997
Viktoriia Dudakova,,No,No,No,Viktoriia Dudakova,0.0,1.0,0.0,0.0,0.1,1.0,2.0,0.0,2.0,0.0,1.0,3.0,11.0,3.0,11.0,1.0,7.0,4.0,0.0,10.0,0.0,1.0,0.0,0.0,0.0,0.0,0.0,1.0,1.0,0.0,2.0,0.0,0.0,2.0,6.0,2.0,6.0,0.0,4.0,2.0,0.0,6.0,0.0,0.0,0.0,3.0,1.0,0.0,4.0,0.0,0.0,4.0,4.0,1.0,0.14285714285714285,0.5,inf,0.2,,1.0,0.2727272727272727,0.2727272727272727,,0.75,0.5,,0.6666666666666667,,,0.6666666666666667,0.6666666666666667
Bo Nickal,,No,No,No,Bo Nickal,0.5,0.5,1.0,0.0,1.2666666666666666,3.5,0.5,0.0,3.0,0.5,0.5,4.0,7.0,5.0,8.0,2.5,6.0,1.0,0.0,5.0,1.5,0.5,0.0,0.0,0.0,0.0,0.0,1.0,0.5,0.0,1.0,0.5,0.0,1.5,5.5,1.5,5.5,0.0,5.0,0.5,0.0,5.0,0.5,0.0,0.0,4.0,0.0,0.0,4.0,0.0,0.0,4.0,4.0,0.2,0.5833333333333334,0.5,inf,0.6,0.3333333333333333,1.0,0.5714285714285714,0.625,,0.8,0.0,,0.8,0.0,,0.7272727272727273,0.7272727272727273
Dan Hooker,Switch,No,No,No,Dan Hooker,0.11963369963369963,0.5202930402930404,0.06981684981684981,0.019047619047619046,1.204086691086691,13.528131868131869,3.6293040293040293,3.891282051282051,18.294139194139195,1.591941391941392,1.1626373626373625,21.04871794871795,40.84564102564103,29.329890109890112,50.06263736263736,1.5848351648351648,30.84468864468864,5.195897435897436,4.805054945054946,36.7174358974359,2.685934065934066,1.4422710622710624,0.029523809523809525,0.2777289377289377,0.4328205128205128,0.015384615384615385,0.4014737484737485,17.681831501831503,3.0786813186813182,2.01018315018315,18.99164835164835,1.85985347985348,1.9191941391941392,22.77069597069597,42.95164835164835,29.402051282051282,50.383589743589745,1.192820512820513,36.24827838827839,4.1434432234432235,2.5599267399267402,37.95252747252747,2.6913553113553115,2.3077655677655677,0.915091575091575,18.566446886446887,1.0647619047619048,0.5497435897435897,18.96087912087912,0.8315018315018315,0.38857142857142857,20.18095238095238,20.981538461538463,0.32829473489576116,0.438588699142579,0.6984941627657775,0.10828035188827395,0.49824119650513876,0.5926956331996837,0.8061157108751966,0.5153234817762935,0.5858638628531291,0.7671661957990419,0.5122021710264375,0.2569751405636692,0.8915090289900696,0.4995946352875773,0.30895282685031433,0.16837560712358335,0.46985280322024936,0.41643595798387756
Jimmy Crute,Orthodox,No,No,No,Jimmy Crute,0.1111111111111111,0.9814814814814814,0.7777777777777777,0.1851851851851852,2.124074074074074,6.7407407407407405,1.3148148148148149,1.1481481481481481,4.537037037037037,1.5,3.1666666666666665,9.203703703703704,17.944444444444443,19.796296296296298,31.14814814814815,2.111111111111111,15.074074074074074,1.5740740740740742,1.2962962962962963,11.722222222222221,1.6851851851851851,4.537037037037037,0.1851851851851852,0.2962962962962963,0.14814814814814814,0.1851851851851852,0.8820987654320988,8.185185185185185,0.9444444444444445,0.3703703703703704,7.87037037037037,0.7037037037037037,0.9259259259259259,9.5,16.72222222222222,18.5,26.148148148148152,0.7962962962962963,15.222222222222221,1.1296296296296295,0.3703703703703704,14.870370370370372,0.7407407407407408,1.1111111111111112,0.5,7.037037037037037,0.1851851851851852,0.0,7.0,0.037037037037037035,0.1851851851851852,7.222222222222222,7.648148148148148,0.46491228070175433,0.44717444717444715,0.8352941176470589,0.7571428571428571,0.38704581358609796,0.8901098901098902,0.6979591836734693,0.5128998968008257,0.6355529131985732,0.627906976744186,0.46228710462287104,0.16393442622950805,0.20000000000000007,0.47073474470734755,0.050000000000000044,0.16666666666666674,0.43189368770764114,0.2924929178470256
Esteban Ribovics,,No,No,No,Esteban Ribovics,0.16666666666666666,0.3333333333333333,0.16666666666666666,0.16666666666666666,0.29444444444444445,24.333333333333332,4.666666666666667,1.1666666666666667,25.5,1.8333333333333333,2.8333333333333335,30.166666666666668,55.166666666666664,38.833333333333336,64.33333333333333,0.5,48.5,5.333333333333333,1.3333333333333333,49.333333333333336,2.3333333333333335,3.5,0.0,2.3333333333333335,0.16666666666666666,0.0,2.3305555555555557,11.5,3.0,1.5,14.666666666666666,1.0,0.3333333333333333,16.0,32.0,25.5,44.0,5.833333333333333,27.0,3.5,1.5,30.333333333333332,1.3333333333333333,0.3333333333333333,3.5,15.5,0.5,0.0,15.666666666666666,0.3333333333333333,0.0,16.0,18.5,0.6666666666666666,0.5017182130584192,0.8750000000000001,0.25,0.5168918918918919,0.7857142857142856,0.8095238095238095,0.5468277945619335,0.6036269430051814,0.6,0.5740740740740741,0.1428571428571429,-0.5555555555555556,0.5164835164835164,0.25,0.0,0.5,0.4204545454545454
Kamuela Kirk,Switch,No,No,No,Kamuela Kirk,0.0,0.4444444444444444,0.4444444444444444,0.0,1.0564814814814814,7.388888888888888,3.0555555555555554,2.611111111111111,11.833333333333334,1.0555555555555556,0.16666666666666666,13.055555555555555,27.722222222222225,30.444444444444446,47.333333333333336,2.0555555555555554,20.166666666666668,4.611111111111111,2.944444444444444,26.277777777777775,1.277777777777778,0.16666666666666666,0.0,1.1666666666666667,0.1111111111111111,0.0,1.674074074074074,16.777777777777775,3.9444444444444446,1.0,17.166666666666668,1.6666666666666667,2.888888888888889,21.722222222222218,41.833333333333336,27.444444444444443,48.55555555555555,1.7777777777777777,35.27777777777778,5.4444444444444455,1.111111111111111,35.666666666666664,2.0555555555555554,4.111111111111111,0.611111111111111,18.5,1.5,0.1111111111111111,18.5,0.38888888888888884,1.2222222222222223,20.11111111111111,21.11111111111111,0.21621621621621623,0.3663911845730027,0.6626506024096386,0.1509433962264151,0.45031712473572943,0.826086956521739,1.0,0.47094188376753504,0.6431924882629108,0.3437499999999999,0.5244094488188977,0.27551020408163274,-0.050000000000000266,0.5186915887850467,0.18918918918918903,0.29729729729729726,0.4807436918990705,0.4347826086956521
Niko Price,Orthodox,No,No,No,Niko Price,0.11666666666666665,0.18333333333333335,0.15,0.0625,0.5972222222222222,16.5625,3.9249999999999994,6.591666666666666,21.829166666666666,2.4625,2.7875,27.079166666666666,60.75833333333333,36.025,71.48333333333333,0.9,46.87916666666666,6.433333333333334,7.445833333333333,53.26250000000001,3.975,3.5208333333333335,0.1625,0.2708333333333333,0.20833333333333334,0.0,0.6440277777777778,17.816666666666666,4.870833333333334,3.3958333333333335,21.7,1.9416666666666667,2.441666666666667,26.083333333333332,50.01666666666667,28.6375,52.95416666666667,0.9458333333333333,40.06666666666667,6.333333333333333,3.6166666666666667,43.2875,2.4791666666666665,4.25,0.6749999999999999,22.25,1.4625000000000001,0.22083333333333333,21.587500000000002,0.5375,1.8083333333333333,23.933333333333334,24.316666666666666,0.20370370370370372,0.35330192871744737,0.610103626943005,0.02462227196418579,0.4098411953375576,0.6194968553459119,0.7917159763313609,0.44568646276230967,0.5039636278852879,0.7136563876651982,0.555324459234609,0.23092105263157892,0.9251152073732719,0.4987005486572337,0.21680672268907564,0.4254901960784313,0.47850716427857387,0.45920214021559536
Robbie Lawler,Southpaw,Yes,No,Yes,Robbie Lawler,0.12700751879699249,0.20733834586466166,0.0,0.047097744360902256,0.40078045112781957,15.733323308270675,3.316812030075188,0.6762706766917292,14.492180451127819,3.474556390977443,1.7596691729323308,19.726406015037593,41.22436090225564,23.94742857142857,45.678195488721805,0.2704360902255639,36.40953383458647,4.0464060150375945,0.7684210526315789,33.76742857142857,4.9469473684210525,2.5099849624060147,0.018526315789473686,0.49245112781954886,0.06309774436090225,0.0,0.7939904761904761,16.671248120300753,4.868451127819549,3.984481203007519,20.54845112781955,4.518616541353383,0.4571127819548872,25.52418045112782,60.81936842105263,29.587639097744365,65.20117293233082,1.5766616541353384,49.26517293233083,6.767879699248121,4.786315789473685,53.49957894736842,6.680992481203008,0.6387969924812029,1.0842105263157893,32.593924812030075,1.8994285714285712,0.8018345864661655,32.95112781954887,2.162375939849624,0.18168421052631578,35.29518796992481,35.61353383458647,0.7666814946619217,0.4321209763285993,0.8196933322432233,0.2698238747553816,0.42917631173698556,0.7023637270041219,0.7010676156583631,0.478513325211022,0.5242638925467474,0.6876621394781017,0.6616017537744183,0.2806534181805256,0.8971126959690848,0.6159137785358159,0.32366088510554025,0.2844161958568737,0.5803280909722071,0.546210017901795
Alexandr Romanov,Southpaw,No,No,No,Alexandr Romanov,0.0,1.0027777777777778,0.19166666666666665,0.06666666666666667,1.8741666666666668,14.033333333333333,2.591666666666667,2.5861111111111112,9.522222222222224,1.336111111111111,8.352777777777778,19.211111111111112,37.10277777777778,26.21388888888889,46.15555555555556,1.9055555555555557,31.122222222222224,3.2416666666666667,2.738888888888889,20.169444444444448,1.5722222222222222,15.361111111111112,0.0,0.3055555555555555,0.0,0.0,0.3526388888888889,7.530555555555555,1.9416666666666667,1.5277777777777777,9.61111111111111,0.9638888888888889,0.425,11.0,22.938888888888886,17.597222222222225,30.37777777777778,0.37222222222222223,18.502777777777776,2.716666666666667,1.7194444444444443,21.230555555555554,1.2416666666666667,0.4666666666666666,0.06666666666666667,10.972222222222223,0.775,0.19166666666666665,11.619444444444445,0.27777777777777773,0.041666666666666664,11.93888888888889,12.780555555555557,0.5262390670553936,0.45091038914673326,0.7994858611825193,0.3661257606490872,0.47211127943809394,0.8498233215547703,0.5437613019891501,0.5177809388335703,0.5679465575349061,0.17910447761194037,0.5930040534454286,0.2852760736196319,0.8222940226171244,0.5472981813424048,0.22371364653243853,0.08928571428571419,0.5204650036328409,0.42072055596196045
Blagoy Ivanov,Southpaw,No,No,No,Blagoy Ivanov,0.025,0.15,0.025,0.0,0.28124999999999994,12.95,3.0,0.2,14.675,1.275,0.2,16.15,47.05,17.85,48.875,0.375,43.45,3.4,0.2,45.2,1.625,0.225,0.0,0.125,0.0,0.0,0.41,13.55,7.625,2.45,21.75,1.625,0.25,23.625,51.05,25.3,53.2,0.5,37.825,10.5,2.725,48.225,2.425,0.4,0.375,24.275,2.875,0.275,26.475,0.8,0.15,27.425,27.9,0.39999999999999997,0.2980437284234752,0.8823529411764706,0.7499999999999999,0.32466814159292035,0.7846153846153846,0.888888888888889,0.3432518597236982,0.3652173913043479,0.75,0.64177131526768,0.27380952380952384,0.9541284403669725,0.5489891135303266,0.3298969072164948,0.375,0.5372184133202742,0.5244360902255639
Melissa Gatto,Orthodox,No,No,No,Melissa Gatto,0.1111111111111111,0.3333333333333333,0.08333333333333333,0.27777777777777773,0.950925925925926,10.416666666666666,4.5,2.972222222222222,15.333333333333334,1.9722222222222223,0.5833333333333334,17.88888888888889,37.30555555555555,26.972222222222225,47.55555555555555,1.6944444444444444,26.083333333333332,7.0,4.222222222222222,33.69444444444444,2.9166666666666665,0.6944444444444443,0.0,0.3611111111111111,0.1111111111111111,0.3333333333333333,1.535648148148148,7.222222222222221,4.416666666666667,2.777777777777778,9.916666666666666,1.6666666666666667,2.8333333333333335,14.416666666666666,31.944444444444446,21.63888888888889,40.19444444444445,0.9722222222222222,22.777777777777775,6.194444444444444,2.972222222222222,25.88888888888889,2.0,4.055555555555556,0.611111111111111,15.555555555555557,1.7777777777777777,0.19444444444444442,15.972222222222223,0.3333333333333333,1.2222222222222223,17.527777777777775,18.555555555555557,0.19672131147540983,0.3993610223642172,0.6428571428571429,0.07894736842105263,0.45507007419620776,0.6761904761904762,0.8400000000000002,0.479523454951601,0.5671728971962618,0.6285714285714286,0.6829268292682926,0.2869955156950671,0.8785046728971962,0.6169527896995708,0.16666666666666663,0.3013698630136987,0.548695652173913,0.4616447823082239
Nursulton Ruziboev,,No,No,No,Nursulton Ruziboev,0.0,1.0,0.0,0.0,0.0166666666666666,5.0,0.0,1.0,3.0,0.0,3.0,6.0,9.0,6.0,9.0,1.0,8.0,0.0,1.0,5.0,0.0,4.0,0.0,0.0,0.0,0.0,0.0,0.0,0.0,3.0,3.0,0.0,0.0,3.0,5.0,3.0,5.0,0.0,0.0,1.0,4.0,5.0,0.0,0.0,0.0,0.0,1.0,1.0,2.0,0.0,0.0,2.0,2.0,1.0,0.625,,1.0,0.6,,0.75,0.6666666666666666,0.6666666666666666,,,1.0,1.0,0.4,,,0.4,0.4
Damir Ismagulov,Orthodox,No,No,No,Damir Ismagulov,0.047619047619047616,0.3333333333333333,0.0,0.047619047619047616,0.938095238095238,9.142857142857144,5.285714285714286,2.380952380952381,14.0,0.8571428571428572,1.9523809523809526,16.80952380952381,39.285714285714285,26.19047619047619,50.23809523809524,1.1904761904761905,28.476190476190478,8.0,2.8095238095238098,35.23809523809524,1.1904761904761905,2.857142857142857,0.047619047619047616,0.5238095238095238,0.09523809523809523,0.0,1.1015873015873017,6.571428571428572,2.9523809523809526,2.6666666666666665,9.80952380952381,1.3333333333333333,1.0476190476190477,12.19047619047619,31.428571428571427,16.523809523809522,37.0,1.7619047619047619,23.80952380952381,4.238095238095238,3.380952380952381,28.666666666666668,1.5714285714285714,1.1904761904761905,1.2380952380952381,17.238095238095237,1.2857142857142856,0.7142857142857143,18.857142857142858,0.23809523809523805,0.14285714285714285,19.238095238095237,20.476190476190478,0.27999999999999997,0.3210702341137124,0.6607142857142857,0.11864406779661016,0.3972972972972973,0.7200000000000001,0.6833333333333333,0.4278787878787879,0.5213270142180094,0.7027027027027026,0.724,0.3033707865168539,0.8450704225352113,0.6578073089700996,0.1515151515151515,0.12,0.6121212121212121,0.5534105534105535
Guram Kutateladze,Orthodox,No,No,No,Guram Kutateladze,0.1111111111111111,0.2222222222222222,0.0,0.0,0.33888888888888885,10.0,7.555555555555556,4.666666666666667,17.0,4.222222222222222,1.0,22.222222222222225,48.444444444444436,24.666666666666668,51.111111111111114,1.222222222222222,32.333333333333336,10.777777777777777,5.333333333333333,41.77777777777778,5.111111111111112,1.5555555555555554,0.1111111111111111,0.7777777777777777,0.0,0.0,0.7833333333333332,16.333333333333332,3.888888888888889,1.5555555555555556,18.444444444444443,1.4444444444444446,1.888888888888889,21.777777777777775,50.0,27.222222222222225,57.0,3.222222222222222,42.88888888888889,5.0,2.111111111111111,44.333333333333336,2.222222222222222,3.444444444444444,2.444444444444444,26.555555555555557,1.111111111111111,0.5555555555555555,25.88888888888889,0.7777777777777777,1.5555555555555554,28.222222222222218,29.777777777777782,0.18181818181818182,0.3092783505154639,0.7010309278350517,0.041666666666666664,0.40691489361702127,0.826086956521739,0.6428571428571429,0.45871559633027537,0.4826086956521739,0.7586206896551724,0.6191709844559586,0.2222222222222222,0.6315789473684211,0.5839598997493736,0.34999999999999976,0.4516129032258064,0.5644444444444445,0.5224171539961013
Ismael Bonfim,,No,No,No,Ismael Bonfim,0.5,0.25,0.0,0.0,0.2375,9.0,6.0,1.25,12.0,4.0,0.25,16.25,25.0,17.5,26.5,1.0,17.25,6.5,1.25,20.75,4.0,0.25,0.0,0.5,0.5,0.0,1.325,4.75,3.75,0.0,7.5,0.5,0.5,8.5,28.0,15.5,35.75,2.5,22.25,5.75,0.0,25.75,1.75,0.5,2.0,17.5,2.0,0.0,18.25,1.25,0.0,19.5,20.25,0.25,0.5217391304347826,0.9230769230769231,0.2,0.5783132530120482,1.0,1.0,0.65,0.660377358490566,0.8,0.7865168539325843,0.34782608695652173,-inf,0.7087378640776699,0.7142857142857143,0.0,0.6964285714285714,0.5664335664335665
Ivana Petrovic,,No,No,No,Ivana Petrovic,0.0,0.6666666666666666,0.6666666666666666,0.3333333333333333,1.3944444444444446,5.0,1.6666666666666667,0.6666666666666666,5.333333333333333,1.3333333333333333,0.6666666666666666,7.333333333333333,20.666666666666668,25.666666666666668,40.666666666666664,2.0,17.0,2.6666666666666665,1.0,16.666666666666668,3.3333333333333335,0.6666666666666666,0.0,0.3333333333333333,0.0,0.0,1.9166666666666667,6.0,3.6666666666666665,4.0,9.0,2.3333333333333335,2.3333333333333335,13.666666666666666,29.0,37.333333333333336,55.666666666666664,1.0,20.0,5.0,4.0,22.0,2.6666666666666665,4.333333333333333,0.6666666666666666,14.0,1.3333333333333333,0.0,13.0,0.3333333333333333,2.0,15.333333333333334,18.333333333333332,0.3333333333333333,0.29411764705882354,0.6250000000000001,0.6666666666666666,0.31999999999999995,0.39999999999999997,1.0,0.3548387096774193,0.6311475409836066,0.6666666666666667,0.7,0.2666666666666667,0.9166666666666666,0.5909090909090908,0.12499999999999989,0.46153846153846145,0.5287356321839081,0.3293413173652694
Kevin Lee,Orthodox,No,No,Yes,Kevin Lee,0.010526315789473684,0.7176052018157282,0.15539197644460803,0.028708133971291867,1.7320737741790375,14.50644092749356,2.730229419703104,0.5932646301067355,11.469954606796712,0.9609863820390137,5.398993988467672,17.8299349773034,41.35848362164152,24.656974604343027,49.07707029812293,2.034731934731935,37.07855477855478,3.686664212980003,0.5932646301067355,33.06271623113729,1.3040853882959147,6.991682002208319,0.031578947368421054,0.14280456385719545,0.21999754631333576,0.04409274935590725,0.2719797161902425,12.421126242178875,3.202723592197276,2.173954116059379,15.747331615752667,0.9107103422892896,1.1397619923935713,17.79780395043553,35.111311495522024,20.262115077904554,37.82118758434548,0.5842227947491105,28.293485461906517,4.379205005520795,2.4386210280947127,32.45139246718194,1.1838056680161944,1.4761133603238865,0.4414182308919151,15.872359219727638,1.1764814133235186,0.2646669120353331,16.704060851429272,0.27309532572690465,0.3363513679303153,17.31350754508649,17.559072506440927,0.3526780061621576,0.3912353384356741,0.7405690515806987,1.2095870297992017,0.3469150727548125,0.7369044931135696,0.7722024523944886,0.43110707685553507,0.5024133358931593,0.7555648887022259,0.5609898872691984,0.2686518242101814,0.941440444328175,0.5147409581367601,0.23069269991294616,0.22786283016672482,0.49310341333432106,0.464265498466494
Yana Santos,,No,No,No,Yana Santos,0.0,0.0,0.0,0.0,0.8666666666666667,3.8333333333333335,8.333333333333334,7.166666666666667,13.0,6.333333333333333,0.0,19.333333333333332,33.666666666666664,45.166666666666664,66.33333333333333,0.0,15.166666666666666,9.333333333333334,9.166666666666666,25.0,8.666666666666666,0.0,0.0,0.8333333333333334,0.0,0.0,1.75,10.166666666666666,4.333333333333333,1.8333333333333333,10.333333333333334,2.6666666666666665,3.3333333333333335,16.333333333333332,32.166666666666664,37.0,57.333333333333336,1.1666666666666667,24.0,5.5,2.6666666666666665,23.166666666666668,3.1666666666666665,5.833333333333333,0.3333333333333333,13.833333333333334,1.1666666666666667,0.8333333333333334,12.833333333333334,0.5,2.5,15.833333333333334,20.333333333333332,,0.2527472527472528,0.8928571428571429,0.0,0.52,0.7307692307692308,,0.5742574257425742,0.6809045226130653,0.2857142857142857,0.5763888888888888,0.21212121212121215,0.6875,0.5539568345323741,0.1578947368421053,0.4285714285714285,0.49222797927461137,0.35465116279069775
Sedriques Dumas,,No,No,No,Sedriques Dumas,0.0,0.0,0.0,0.5,2.3555555555555556,3.6666666666666665,0.8333333333333334,2.0,3.8333333333333335,0.5,2.1666666666666665,6.5,11.666666666666666,20.333333333333332,28.333333333333332,0.16666666666666666,7.5,1.6666666666666667,2.5,8.666666666666666,0.5,2.5,0.0,0.8333333333333334,0.6666666666666666,0.3333333333333333,1.3166666666666667,4.166666666666667,1.0,1.1666666666666667,5.333333333333333,0.6666666666666666,0.3333333333333333,6.333333333333333,12.333333333333334,15.5,23.166666666666668,1.3333333333333333,9.5,1.3333333333333333,1.5,11.333333333333334,0.6666666666666666,0.3333333333333333,0.5,5.333333333333333,0.3333333333333333,0.3333333333333333,6.0,0.0,0.0,6.0,7.666666666666667,0.0,0.4888888888888889,0.5,0.0,0.44230769230769235,1.0,0.8666666666666666,0.5571428571428572,0.7176470588235294,0.3749999999999999,0.5614035087719298,0.25,0.4444444444444444,0.5294117647058825,0.0,0.0,0.4864864864864865,0.3309352517985612
David Onama,Orthodox,No,No,No,David Onama,0.21666666666666667,0.21666666666666667,0.08333333333333333,0.16666666666666666,0.5530555555555555,20.8,2.5833333333333335,0.7166666666666667,19.766666666666666,1.9666666666666668,2.3666666666666667,24.099999999999998,51.98333333333333,29.766666666666666,59.25,1.3499999999999999,47.25,4.016666666666667,0.7166666666666667,45.11666666666667,2.75,4.116666666666666,0.0,1.2666666666666666,0.3,0.06666666666666667,1.7866666666666664,18.616666666666667,4.933333333333334,2.1333333333333333,18.900000000000002,4.033333333333333,2.75,25.683333333333334,51.38333333333333,34.6,63.583333333333336,2.3833333333333333,41.6,6.866666666666667,2.9166666666666665,41.016666666666666,6.366666666666667,4.0,1.1166666666666667,22.983333333333334,1.9333333333333333,0.7833333333333333,22.116666666666664,2.3333333333333335,1.25,25.7,28.983333333333334,0.16049382716049385,0.4402116402116402,0.6431535269709544,0.3023255813953488,0.4381233838197266,0.7151515151515152,0.5748987854251013,0.4636101314523886,0.5023909985935302,0.46853146853146854,0.5524839743589743,0.2815533980582524,0.5657142857142857,0.539211702559935,0.3664921465968587,0.3125,0.5001621796951021,0.4558322411533421
Gabriel Santos,,No,No,No,Gabriel Santos,0.0,1.5,0.3333333333333333,0.0,1.1861111111111111,10.333333333333334,6.833333333333333,4.166666666666667,18.0,3.0,0.3333333333333333,21.333333333333332,38.5,27.833333333333332,45.166666666666664,3.3333333333333335,23.166666666666668,9.666666666666666,5.666666666666667,34.666666666666664,3.1666666666666665,0.6666666666666666,0.16666666666666666,0.16666666666666666,0.0,0.16666666666666666,0.8777777777777778,22.333333333333332,5.833333333333333,2.0,24.833333333333332,3.3333333333333335,2.0,30.166666666666668,54.0,36.0,61.166666666666664,0.5,43.333333333333336,8.666666666666666,2.0,47.333333333333336,3.6666666666666665,3.0,0.3333333333333333,21.0,2.8333333333333335,0.0,22.5,0.3333333333333333,1.0,23.833333333333332,25.166666666666668,0.44999999999999996,0.4460431654676259,0.7068965517241379,0.2647058823529412,0.5192307692307693,0.9473684210526316,0.5,0.5541125541125541,0.6162361623616236,0.6666666666666667,0.48461538461538467,0.32692307692307687,0.9166666666666666,0.47535211267605637,0.09090909090909083,0.33333333333333337,0.441358024691358,0.41144414168937327
Phil Rowe,Orthodox,No,No,No,Phil Rowe,0.13333333333333333,0.35555555555555557,0.13333333333333333,0.13333333333333333,0.9662962962962962,10.377777777777778,2.2,2.5555555555555554,13.133333333333333,1.7555555555555555,0.24444444444444446,15.133333333333333,30.777777777777775,17.599999999999998,33.888888888888886,0.888888888888889,25.133333333333336,2.911111111111111,2.733333333333333,27.88888888888889,2.3111111111111113,0.5777777777777778,0.17777777777777778,0.5333333333333333,0.06666666666666667,0.0,1.4948148148148146,12.466666666666667,3.0,3.888888888888889,14.28888888888889,2.7777777777777772,2.288888888888889,19.355555555555554,42.4,37.97777777777778,63.24444444444444,1.4222222222222223,34.044444444444444,4.333333333333333,4.022222222222222,35.46666666666667,4.377777777777777,2.5555555555555554,0.8888888888888888,21.57777777777778,1.3333333333333333,0.13333333333333333,21.177777777777777,1.5999999999999999,0.26666666666666666,23.04444444444444,25.266666666666666,0.39999999999999997,0.41290893015030944,0.7557251908396948,0.13008130081300814,0.4709163346613546,0.7596153846153846,0.4230769230769231,0.4916967509025271,0.5193442622950819,0.625,0.6338120104438643,0.3076923076923076,0.8674033149171271,0.5971177944862156,0.36548223350253817,0.10434782608695636,0.5435010482180294,0.39950808151791983
Trevor Peek,,No,No,No,Trevor Peek,0.3333333333333333,0.0,0.0,0.3333333333333333,0.44999999999999996,12.333333333333334,7.666666666666667,1.5,15.833333333333334,4.666666666666667,1.0,21.5,46.166666666666664,25.333333333333332,50.333333333333336,0.16666666666666666,34.5,10.166666666666666,1.5,37.833333333333336,7.166666666666667,1.1666666666666667,0.0,1.5,0.16666666666666666,0.3333333333333333,1.8999999999999997,14.833333333333334,3.1666666666666665,2.5,12.833333333333334,5.5,2.1666666666666665,20.5,35.333333333333336,42.666666666666664,61.666666666666664,4.333333333333333,29.0,3.8333333333333335,2.5,25.333333333333332,6.5,3.5,2.8333333333333335,14.166666666666666,0.6666666666666666,0.0,12.5,1.0,1.3333333333333333,14.833333333333334,19.0,0.0,0.35748792270531404,0.7540983606557378,0.0,0.4185022026431718,0.6511627906976745,0.8571428571428571,0.4657039711191336,0.5033112582781456,0.6538461538461537,0.4885057471264368,0.17391304347826098,0.4,0.49342105263157887,0.15384615384615385,0.38095238095238104,0.41981132075471705,0.30810810810810807
Zhalgas Zhumagulov,Switch,No,No,No,Zhalgas Zhumagulov,0.0,0.40952380952380957,0.047619047619047616,0.0,0.503968253968254,9.17142857142857,8.028571428571428,7.9714285714285715,23.961904761904762,1.0761904761904761,0.13333333333333333,25.171428571428574,58.77142857142857,29.895238095238096,64.15238095238095,2.1523809523809523,36.523809523809526,13.114285714285714,9.133333333333333,56.857142857142854,1.6190476190476193,0.29523809523809524,0.09523809523809523,0.11428571428571428,0.0,0.0,0.35873015873015873,16.952380952380953,7.3619047619047615,4.114285714285715,25.895238095238096,2.2666666666666666,0.26666666666666666,28.42857142857143,59.34285714285715,37.08571428571429,68.70476190476191,0.4761904761904762,44.26666666666667,10.266666666666666,4.809523809523809,56.047619047619044,2.961904761904762,0.3333333333333333,0.36190476190476195,27.314285714285713,2.904761904761905,0.6952380952380953,30.152380952380952,0.6952380952380953,0.06666666666666667,30.91428571428571,31.61904761904762,0.19026548672566373,0.2511082138200782,0.6122004357298475,0.0448383733055266,0.42144053601340037,0.664705882352941,0.45161290322580644,0.4282936315021877,0.46600356294536815,0.76,0.617039586919105,0.2829313543599258,0.9762376237623762,0.5379779099405267,0.234726688102894,0.19999999999999996,0.5209436687530091,0.46021624618796786
Ronnie Lawrence,Switch,No,No,No,Ronnie Lawrence,0.3055555555555555,1.5833333333333333,0.0,0.1111111111111111,1.6449074074074075,9.63888888888889,2.361111111111111,2.2777777777777777,6.527777777777778,0.5,7.25,14.277777777777779,24.36111111111111,18.805555555555554,29.388888888888886,1.861111111111111,17.694444444444446,4.027777777777778,2.638888888888889,12.916666666666666,0.6666666666666666,10.777777777777777,0.2222222222222222,1.0833333333333333,0.38888888888888884,0.3055555555555555,1.510185185185185,6.361111111111111,1.361111111111111,1.3888888888888886,4.888888888888888,1.0555555555555556,3.1666666666666665,9.11111111111111,19.11111111111111,24.722222222222225,38.55555555555556,1.888888888888889,15.472222222222221,2.1666666666666665,1.472222222222222,12.805555555555555,1.6666666666666667,4.638888888888889,0.8055555555555555,9.111111111111112,0.8055555555555557,0.08333333333333333,7.916666666666667,0.611111111111111,1.4722222222222223,10.0,13.833333333333334,0.8507462686567164,0.5447409733124019,0.5862068965517242,0.6,0.5053763440860215,0.75,0.6726804123711341,0.5860889395667047,0.6398865784499055,0.42647058823529416,0.5888689407540395,0.3717948717948718,0.26415094339622636,0.6182212581344902,0.3666666666666667,0.3173652694610779,0.5232558139534884,0.3587896253602305
Jared Cannonier,Switch,No,No,Yes,Jared Cannonier,0.08055555555555556,0.20555555555555555,0.0,0.0,0.3827083333333333,14.743055555555554,5.191666666666667,3.180555555555556,19.42361111111111,2.1875,1.5041666666666669,23.115277777777777,44.64583333333333,27.270833333333332,49.30277777777778,0.45555555555555555,33.975,6.898611111111111,3.772222222222222,40.18194444444445,2.676388888888889,1.7875,0.07638888888888888,0.35277777777777775,0.025,0.0,0.5879398148148149,14.686111111111112,3.427777777777778,2.802777777777778,19.81111111111111,0.5416666666666666,0.5638888888888889,20.916666666666664,51.222222222222214,25.175,56.33333333333333,1.0416666666666665,42.93055555555556,4.965277777777778,3.3263888888888884,49.05,1.0638888888888889,1.1083333333333334,0.6888888888888889,28.244444444444447,1.5375,0.523611111111111,29.23888888888889,0.5222222222222223,0.5444444444444445,30.305555555555554,31.15833333333333,0.45121951219512196,0.43393835336440184,0.7525669418159856,0.054491899852724596,0.4833915177491272,0.8173326414115205,0.8414918414918415,0.5177477057085084,0.5531297537889458,0.6613333333333333,0.6579100614687803,0.30965034965034954,0.8939457202505219,0.5961037490089478,0.4908616187989556,0.4912280701754387,0.5916485900216919,0.5531065088757396
Marvin Vettori,Southpaw,No,No,Yes,Marvin Vettori,0.013333333333333332,0.5887179487179488,0.11487179487179486,0.015384615384615385,1.1823076923076923,18.845128205128205,2.644102564102564,2.281025641025641,20.945641025641027,1.4789743589743591,1.3456410256410256,23.770256410256412,51.175384615384615,31.993846153846153,61.347692307692306,1.4441025641025642,45.409230769230774,3.2707692307692313,2.4953846153846153,47.04,2.2256410256410257,1.9097435897435897,0.0,0.26974358974358975,0.0,0.055384615384615386,0.2966837606837607,13.969230769230768,4.1692307692307695,4.162051282051282,20.175384615384615,1.4112820512820512,0.7138461538461539,22.30051282051282,50.34871794871795,28.03897435897436,56.60307692307693,0.7261538461538463,40.09128205128205,5.406153846153846,4.851282051282051,47.139487179487176,2.192820512820513,1.0164102564102564,0.4564102564102564,26.12205128205128,1.236923076923077,0.6892307692307693,26.964102564102564,0.7815384615384615,0.30256410256410254,28.048205128205133,28.564102564102562,0.4076704545454546,0.41500655011970905,0.8084038883662589,0.23592272914097825,0.44527298098726675,0.6645161290322581,0.7046186895810956,0.46448613115279785,0.521516701775504,0.6285310734463277,0.6515643787254727,0.22879908935685822,0.9443974630021141,0.5720067013337394,0.35640785781103845,0.2976791120080726,0.5570788347932369,0.5046386895701964
Gabriella Fernandes,,No,No,No,Gabriella Fernandes,0.0,0.0,0.0,0.0,0.03888888888888887,3.5,2.1666666666666665,2.5,7.833333333333333,0.3333333333333333,0.0,8.166666666666666,17.166666666666668,16.833333333333332,26.333333333333332,0.16666666666666666,11.833333333333334,2.6666666666666665,2.6666666666666665,16.666666666666668,0.5,0.0,0.0,1.1666666666666667,0.0,0.0,3.727777777777778,9.166666666666666,2.5,1.8333333333333333,5.5,1.3333333333333333,6.666666666666667,13.5,25.5,55.0,75.0,3.0,19.333333333333332,3.6666666666666665,2.5,16.0,1.3333333333333333,8.166666666666666,1.8333333333333333,10.166666666666666,1.1666666666666667,0.6666666666666666,10.5,0.0,1.5,12.0,20.0,0.0,0.29577464788732394,0.8125,0.0,0.47,0.6666666666666666,,0.4757281553398058,0.6392405063291139,0.6111111111111112,0.5258620689655172,0.3181818181818181,0.5333333333333333,0.65625,0.0,0.18367346938775497,0.47058823529411764,0.2666666666666667
Tereza Bleda,,No,No,No,Tereza Bleda,0.0,0.6666666666666666,0.3333333333333333,0.0,2.6305555555555555,7.666666666666667,3.1666666666666665,1.6666666666666667,5.0,2.0,5.5,12.5,24.333333333333332,34.333333333333336,48.333333333333336,2.8333333333333335,17.166666666666668,4.666666666666667,2.5,16.0,2.3333333333333335,6.0,0.16666666666666666,0.0,0.0,0.16666666666666666,0.3972222222222222,6.166666666666667,2.0,3.1666666666666665,10.5,0.3333333333333333,0.5,11.333333333333334,19.833333333333332,18.166666666666668,26.833333333333332,0.5,14.0,2.5,3.3333333333333335,18.333333333333332,0.8333333333333334,0.6666666666666666,0.5,7.833333333333333,0.5,0.16666666666666666,7.833333333333333,0.5,0.16666666666666666,8.5,8.666666666666666,0.2352941176470588,0.4466019417475728,0.6785714285714285,0.26666666666666666,0.3125,0.8571428571428571,0.9166666666666666,0.5136986301369864,0.7103448275862069,1.0,0.5595238095238095,0.19999999999999996,1.0,0.42727272727272725,0.6000000000000001,0.25,0.4285714285714285,0.3229813664596273
Amanda Nunes,Orthodox,Yes,No,Yes,Amanda Nunes,0.12222222222222223,0.9305555555555556,0.17777777777777776,0.0,1.718888888888889,13.011111111111111,2.5277777777777777,3.6166666666666663,13.238888888888889,0.7555555555555555,5.161111111111111,19.155555555555555,36.38333333333333,27.91388888888889,46.952777777777776,1.661111111111111,27.16388888888889,4.0,5.219444444444444,27.125,1.1472222222222221,8.11111111111111,0.0,0.12777777777777777,0.14444444444444443,0.02222222222222222,0.2789351851851852,7.569444444444445,1.5444444444444445,1.9444444444444442,8.688888888888888,1.0138888888888888,1.3555555555555556,11.058333333333334,27.119444444444447,19.63888888888889,36.961111111111116,0.6388888888888888,22.275,2.3472222222222223,2.4972222222222222,23.61111111111111,1.4388888888888889,2.0694444444444446,0.5111111111111111,14.705555555555554,0.8027777777777777,0.5527777777777778,14.922222222222222,0.425,0.7138888888888889,16.06111111111111,17.322222222222223,0.5602006688963211,0.478985581347786,0.6319444444444444,0.17828632251197446,0.48806963645673324,0.6585956416464891,0.6363013698630138,0.5264925942892045,0.5945098503224281,0.8,0.660182067589475,0.34201183431952664,0.9488320355951056,0.632,0.29536679536679544,0.34496644295302015,0.5922359930349278,0.468660754546821
Charles Oliveira,Orthodox,Yes,No,Yes,Charles Oliveira,0.10471491228070175,0.5585404483430799,0.7151559454191032,0.08388157894736842,0.9878654970760233,6.847344054580897,3.21875,1.7265472709551657,6.810246101364522,2.385233918128655,2.597161306042885,11.792641325536062,22.237755847953213,17.500974658869396,28.346064814814813,1.4025341130604287,15.448830409356725,4.64613791423002,2.142787524366472,15.644432261208578,3.2000487329434697,3.3932748538011697,0.05921052631578947,0.28673245614035087,0.16642300194931772,0.1313352826510721,1.061598440545809,7.962171052631579,2.0523269980506824,0.8612329434697855,7.441946881091618,1.003472222222222,2.4303118908382064,10.875730994152045,22.399731968810915,15.127741228070176,27.15125487329435,0.7177753411306043,17.955592105263158,3.2316642300194935,1.2124756335282652,17.14022904483431,1.4594298245614035,3.8000730994152043,0.4310428849902534,9.993421052631579,1.179337231968811,0.3512426900584795,9.69828216374269,0.4559576023391813,1.369761208576998,11.52400097465887,12.02351364522417,0.3982366226546213,0.4432273429860257,0.6927796934614728,0.2606606777348192,0.4353143653701634,0.7453742480773623,0.7653848915697257,0.5302981742477162,0.6174040302667575,0.6005261817873206,0.5565631583768434,0.36493185802341144,0.7635148713826367,0.5658198696396967,0.3124217380415728,0.3604565419512039,0.5144704852140523,0.4428345467395084
Nate Landwehr,Orthodox,No,No,No,Nate Landwehr,0.0,0.35000000000000003,0.35000000000000003,0.09523809523809523,0.7206349206349204,20.776190476190475,3.8142857142857145,3.811904761904762,20.876190476190477,6.183333333333334,1.3428571428571427,28.402380952380952,60.1,33.93333333333333,67.69285714285714,0.7928571428571428,48.535714285714285,6.816666666666666,4.747619047619048,49.00952380952381,8.680952380952382,2.4095238095238094,0.20952380952380953,0.14285714285714285,0.047619047619047616,0.06666666666666667,0.30642857142857144,18.20714285714286,5.0928571428571425,1.526190476190476,21.349999999999998,2.0523809523809526,1.4238095238095239,24.826190476190476,55.969047619047615,26.859523809523807,58.36190476190476,1.45,46.56666666666666,7.685714285714286,1.7166666666666668,50.2547619047619,3.2976190476190474,2.4166666666666665,1.3071428571428572,28.359523809523807,2.592857142857143,0.19047619047619047,28.90476190476191,1.2452380952380953,0.9928571428571429,31.142857142857142,31.50238095238095,0.4414414414414415,0.4280598479273976,0.5595529165211317,0.07372116349047142,0.4259619121647882,0.7122874382885354,0.5573122529644269,0.47258537358370967,0.5012838099257853,0.9014778325123153,0.6090091011350853,0.33736059479553915,0.9167822468793343,0.5751646373241105,0.3776173285198555,0.4108374384236453,0.5564299995745947,0.5397764360313316
David Dvorak,Orthodox,No,No,No,David Dvorak,0.0,0.18888888888888888,0.05555555555555555,0.13333333333333333,0.4892592592592592,8.71111111111111,3.7000000000000006,4.644444444444445,14.566666666666668,1.9666666666666668,0.5222222222222223,17.055555555555554,39.51111111111111,21.666666666666668,44.888888888888886,0.6555555555555556,27.022222222222222,6.833333333333333,5.655555555555556,35.37777777777777,3.3444444444444446,0.7888888888888889,0.13333333333333333,0.3888888888888889,0.17777777777777778,0.05555555555555555,0.3038888888888889,8.144444444444444,4.7444444444444445,3.277777777777778,13.52222222222222,1.7333333333333334,0.9111111111111111,16.166666666666668,39.91111111111111,18.522222222222222,42.955555555555556,1.2888888888888888,29.144444444444442,6.711111111111111,4.055555555555556,36.12222222222223,2.2444444444444445,1.5444444444444443,0.9,21.0,1.9666666666666668,0.7777777777777777,22.599999999999998,0.5111111111111111,0.6333333333333333,23.744444444444444,24.433333333333334,0.288135593220339,0.3223684210526315,0.5414634146341465,0.03339882121807465,0.411746231155779,0.5880398671096345,0.6619718309859156,0.4316647919010123,0.4826732673267327,0.6982758620689655,0.720548989706443,0.29304635761589404,0.904109589041096,0.6256536450322978,0.2277227722772277,0.41007194244604317,0.5949331848552338,0.5688049663735126
Maria Oliveira,Orthodox,No,No,No,Maria Oliveira,0.0,0.3333333333333333,0.0,0.0,0.4763888888888889,16.666666666666668,5.083333333333333,4.0,24.75,0.8333333333333334,0.16666666666666666,25.75,66.41666666666667,30.75,73.0,0.75,53.416666666666664,7.916666666666667,5.083333333333333,65.25,0.9166666666666666,0.25,0.08333333333333333,0.8333333333333334,0.0,0.0,1.4583333333333333,19.333333333333332,4.0,4.0,18.416666666666668,3.0833333333333335,5.833333333333333,27.333333333333332,51.083333333333336,41.166666666666664,67.0,1.6666666666666667,41.416666666666664,5.083333333333333,4.583333333333333,41.25,3.25,6.583333333333333,0.8333333333333334,22.083333333333332,1.0833333333333333,0.5833333333333334,22.833333333333332,0.16666666666666666,0.75,23.75,25.833333333333332,0.4444444444444444,0.31201248049922,0.6421052631578946,0.06557377049180328,0.3793103448275862,0.9090909090909092,0.6666666666666666,0.38770388958594726,0.4212328767123288,0.5,0.5331991951710262,0.21311475409836056,0.8181818181818181,0.5535353535353535,0.05128205128205121,0.11392405063291144,0.46492659053833607,0.38557213930348266
Adam Fugitt,Southpaw,No,No,No,Adam Fugitt,0.0,0.5555555555555556,0.0,0.0,0.5953703703703704,7.9444444444444455,4.111111111111111,1.8333333333333333,11.666666666666666,1.5555555555555556,0.6666666666666666,13.888888888888891,25.722222222222218,16.722222222222225,29.666666666666668,2.222222222222222,17.666666666666668,5.777777777777778,2.2777777777777777,22.277777777777775,2.2222222222222223,1.222222222222222,0.8333333333333334,0.2222222222222222,0.16666666666666666,0.16666666666666666,0.22314814814814812,17.166666666666668,2.2777777777777777,0.611111111111111,15.277777777777779,2.6666666666666665,2.111111111111111,20.055555555555557,35.22222222222222,21.166666666666668,36.333333333333336,0.5,31.777777777777775,2.555555555555556,0.888888888888889,29.277777777777782,3.8333333333333335,2.111111111111111,0.27777777777777773,14.611111111111109,0.27777777777777773,0.27777777777777773,14.0,1.1666666666666667,0.0,15.166666666666666,15.166666666666666,0.25000000000000006,0.449685534591195,0.7115384615384615,0.24390243902439027,0.5236907730673317,0.7,0.5454545454545455,0.5399568034557237,0.5636704119850188,0.5555555555555556,0.4597902097902097,0.1086956521739132,0.75,0.4781783681214422,0.30434782608695654,0.0,0.4305993690851735,0.4174311926605505
Abubakar Nurmagomedov,Orthodox,No,No,No,Abubakar Nurmagomedov,0.0,0.4166666666666667,0.0,0.0,2.0476851851851854,9.305555555555555,1.9444444444444444,2.25,12.138888888888891,1.25,0.1111111111111111,13.5,25.527777777777775,24.75,38.22222222222222,1.8888888888888886,21.11111111111111,2.1666666666666665,2.25,23.86111111111111,1.4444444444444444,0.2222222222222222,0.0,0.08333333333333333,0.16666666666666666,0.0,0.14027777777777775,6.944444444444444,4.0,1.861111111111111,9.194444444444445,2.944444444444444,0.6666666666666666,12.805555555555557,36.583333333333336,27.083333333333332,52.52777777777778,0.9166666666666666,26.611111111111114,7.722222222222222,2.25,31.305555555555554,4.166666666666667,1.111111111111111,0.8333333333333334,19.666666666666668,3.722222222222222,0.38888888888888884,22.11111111111111,1.222222222222222,0.4444444444444444,23.777777777777775,25.444444444444446,0.2205882352941177,0.4407894736842105,0.8974358974358975,0.1851851851851852,0.5087310826542493,0.8653846153846154,0.5,0.5288356909684441,0.6475290697674418,0.9090909090909091,0.7390396659707725,0.48201438848920863,0.962962962962963,0.7062999112688553,0.29333333333333345,0.3999999999999999,0.6499620349278663,0.48439978847170817
Alex Caceres,Southpaw,No,No,No,Alex Caceres,0.037267080745341616,0.3062456866804693,0.13947550034506556,0.09192546583850932,0.5137905452035887,13.351483781918564,4.273084886128364,1.6102139406487233,16.98536922015183,1.4878536922015182,0.761559696342305,19.234782608695653,44.47870945479641,21.97015182884748,47.51545893719807,0.36652864044168393,36.74830917874396,5.619047619047619,2.1113526570048307,41.11991028295377,2.068909592822636,1.2898895790200138,0.03571428571428571,0.5756038647342996,0.11880607315389927,0.06973775017253278,0.6644220151828847,10.843961352657004,2.2580745341614907,5.648274672187716,17.257073844030366,0.7604554865424431,0.7327812284334023,18.75031055900621,51.290959282263636,22.70600414078675,55.88550724637681,1.2819530710835059,41.432229123533475,3.5330917874396137,6.3256383712905455,48.65628019323672,1.248136645962733,1.3865424430641822,0.7063492063492063,30.588267770876467,1.2750172532781228,0.6773636991028296,31.39920634920635,0.48768115942028983,0.6537612146307799,32.54064872325742,33.17950310559006,0.8355300320090379,0.3633223971469512,0.7604642593957259,0.1450471505385131,0.41306921885948533,0.7191487232516638,0.5904068912014124,0.4324492064735806,0.46237903032538896,0.5509945896476541,0.7382723164538196,0.36087861000693433,0.9090046204116367,0.6453268976688209,0.39072737828647264,0.4715046538250959,0.6344324453785357,0.5937049646756345
Daniel Pineda,Orthodox,No,No,No,Daniel Pineda,0.05555555555555555,0.36111111111111116,0.4583333333333333,0.23611111111111108,0.9884259259259259,8.208333333333334,1.6666666666666667,2.3055555555555554,7.041666666666667,0.8472222222222222,4.291666666666667,12.180555555555555,24.98611111111111,23.055555555555557,38.02777777777778,1.7361111111111114,20.027777777777775,2.375,2.5833333333333335,18.277777777777775,1.138888888888889,5.5694444444444455,0.09722222222222221,1.097222222222222,0.0,0.041666666666666664,1.4606481481481481,8.152777777777779,3.8333333333333335,0.7083333333333334,9.416666666666666,1.8194444444444446,1.4583333333333333,12.694444444444445,23.541666666666668,24.041666666666668,37.125,1.9583333333333333,17.88888888888889,4.777777777777778,0.875,18.63888888888889,2.277777777777778,2.625,0.8611111111111112,9.736111111111112,0.9444444444444443,0.16666666666666666,9.222222222222221,0.4583333333333333,1.1666666666666667,10.847222222222221,13.083333333333334,0.208,0.4098474341192789,0.7017543859649124,0.13978494623655915,0.38525835866261404,0.7439024390243901,0.7705735660847879,0.4874930516953863,0.606281957633309,0.43971631205673767,0.5442546583850931,0.19767441860465107,-0.25396825396825373,0.49478390461997024,0.20121951219512202,0.4444444444444444,0.46076696165191744,0.3524130190796857
Luan Lacerda,,No,No,No,Luan Lacerda,0.0,0.5,0.16666666666666666,0.16666666666666666,0.5944444444444446,8.666666666666666,10.833333333333334,1.5,20.5,0.5,0.0,21.0,48.166666666666664,23.166666666666668,50.666666666666664,1.8333333333333333,30.333333333333332,16.0,1.8333333333333333,47.666666666666664,0.5,0.0,0.0,0.16666666666666666,0.0,0.16666666666666666,0.37222222222222223,19.666666666666668,7.333333333333333,4.5,26.5,1.6666666666666667,3.3333333333333335,31.5,60.0,36.333333333333336,65.83333333333333,0.6666666666666666,44.833333333333336,10.333333333333334,4.833333333333333,53.0,2.6666666666666665,4.333333333333333,0.5,25.166666666666668,3.0,0.3333333333333333,26.5,1.0,1.0,28.5,29.5,0.27272727272727276,0.2857142857142857,0.6770833333333334,0.27272727272727276,0.4300699300699301,1.0,,0.4359861591695502,0.4572368421052632,0.75,0.5613382899628252,0.29032258064516137,0.9655172413793104,0.5,0.3749999999999999,0.23076923076923073,0.475,0.44810126582278476
Daniel Santos,,No,No,No,Daniel Santos,0.1111111111111111,0.6666666666666666,0.0,0.16666666666666666,1.5944444444444443,13.055555555555557,5.388888888888888,1.777777777777778,13.0,2.7777777777777772,4.444444444444444,20.222222222222225,56.11111111111111,31.666666666666668,70.44444444444444,1.2777777777777777,46.0,7.5555555555555545,2.5555555555555554,46.666666666666664,3.444444444444444,6.0,0.1111111111111111,0.5,0.1111111111111111,0.0,0.4407407407407407,19.222222222222225,5.166666666666667,0.8888888888888888,22.833333333333332,1.5555555555555554,0.8888888888888888,25.277777777777775,52.0,32.38888888888889,61.72222222222222,1.8333333333333333,43.72222222222222,7.277777777777778,1.0,48.44444444444445,2.5555555555555554,1.0,1.3333333333333333,24.5,2.111111111111111,0.1111111111111111,25.61111111111111,1.0,0.1111111111111111,26.722222222222225,29.333333333333332,0.5217391304347826,0.283816425120773,0.7132352941176471,0.2608695652173913,0.2785714285714286,0.8064516129032258,0.7407407407407406,0.3603960396039605,0.4495268138801262,0.7272727272727273,0.5603557814485387,0.2900763358778625,0.5,0.5286697247706422,0.39130434782608703,0.11111111111111116,0.513888888888889,0.4752475247524752
Jinh Yu Frey,Southpaw,No,No,No,Jinh Yu Frey,0.0,0.3095238095238095,0.1111111111111111,0.0,0.8615079365079364,7.833333333333333,2.1507936507936507,3.714285714285715,11.642857142857144,1.722222222222222,0.3333333333333333,13.698412698412701,32.214285714285715,17.595238095238095,37.77777777777778,0.8253968253968255,23.944444444444443,3.9126984126984126,4.357142857142857,29.444444444444446,2.126984126984127,0.6428571428571429,0.047619047619047616,0.15873015873015872,0.05555555555555555,0.0,0.6667989417989418,9.53968253968254,6.19047619047619,3.5317460317460316,14.301587301587302,4.087301587301588,0.8730158730158729,19.261904761904763,40.833333333333336,23.857142857142858,46.70634920634921,1.5158730158730158,27.444444444444443,9.07936507936508,4.309523809523809,34.67460317460318,5.23015873015873,0.9285714285714285,1.357142857142857,17.904761904761905,2.8888888888888893,0.7777777777777778,20.373015873015873,1.142857142857143,0.05555555555555555,21.571428571428573,22.84920634920635,0.3749999999999999,0.3271461716937355,0.5496957403651116,0.07103825136612021,0.39541778975741243,0.8097014925373134,0.5185185185185185,0.42522788864252287,0.46575630252100836,0.8952879581151832,0.6524002313475998,0.31818181818181834,0.9631675874769797,0.5875486381322957,0.21851289833080412,0.05982905982905984,0.5282798833819242,0.48920985556499574
Jesse Butler,,No,No,No,Jesse Butler,0.0,0.0,0.0,0.0,0.0,1.0,0.0,0.0,1.0,0.0,0.0,1.0,7.0,1.0,7.0,0.0,5.0,2.0,0.0,7.0,0.0,0.0,1.0,0.0,0.0,0.0,0.0,3.0,0.0,0.0,2.0,0.0,1.0,3.0,5.0,3.0,5.0,0.0,5.0,0.0,0.0,4.0,0.0,1.0,0.0,2.0,0.0,0.0,2.0,0.0,0.0,2.0,2.0,,0.2,0.0,,0.14285714285714285,,,0.14285714285714285,0.14285714285714285,,0.4,,,0.5,,0.0,0.4,0.4
Muin Gafurov,Southpaw,No,No,No,Muin Gafurov,0.0,0.0,0.0,0.0,0.638888888888889,15.0,3.6666666666666665,1.6666666666666667,15.666666666666666,4.666666666666667,0.0,20.333333333333332,52.333333333333336,31.0,68.0,2.0,45.0,5.333333333333333,2.0,44.0,8.333333333333334,0.0,0.3333333333333333,1.0,0.0,0.0,1.4222222222222223,10.0,1.3333333333333333,2.0,12.333333333333334,0.3333333333333333,0.6666666666666666,13.333333333333334,29.333333333333332,23.333333333333332,40.333333333333336,2.0,24.333333333333332,2.6666666666666665,2.3333333333333335,27.666666666666668,0.6666666666666666,1.0,1.0,14.333333333333334,1.3333333333333333,0.3333333333333333,15.333333333333334,0.3333333333333333,0.3333333333333333,16.0,17.0,0.0,0.3333333333333333,0.6875,0.0,0.356060606060606,0.5599999999999999,,0.3885350318471337,0.45588235294117646,0.5,0.5890410958904109,0.5,0.5714285714285714,0.5542168674698795,0.5,0.33333333333333337,0.5454545454545454,0.42148760330578516
Amir Albazi,Orthodox,No,No,No,Amir Albazi,0.13333333333333333,0.36,0.14666666666666667,0.0,1.3575555555555556,9.040000000000001,2.2399999999999998,1.8399999999999999,11.08,0.3333333333333333,1.7066666666666666,13.12,35.29333333333334,18.78666666666667,41.973333333333336,1.8,29.306666666666665,3.8933333333333335,2.0933333333333333,31.933333333333337,0.7733333333333333,2.586666666666667,0.0,0.30666666666666664,0.0,0.04,0.12155555555555556,9.546666666666667,5.8133333333333335,3.746666666666667,18.240000000000002,0.3333333333333333,0.5333333333333333,19.106666666666666,52.973333333333336,24.240000000000002,59.94666666666667,0.44000000000000006,40.04,8.146666666666667,4.786666666666667,51.52,0.44000000000000006,1.0133333333333334,0.13333333333333333,30.493333333333332,2.333333333333333,1.0399999999999998,33.28,0.10666666666666666,0.48,33.86666666666666,35.70666666666666,0.19999999999999998,0.3084622383985442,0.5753424657534245,0.17197452229299362,0.3469728601252609,0.43103448275862066,0.6597938144329896,0.37174159425765013,0.44758576874205847,0.3030303030303032,0.7615717615717615,0.2864157119476268,0.935933147632312,0.6459627329192547,0.24242424242424254,0.4736842105263158,0.639315378806947,0.5956405693950177
Kai Kara-France,Orthodox,No,No,Yes,Kai Kara-France,0.11994949494949494,0.3181818181818182,0.0,0.025,0.32003367003367,14.87979797979798,5.043181818181818,5.356818181818182,23.048737373737374,0.502020202020202,1.7290404040404042,25.27979797979798,66.42828282828283,29.316666666666663,71.3378787878788,0.6015151515151516,52.659090909090914,7.342424242424242,6.4267676767676765,62.80328282828283,0.6941919191919192,2.930808080808081,0.07954545454545454,0.12676767676767678,0.18661616161616162,0.025,0.668080808080808,10.822727272727272,2.051010101010101,1.4368686868686869,13.348232323232324,0.46489898989898987,0.4974747474747475,14.310606060606062,42.977525252525254,16.216161616161617,45.305808080808085,1.9497474747474748,37.41136363636364,3.8909090909090907,1.6752525252525252,41.163131313131316,1.0308080808080808,0.7835858585858586,1.822979797979798,26.58863636363636,1.83989898989899,0.23838383838383842,27.81489898989899,0.5659090909090909,0.2861111111111111,28.66691919191919,29.089646464646467,0.5289672544080604,0.28256845537812303,0.6868551382583574,0.04950884086444008,0.3669989264216871,0.7231720625682065,0.5899534723418921,0.3805577519615595,0.410955121806172,0.9349825152182359,0.7107101634165605,0.472871235721703,0.9243292131444076,0.6757235929965768,0.5489955903968644,0.3651305188527232,0.6670211703321562,0.6420732285088429
Ketlen Souza,,No,No,No,Ketlen Souza,0.0,0.0,0.0,0.0,0.0,0.0,0.0,0.0,0.0,0.0,0.0,0.0,0.0,1.0,1.0,0.0,0.0,0.0,0.0,0.0,0.0,0.0,0.0,1.0,1.0,0.0,1.35,1.0,0.0,2.0,2.0,0.0,1.0,3.0,10.0,4.0,12.0,1.0,6.0,2.0,2.0,7.0,0.0,3.0,0.0,5.0,2.0,0.0,5.0,0.0,2.0,7.0,8.0,,,,,,,,,1.0,0.0,0.8333333333333334,1.0,0.5,0.7142857142857143,,0.6666666666666667,0.7,0.6666666666666667
Maxim Grishin,Orthodox,No,No,No,Maxim Grishin,0.13333333333333333,0.06666666666666667,0.0,0.0,0.4875,6.916666666666667,3.15,6.116666666666667,13.25,1.7,1.2333333333333334,16.183333333333334,31.03333333333333,27.883333333333336,44.833333333333336,0.43333333333333335,20.0,4.416666666666667,6.616666666666667,26.116666666666664,2.4833333333333334,2.4333333333333336,0.0,0.5833333333333334,0.0,0.0,1.761111111111111,5.683333333333334,2.6666666666666665,3.216666666666667,9.366666666666667,1.8,0.39999999999999997,11.566666666666668,27.866666666666664,17.650000000000002,36.0,1.7333333333333332,18.400000000000002,4.3999999999999995,5.066666666666666,24.633333333333336,2.8333333333333335,0.39999999999999997,1.1500000000000001,12.716666666666667,1.7333333333333334,1.8499999999999999,15.266666666666666,1.0333333333333334,0.0,16.3,18.349999999999998,0.15384615384615383,0.3458333333333333,0.7132075471698113,0.010075566750629723,0.5073388640714742,0.6845637583892618,0.5068493150684932,0.521482277121375,0.6219330855018588,0.6634615384615384,0.6911231884057971,0.3939393939393939,0.8848684210526315,0.6197564276048715,0.3647058823529412,0.0,0.5849282296650717,0.5097222222222222
Nick Fiore,,No,No,No,Nick Fiore,0.0,0.8333333333333334,0.0,0.0,0.8916666666666666,12.333333333333334,1.3333333333333333,0.5,10.333333333333334,2.6666666666666665,1.1666666666666667,14.166666666666666,30.5,18.333333333333332,35.166666666666664,1.8333333333333333,27.333333333333332,2.3333333333333335,0.8333333333333334,24.833333333333332,4.333333333333333,1.3333333333333333,0.0,0.6666666666666666,0.16666666666666666,0.16666666666666666,2.058333333333333,27.166666666666668,9.666666666666666,2.8333333333333335,26.666666666666668,7.666666666666667,5.333333333333333,39.666666666666664,69.33333333333333,57.833333333333336,94.66666666666667,2.3333333333333335,54.666666666666664,11.833333333333334,2.8333333333333335,49.666666666666664,13.833333333333334,5.833333333333333,1.6666666666666667,27.5,2.1666666666666665,0.0,23.0,6.166666666666667,0.5,29.666666666666668,36.833333333333336,0.4545454545454546,0.451219512195122,0.5714285714285714,1.0,0.41610738255033564,0.6153846153846154,0.8750000000000001,0.46448087431693985,0.5213270142180095,0.7142857142857143,0.5030487804878048,0.18309859154929586,0.7647058823529412,0.46308724832214765,0.4457831325301205,0.08571428571428574,0.4278846153846154,0.3890845070422535
Diego Ferreira,Orthodox,No,No,No,Diego Ferreira,0.08441558441558443,0.15584415584415584,0.15584415584415584,0.21125541125541125,0.6091558441558441,15.226406926406925,4.221212121212122,1.6774891774891776,16.96147186147186,1.4982683982683984,2.6653679653679654,21.125108225108225,55.25974025974026,27.392640692640693,62.72987012987013,0.787012987012987,45.719047619047615,7.545454545454546,1.9952380952380953,49.45627705627706,2.270995670995671,3.5324675324675323,0.047619047619047616,0.7043290043290042,0.0,0.0,0.9369336219336218,10.232467532467533,2.758874458874459,1.164935064935065,10.956709956709958,1.1748917748917749,2.0246753246753246,14.156277056277057,33.47835497835498,16.535497835497836,36.42554112554112,2.27012987012987,27.998268398268397,4.111688311688312,1.3683982683982683,28.175324675324674,1.8740259740259742,3.4290043290043286,1.5658008658008657,17.765800865800866,1.3528138528138527,0.20346320346320346,17.218614718614717,0.6991341991341992,1.4043290043290044,19.32207792207792,19.89004329004329,0.198019801980198,0.3330429595401994,0.559437751004016,0.07810804946843133,0.34295893000945343,0.6597407548608464,0.7545343137254902,0.3822875048962005,0.43667619008184616,0.6897406559877957,0.6345321293833879,0.3290166350810697,0.4852894653590636,0.6111239148805407,0.37306537306537313,0.4095442494634516,0.5771513544966703,0.5460466111262969
Edmen Shahbazyan,Orthodox,No,No,No,Edmen Shahbazyan,0.1111111111111111,0.6296296296296297,0.12962962962962962,0.05555555555555555,0.8754629629629629,7.148148148148148,2.7962962962962963,0.7037037037037037,6.814814814814814,2.2037037037037037,1.6296296296296298,10.648148148148147,21.166666666666668,11.861111111111112,22.509259259259263,1.5092592592592593,16.759259259259256,3.6296296296296298,0.7777777777777778,15.277777777777777,2.8333333333333335,3.055555555555556,0.0,0.8333333333333334,0.38888888888888884,0.0,1.3223765432098766,13.712962962962962,1.9166666666666667,1.712962962962963,6.601851851851852,1.6296296296296295,9.111111111111112,17.34259259259259,29.37962962962963,27.740740740740744,40.5462962962963,2.0462962962962963,24.425925925925924,2.7870370370370368,2.1666666666666665,15.722222222222223,2.490740740740741,11.166666666666666,1.212962962962963,10.712962962962962,0.8703703703703703,0.4537037037037037,9.12037037037037,0.861111111111111,2.0555555555555554,12.037037037037038,12.805555555555555,0.4171779141104294,0.42651933701657463,0.7704081632653061,0.8095238095238095,0.44606060606060605,0.7777777777777778,0.5333333333333333,0.5030621172353456,0.5269436445907034,0.5927601809954751,0.43858984078847607,0.31229235880398665,0.6153846153846154,0.5800942285041225,0.34572490706319714,0.18407960199004958,0.40970690198550275,0.3158255309431376
Ilir Latifi,Orthodox,No,No,No,Ilir Latifi,0.08333333333333333,0.6708333333333334,0.0625,0.0,1.4138194444444443,6.433333333333334,1.5833333333333333,1.1958333333333333,6.320833333333333,0.9708333333333333,1.9208333333333334,9.2125,20.2375,15.549999999999999,27.870833333333334,1.75,16.570833333333333,2.225,1.4416666666666667,16.233333333333334,1.5250000000000001,2.4791666666666665,0.09999999999999999,0.0,0.0,0.0,0.0740972222222222,9.1,2.4875000000000003,2.025,11.366666666666667,1.3958333333333333,0.85,13.612499999999999,30.816666666666666,18.295833333333334,36.079166666666666,0.225,23.71666666666667,4.583333333333333,2.5166666666666666,27.433333333333334,2.2708333333333335,1.1125,0.225,14.616666666666667,2.095833333333333,0.4916666666666667,16.066666666666666,0.875,0.2625,17.204166666666666,17.783333333333335,0.38333333333333336,0.3882323359316068,0.7116104868913857,0.4653179190751446,0.38937371663244347,0.6366120218579234,0.7747899159663866,0.45521927115503397,0.5579309313798774,1.0,0.6163035839775124,0.45727272727272716,1.0,0.5856622114216281,0.3853211009174312,0.2359550561797753,0.5582747431043809,0.49289756322901024
Maheshate,Orthodox,No,No,No,Maheshate,0.2222222222222222,0.0,0.0,0.0,0.0,7.0,1.7222222222222223,0.7222222222222223,8.555555555555555,0.5555555555555555,0.3333333333333333,9.444444444444445,39.94444444444445,11.222222222222221,42.166666666666664,0.27777777777777773,33.27777777777778,5.444444444444444,1.2222222222222223,37.888888888888886,1.7222222222222223,0.3333333333333333,0.4444444444444444,1.5,0.0,0.0,1.6277777777777775,12.722222222222221,4.055555555555556,5.611111111111112,14.222222222222223,4.055555555555555,4.111111111111111,22.38888888888889,41.44444444444445,30.277777777777775,51.55555555555555,2.5555555555555554,29.5,5.611111111111112,6.333333333333333,28.611111111111114,5.555555555555556,7.277777777777779,1.0555555555555556,16.777777777777775,1.5555555555555554,0.7222222222222222,14.388888888888891,1.5,3.1666666666666665,19.055555555555557,21.277777777777775,0.0,0.21035058430717862,0.31632653061224497,0.0,0.22580645161290325,0.32258064516129026,1.0,0.23643949930458968,0.26613965744400525,0.4130434782608695,0.568738229755179,0.27722772277227714,0.763157894736842,0.5029126213592233,0.27000000000000013,0.43511450381679406,0.45978552278820384,0.41271551724137934
Victoria Leonardo,Orthodox,No,No,No,Victoria Leonardo,0.0,0.4166666666666667,0.0,0.16666666666666666,1.461574074074074,6.138888888888889,4.388888888888889,2.388888888888889,9.944444444444445,2.472222222222222,0.5,12.916666666666666,38.05555555555555,22.38888888888889,50.666666666666664,1.8055555555555556,27.11111111111111,7.777777777777779,3.1666666666666665,34.166666666666664,3.3055555555555554,0.5833333333333334,0.08333333333333333,0.19444444444444442,0.3333333333333333,0.08333333333333333,0.4939814814814814,13.583333333333334,5.472222222222222,4.611111111111111,18.694444444444443,4.777777777777778,0.19444444444444442,23.666666666666668,42.69444444444445,31.916666666666668,51.02777777777777,0.8888888888888888,30.666666666666668,6.972222222222222,5.055555555555556,36.25,5.611111111111111,0.8333333333333334,0.6944444444444443,17.083333333333332,1.5,0.4444444444444444,17.555555555555557,0.8333333333333334,0.6388888888888888,19.027777777777775,19.11111111111111,0.23076923076923078,0.2264344262295082,0.5642857142857143,0.13157894736842107,0.2910569105691057,0.7478991596638654,0.8571428571428571,0.3394160583941606,0.4418859649122807,0.78125,0.5570652173913043,0.21513944223107573,0.9615384615384616,0.48429118773946367,0.14851485148514842,0.7666666666666667,0.4456733897202343,0.37452367991290136
Orion Cosce,Switch,No,No,No,Orion Cosce,0.0,1.0,0.0,0.0,2.6981481481481477,5.111111111111112,2.222222222222222,0.7777777777777777,4.444444444444445,1.4444444444444446,2.2222222222222223,8.111111111111112,17.777777777777775,25.777777777777782,37.0,2.0,14.0,2.8888888888888893,0.8888888888888888,12.666666666666666,2.3333333333333335,2.777777777777778,0.2222222222222222,0.2222222222222222,0.1111111111111111,0.0,0.49259259259259264,11.0,6.5555555555555545,2.4444444444444446,12.222222222222221,5.5555555555555545,2.2222222222222223,20.0,32.77777777777778,30.777777777777782,44.88888888888889,0.3333333333333333,21.666666666666668,7.666666666666667,3.444444444444444,23.444444444444446,6.666666666666667,2.6666666666666665,0.1111111111111111,10.666666666666666,1.1111111111111112,1.0,11.222222222222223,1.1111111111111112,0.4444444444444444,12.777777777777777,14.111111111111109,0.5,0.3650793650793651,0.769230769230769,1.125,0.3508771929824562,0.6190476190476191,0.7999999999999999,0.45625000000000016,0.6966966966966968,0.33333333333333337,0.49230769230769234,0.14492753623188426,0.935483870967742,0.4786729857819906,0.16666666666666685,0.16666666666666663,0.38983050847457623,0.3143564356435643
Takashi Sato,Southpaw,No,No,No,Takashi Sato,0.11428571428571428,0.18095238095238098,0.0,0.1111111111111111,0.24386243386243386,6.695238095238095,1.6222222222222225,0.37142857142857144,5.003174603174603,1.0825396825396827,2.6031746031746033,8.688888888888888,20.295238095238094,11.873015873015873,24.215873015873015,0.4952380952380952,17.43174603174603,2.3968253968253967,0.4666666666666666,15.273015873015872,1.368253968253968,3.653968253968254,0.11428571428571428,0.6761904761904761,0.2888888888888889,0.11428571428571428,1.7604761904761903,8.152380952380952,4.1873015873015875,1.276190476190476,8.33968253968254,1.7746031746031745,3.5015873015873016,13.615873015873015,24.18095238095238,29.641269841269843,44.6984126984127,1.6285714285714288,16.828571428571426,5.980952380952381,1.3714285714285712,17.952380952380953,2.2126984126984124,4.015873015873016,0.9523809523809524,8.676190476190476,1.7936507936507937,0.09523809523809523,9.612698412698412,0.4380952380952381,0.5142857142857142,10.565079365079365,15.057142857142857,0.3653846153846155,0.384083044982699,0.6768211920529803,0.3877551020408164,0.3275826231552692,0.7911832946635733,0.7124239791485665,0.4281245111841076,0.4902988987939172,0.584795321637427,0.5155631013016411,0.29989384288747345,0.5069444444444444,0.5354553492484526,0.19799139167862256,0.1280632411067194,0.4369174215570435,0.3368607954545455
Gabe Green,Switch,No,No,No,Gabe Green,0.19444444444444442,0.21666666666666667,0.06666666666666667,0.0,0.5585185185185185,14.061111111111112,9.316666666666666,6.48888888888889,26.983333333333334,0.8833333333333333,2.0,29.866666666666664,65.39999999999999,36.73888888888889,72.63333333333334,0.5222222222222223,45.855555555555554,11.783333333333333,7.76111111111111,61.11666666666667,1.5333333333333332,2.75,0.2611111111111111,0.5666666666666667,0.06666666666666667,0.15,0.7687962962962963,24.305555555555554,5.261111111111111,3.494444444444445,31.183333333333334,0.9222222222222222,0.9555555555555556,33.06111111111111,62.01666666666667,34.81111111111111,63.96111111111111,1.2333333333333334,51.25,6.655555555555556,4.111111111111112,59.96111111111111,1.0333333333333334,1.0222222222222224,0.6666666666666666,26.944444444444446,1.3944444444444446,0.6166666666666667,28.777777777777782,0.1111111111111111,0.06666666666666667,28.955555555555552,29.150000000000002,0.4148936170212766,0.30663920523382604,0.7906647807637907,0.027916964924838944,0.4415053176983911,0.5760869565217391,0.7272727272727273,0.4566768603465851,0.5058130640966804,0.5405405405405406,0.5257452574525745,0.20951585976627718,0.8621621621621622,0.4799407023070509,0.10752688172043023,0.0652173913043479,0.4668995789662278,0.45574567879788064
Cody Stamann,Orthodox,No,No,No,Cody Stamann,0.05897435897435898,0.7307692307692308,0.0,0.030303030303030304,0.9575757575757575,14.014918414918414,5.01025641025641,2.0713286713286716,16.14941724941725,2.608158508158508,2.338927738927739,21.096503496503498,43.980885780885785,29.064801864801865,52.63100233100233,1.8195804195804195,34.34009324009324,7.0055944055944055,2.635198135198135,37.327505827505824,3.7820512820512824,2.8713286713286714,0.0,0.4223776223776224,0.14522144522144523,0.030303030303030304,0.46900932400932405,9.422610722610722,4.503030303030303,3.324941724941725,14.958741258741258,1.2641025641025643,1.0277389277389277,17.25058275058275,46.04195804195805,27.685314685314683,57.66759906759907,1.7368298368298367,34.60979020979021,7.12890442890443,4.303263403263403,42.35407925407925,2.458974358974359,1.228904428904429,1.3144522144522144,25.18717948717949,2.625874125874126,0.9783216783216783,27.395337995337997,1.1948717948717948,0.20116550116550116,28.791375291375292,29.98228438228438,0.4016141429669486,0.4081211520577794,0.7151793438477407,0.27731092436974797,0.43264120897992325,0.6896147919876733,0.8145802890079559,0.47967436585081463,0.5522372855833153,0.7568111662864045,0.7277472453460492,0.368341889284897,0.9018471372081686,0.6468169885359853,0.48592283628779975,0.16369499241274676,0.6253290805994329,0.5199156002166585
Douglas Silva de Andrade,Orthodox,No,No,No,Douglas Silva de Andrade,0.19065656565656566,0.18813131313131312,0.06060606060606061,0.041666666666666664,0.3135521885521886,9.477272727272727,4.1767676767676765,4.061868686868687,16.285353535353536,1.0656565656565657,0.3648989898989899,17.71590909090909,45.88636363636363,21.03409090909091,49.51767676767677,0.40151515151515155,33.24116161616161,7.0770202020202015,5.5681818181818175,43.6300505050505,1.6590909090909092,0.5972222222222222,0.06944444444444443,0.43813131313131315,0.11616161616161617,0.0,0.5372474747474747,11.58838383838384,4.869949494949495,2.654040404040404,15.941919191919192,1.5795454545454544,1.590909090909091,19.11237373737374,46.09595959595959,25.87247474747475,54.088383838383834,1.582070707070707,35.97348484848485,7.078282828282828,3.044191919191919,41.31439393939394,2.367424242424242,2.414141414141414,1.1439393939393938,24.38510101010101,2.2083333333333335,0.39015151515151514,25.37247474747475,0.787878787878788,0.8232323232323232,26.983585858585858,28.215909090909093,0.4685534591194968,0.2851065446119953,0.5901873327386262,0.03378684807256236,0.3732600202575605,0.6423135464231355,0.6109936575052854,0.38608221892025757,0.42477943801315726,0.7230646448523543,0.6778631848653961,0.3119871566179093,0.8560763168809622,0.6141315974450658,0.3328,0.34100418410041833,0.585378547167744,0.5216630094775665
Daniel Rodriguez,Southpaw,No,No,No,Daniel Rodriguez,0.13333333333333333,0.05555555555555555,0.047619047619047616,0.047619047619047616,0.16452380952380952,25.111111111111114,4.665079365079365,5.834920634920635,34.33174603174603,0.4936507936507937,0.7857142857142857,35.611111111111114,70.08730158730158,38.57936507936508,73.27936507936508,0.24761904761904763,57.458730158730155,6.344444444444444,6.284126984126985,68.24603174603175,0.6634920634920635,1.1777777777777778,0.06666666666666667,0.5317460317460317,0.05555555555555555,0.0,0.5932010582010582,13.02063492063492,6.487301587301587,4.541269841269841,22.493650793650797,0.5555555555555556,1.0,24.049206349206347,55.3015873015873,27.573015873015873,59.57301587301587,1.5238095238095237,40.112698412698414,9.563492063492063,5.625396825396826,52.02222222222222,1.0317460317460319,2.2476190476190476,0.9920634920634921,27.09206349206349,3.076190476190476,1.084126984126984,29.52857142857143,0.4761904761904762,1.2476190476190476,31.25238095238095,32.0,0.22435897435897434,0.43702864720019896,0.7353014761070804,0.00884061631725183,0.5030584951738574,0.7440191387559809,0.6671159029649595,0.5080964783150267,0.5264696963133042,0.6510416666666666,0.675398678326936,0.32165975103734434,0.9054740406320542,0.567614572527003,0.46153846153846156,0.5550847457627119,0.5651262916188289,0.5371559510804401
Jessica-Rose Clark,Orthodox,No,No,No,Jessica-Rose Clark,0.0,0.5185185185185185,0.09523809523809523,0.07407407407407407,1.787742504409171,11.756613756613758,2.9047619047619047,3.301587301587302,12.603174603174603,2.3597883597883595,3.0,17.962962962962962,34.49206349206349,23.603174603174605,41.857142857142854,1.1851851851851851,26.46031746031746,4.248677248677249,3.7830687830687832,27.70899470899471,2.9470899470899474,3.835978835978836,0.0,0.36507936507936506,0.15873015873015872,0.047619047619047616,0.7186948853615521,11.486772486772487,3.804232804232804,1.6243386243386242,14.34920634920635,1.0793650793650793,1.4867724867724867,16.915343915343914,39.91534391534392,25.71428571428571,49.359788359788354,1.0476190476190477,31.32804232804233,6.35978835978836,2.2275132275132274,36.629629629629626,1.5343915343915342,1.7513227513227514,0.6825396825396824,19.841269841269842,2.555555555555556,0.6031746031746031,22.280423280423282,0.45502645502645506,0.26455026455026454,23.0,23.645502645502646,0.4375,0.4443111377724456,0.6836861768368616,0.13706293706293704,0.4548405575711285,0.8007181328545779,0.7820689655172414,0.5207853965332107,0.5638983693591203,0.6515151515151516,0.6333389630130046,0.4018302828618968,0.836104513064133,0.6082623140257113,0.29655172413793096,0.1510574018126889,0.576219512195122,0.4790438417836853
Ji Yeon Kim,Orthodox,No,No,No,Ji Yeon Kim,0.03333333333333333,0.0,0.03333333333333333,0.03333333333333333,0.5185802469135803,19.633333333333336,3.966666666666667,2.7370370370370374,23.97037037037037,2.22962962962963,0.13703703703703704,26.337037037037035,71.63703703703703,31.34814814814815,77.34074074074074,0.14074074074074075,62.60740740740741,5.781481481481482,3.2481481481481485,67.71481481481482,3.5037037037037035,0.4185185185185185,0.0,0.3444444444444444,0.1074074074074074,0.03333333333333333,0.7230246913580247,15.751851851851853,6.825925925925926,3.948148148148148,23.692592592592593,2.288888888888889,0.5444444444444444,26.52592592592593,60.18518518518518,30.55925925925926,65.48148148148148,0.6888888888888888,43.714814814814815,11.059259259259258,5.411111111111111,55.7925925925926,3.5629629629629633,0.8296296296296296,0.3444444444444444,27.962962962962962,4.233333333333333,1.462962962962963,32.1,1.2740740740740741,0.2851851851851852,33.659259259259265,34.922222222222224,0.0,0.3135944155229532,0.6860986547085202,0.0,0.3539900453973637,0.6363636363636365,0.3274336283185841,0.3676455382070106,0.4053251604252467,0.5,0.6396678810471914,0.38278633623576686,0.9363449691991786,0.5753451938396177,0.3575883575883576,0.34375,0.5592615384615385,0.533314479638009
Mandy Bohm,Orthodox,No,No,No,Mandy Bohm,0.0,0.2222222222222222,0.2222222222222222,0.1111111111111111,0.6092592592592592,5.888888888888889,3.222222222222222,2.555555555555556,8.444444444444445,3.0,0.2222222222222222,11.666666666666666,25.777777777777775,17.22222222222222,33.111111111111114,1.222222222222222,18.77777777777778,4.222222222222222,2.7777777777777772,21.88888888888889,3.5555555555555554,0.3333333333333333,0.2222222222222222,0.2222222222222222,0.1111111111111111,0.1111111111111111,1.9185185185185185,5.888888888888888,8.222222222222221,1.0,10.666666666666666,3.444444444444444,1.0,15.111111111111109,37.77777777777778,25.888888888888886,51.22222222222222,0.8888888888888888,24.11111111111111,11.333333333333334,2.3333333333333335,31.444444444444446,4.555555555555555,1.777777777777778,0.6666666666666666,18.222222222222225,3.1111111111111107,1.3333333333333333,20.77777777777778,1.111111111111111,0.7777777777777777,22.666666666666668,25.333333333333332,0.18181818181818182,0.3136094674556213,0.763157894736842,0.08000000000000002,0.38578680203045684,0.84375,0.6666666666666666,0.45258620689655177,0.5201342281879194,0.75,0.7557603686635945,0.27450980392156876,0.9047619047619048,0.6607773851590106,0.24390243902439024,0.4375,0.6000000000000001,0.4945770065075923
Chase Sherman,Orthodox,No,No,No,Chase Sherman,0.0925925925925926,0.022222222222222223,0.0,0.0,0.1810493827160494,15.292592592592593,5.696296296296296,6.553703703703704,24.77962962962963,2.2074074074074073,0.5555555555555556,27.542592592592595,60.03333333333334,29.983333333333334,62.64074074074074,0.049999999999999996,45.012962962962966,7.483333333333333,7.537037037037037,56.26666666666667,2.9518518518518513,0.8148148148148149,0.07222222222222223,0.19814814814814816,0.044444444444444446,0.0,0.345679012345679,24.005555555555556,4.303703703703704,2.831481481481481,27.47962962962963,2.3111111111111113,1.3499999999999999,31.14074074074074,63.762962962962966,33.661111111111104,66.91481481481482,0.9555555555555556,54.47962962962962,5.903703703703703,3.3796296296296298,58.91851851851852,3.146296296296297,1.6981481481481484,0.7574074074074074,30.47407407407407,1.5999999999999999,0.5481481481481482,31.438888888888886,0.8351851851851851,0.34814814814814815,32.62222222222223,33.25370370370371,0.4444444444444445,0.33973752416999214,0.7611977233358079,0.0029484029484029483,0.4403962611901,0.7478042659974907,0.6818181818181818,0.4587883274723919,0.47865547212203635,0.7926356589147286,0.5593663958666167,0.27101631116687563,0.9413698630136986,0.5335994468192105,0.26545026486168344,0.20501635768811366,0.5116171003717472,0.4969557757236953
Karl Williams,,No,No,No,Karl Williams,0.16666666666666666,1.5,0.0,0.0,2.1333333333333333,14.0,1.6666666666666667,2.3333333333333335,14.5,0.6666666666666666,2.8333333333333335,18.0,37.166666666666664,34.166666666666664,59.833333333333336,3.8333333333333335,32.833333333333336,1.8333333333333333,2.5,32.166666666666664,1.3333333333333333,3.6666666666666665,0.0,0.0,0.0,0.0,0.11388888888888887,7.5,2.5,3.3333333333333335,11.333333333333334,2.0,0.0,13.333333333333334,34.0,18.833333333333332,40.333333333333336,0.16666666666666666,27.166666666666668,3.3333333333333335,3.5,31.333333333333332,2.5,0.16666666666666666,0.16666666666666666,19.666666666666668,0.8333333333333334,0.16666666666666666,20.0,0.5,0.16666666666666666,20.666666666666668,21.5,0.3913043478260869,0.42639593908629436,0.9090909090909092,0.6,0.4507772020725389,0.5,0.7727272727272728,0.484304932735426,0.5710306406685236,1.0,0.7239263803680982,0.25,1.0,0.6382978723404256,0.19999999999999996,1.0,0.607843137254902,0.5330578512396695
Court McGee,Orthodox,No,No,No,Court McGee,0.053999377528789284,0.6157796451914099,0.15094926859632743,0.0196078431372549,1.210639070442992,12.276221599751011,4.662464985994397,5.5166511048863995,18.863990040460628,1.412231559290383,2.1791160908807967,22.455337690631808,60.27357609710551,31.868036103330223,71.09399315281668,2.388733271086212,44.581543728602554,8.924680983504514,6.767351384998444,54.8275754746343,2.5793650793650795,2.8666355431061312,0.11484593837535013,0.2530345471521942,0.07469654528478058,0.0,0.24728446934329287,12.623404917522564,3.1285403050108935,2.0045129162776223,15.849517584811702,1.4265483971366324,0.4803921568627451,17.75645813881108,45.032057267351384,22.30999066293184,50.08807967631497,0.8236850295673825,37.705104263927794,4.959383753501401,2.367569249922191,41.79007158418923,2.4687208216619982,0.7732648615001557,0.5706504824151883,25.08169934640523,1.8308434484905074,0.36305633364456896,25.940553999377528,1.0421724245253656,0.2928727046374105,27.275599128540307,27.778089013383134,0.257785016286645,0.27536555652905426,0.5224237140366171,0.0909927104651965,0.3440602630548191,0.5475113122171946,0.7601650290429401,0.37255691705523625,0.44825216154098724,0.6928018137162291,0.6652070014404048,0.3691675295741943,0.893124753516498,0.6207348543808626,0.4221507816439738,0.37874823908231037,0.6056929392900585,0.554584827226237
Matt Brown,Orthodox,No,No,No,Matt Brown,0.08166666666666667,0.27924242424242424,0.19803030303030306,0.026666666666666665,0.5574444444444444,9.270454545454545,5.1877272727272725,1.6757575757575758,11.813030303030303,2.467878787878788,1.853030303030303,16.133939393939393,34.42621212121212,21.012878787878787,39.981818181818184,1.0096969696969698,25.97712121212121,6.457272727272726,1.9918181818181817,29.014696969696967,2.9899999999999998,2.4215151515151514,0.06818181818181818,0.7756060606060606,0.1843939393939394,0.06318181818181819,1.3709823232323233,11.17590909090909,1.8506060606060608,1.0080303030303033,10.828030303030303,1.069090909090909,2.1374242424242427,14.034545454545455,33.904545454545456,19.932575757575755,40.48621212121212,1.4587878787878787,29.924242424242426,2.752727272727273,1.2275757575757575,29.09530303030303,1.6540909090909088,3.1551515151515153,0.6831818181818182,18.748333333333335,0.9021212121212121,0.21954545454545454,18.26727272727273,0.585,1.0177272727272728,19.869999999999997,20.553636363636365,0.27656062424969985,0.35686997299488477,0.8033929325637056,0.1401947360413814,0.4071395374340068,0.825377521029695,0.7652358903766738,0.4686527619458394,0.525560860997423,0.468321562110511,0.626526582278481,0.32771906649053273,0.36818069612441373,0.6278426695967796,0.35366859027205266,0.322560507107184,0.5860571122134335,0.5076700260844508
Belal Muhammad,Orthodox,No,No,No,Belal Muhammad,0.0,0.596078431372549,0.03843137254901961,0.0,0.9891416122004358,17.406797385620916,3.8628758169934643,1.2962091503267974,20.402745098039215,0.8393464052287583,1.3237908496732027,22.565882352941177,50.70875816993464,32.61529411764705,64.36261437908497,1.6222222222222222,44.08640522875817,5.109542483660131,1.51281045751634,47.41686274509804,1.2598692810457517,2.03202614379085,0.07176470588235294,0.03620915032679738,0.013333333333333332,0.026666666666666665,0.14906535947712418,9.509019607843138,2.6169934640522876,5.120392156862745,16.342352941176472,0.5389542483660131,0.3650980392156863,17.24640522875817,38.29751633986928,18.799477124183007,40.05986928104575,0.8011764705882353,28.679607843137255,4.00235294117647,5.615555555555555,37.01908496732026,0.6726797385620915,0.6057516339869281,0.7649673202614379,19.170588235294115,1.385359477124183,0.49516339869281045,20.67673202614379,0.13372549019607843,0.24065359477124187,21.051111111111112,21.260392156862743,0.3674456083803384,0.39483367480971715,0.7560120753172329,0.394020565108442,0.430284584784101,0.6662170574808052,0.6514634930845931,0.4450095637782853,0.5067428418234917,0.9548050252896068,0.6684396920678763,0.3461362597165065,0.9935519914336925,0.5585424935380443,0.19879518072289148,0.39728096676737157,0.5496730107585603,0.5307154650882013
Braxton Smith,,No,No,No,Braxton Smith,0.0,0.0,0.0,0.0,0.0,13.0,0.0,1.0,14.0,0.0,0.0,14.0,29.0,14.0,29.0,1.0,28.0,0.0,1.0,29.0,0.0,0.0,0.0,0.0,0.0,0.0,0.45,24.0,1.0,0.0,12.0,3.0,10.0,25.0,37.0,37.0,62.0,1.0,36.0,1.0,0.0,24.0,3.0,10.0,1.0,12.0,0.0,0.0,12.0,0.0,0.0,12.0,25.0,0.0,0.4642857142857143,,0.0,0.4827586206896552,,,0.4827586206896552,0.4827586206896552,1.0,0.33333333333333337,0.0,,0.5,0.0,0.0,0.32432432432432434,0.4032258064516129
Parker Porter,Orthodox,No,No,No,Parker Porter,0.0,0.36507936507936506,0.1111111111111111,0.0,1.123015873015873,23.571428571428573,3.444444444444444,5.634920634920635,28.873015873015873,2.8095238095238098,0.9682539682539683,32.65079365079365,61.12698412698413,40.58730158730159,71.58730158730158,1.9523809523809526,51.333333333333336,3.73015873015873,6.063492063492063,56.063492063492056,3.6507936507936507,1.4126984126984128,0.14285714285714285,0.047619047619047616,0.047619047619047616,0.0,0.3333333333333333,18.873015873015873,5.698412698412699,4.396825396825397,25.412698412698415,2.6507936507936507,0.9047619047619048,28.968253968253972,58.15873015873016,31.873015873015873,61.44444444444445,0.14285714285714285,46.857142857142854,6.80952380952381,4.492063492063492,52.98412698412699,3.507936507936508,1.6666666666666667,0.09523809523809523,27.984126984126984,1.111111111111111,0.09523809523809523,27.571428571428573,0.8571428571428571,0.7619047619047619,29.19047619047619,29.57142857142857,0.18699186991869915,0.45918367346938777,0.9234042553191489,0.060209424083769635,0.5150056625141564,0.7695652173913045,0.6853932584269663,0.5341469748117372,0.5669623059866963,0.6666666666666667,0.5972222222222222,0.1631701631701632,0.9893992932862191,0.5203714799281007,0.24434389140271495,0.4571428571428572,0.5019104803493449,0.4812709894084216
Yan Xiaonan,Orthodox,No,No,No,Yan Xiaonan,0.02,0.1738888888888889,0.0,0.0,0.5901574074074074,16.118888888888886,3.4211111111111108,5.91,22.214444444444446,1.9877777777777776,1.2477777777777779,25.45,51.24055555555556,33.70611111111111,61.55722222222222,0.26055555555555554,39.56611111111111,4.4944444444444445,7.18,46.55833333333333,3.0572222222222223,1.625,0.0,0.3944444444444445,0.08944444444444444,0.042222222222222223,1.7054074074074073,10.218333333333334,2.7627777777777776,1.45,11.99611111111111,1.3122222222222224,1.1227777777777779,14.431111111111113,38.255,43.94111111111111,70.78999999999999,1.281111111111111,32.33833333333333,4.095555555555555,1.821111111111111,34.71722222222222,2.1194444444444445,1.4183333333333334,0.8866666666666667,22.119999999999997,1.3327777777777778,0.3711111111111111,22.72111111111111,0.8072222222222223,0.29555555555555557,23.823888888888888,26.848888888888887,0.6673773987206824,0.4073912860332214,0.761186650185414,0.02421850820179511,0.4771314360718335,0.650190805015446,0.7678632478632479,0.4966768943870415,0.5475573766053266,0.6921075455333912,0.6840179353708189,0.32542051003798156,0.783404514948139,0.6544622425629291,0.38086500655307987,0.20838229533881703,0.6227653611002193,0.3792751644143083
Joseph Holmes,Orthodox,No,No,No,Joseph Holmes,0.08333333333333333,0.16666666666666666,0.08333333333333333,0.08333333333333333,0.700925925925926,6.722222222222221,3.194444444444444,2.8055555555555554,10.13888888888889,2.0,0.5833333333333334,12.722222222222223,23.833333333333332,14.333333333333334,25.527777777777782,0.5,15.972222222222221,4.722222222222222,3.138888888888889,20.583333333333332,2.4166666666666665,0.8333333333333334,0.1111111111111111,0.47222222222222215,0.2222222222222222,0.0,1.3398148148148146,8.25,3.5833333333333335,2.555555555555556,9.361111111111112,2.0833333333333335,2.944444444444444,14.388888888888888,32.55555555555555,20.055555555555557,40.083333333333336,0.861111111111111,24.13888888888889,5.194444444444445,3.222222222222222,24.833333333333332,3.527777777777778,4.194444444444445,0.38888888888888884,15.888888888888888,1.611111111111111,0.6666666666666666,15.472222222222221,1.4444444444444444,1.25,18.166666666666668,20.027777777777775,0.3333333333333333,0.4208695652173913,0.676470588235294,0.05309734513274336,0.4925775978407558,0.8275862068965518,0.7000000000000001,0.5337995337995338,0.5614798694232861,0.4516129032258065,0.6582278481012658,0.31016042780748665,0.853448275862069,0.623042505592841,0.40944881889763785,0.29801324503311266,0.5580204778156996,0.4996534996534996
Khaos Williams,Orthodox,No,No,No,Khaos Williams,0.22857142857142856,0.0,0.0,0.0,0.49460317460317466,11.580952380952382,4.914285714285715,8.619047619047619,22.790476190476188,1.4380952380952383,0.8857142857142858,25.114285714285714,64.05714285714286,28.60952380952381,67.88571428571429,0.11428571428571428,45.61904761904762,7.2,11.238095238095239,60.219047619047615,2.533333333333333,1.3047619047619048,0.0,0.13333333333333333,0.3047619047619048,0.0,0.11222222222222222,15.647619047619047,3.5047619047619047,4.5809523809523816,20.98095238095238,2.619047619047619,0.13333333333333333,23.733333333333334,41.542857142857144,25.504761904761907,43.62857142857143,0.5714285714285715,31.399999999999995,4.771428571428571,5.371428571428571,38.4952380952381,2.9142857142857146,0.13333333333333333,0.4380952380952381,15.752380952380953,1.2666666666666666,0.7904761904761904,17.514285714285716,0.29523809523809524,0.0,17.80952380952381,18.123809523809523,0.0,0.2538622129436326,0.6825396825396826,0.0,0.378459591965839,0.567669172932331,0.6788321167883212,0.39206066012488844,0.4214365881032548,0.7666666666666667,0.5016681831968455,0.2654690618762475,0.975177304964539,0.45497278574962896,0.10130718954248374,0.0,0.42870243007794595,0.4154114822091247
Rolando Bedoya,,No,No,No,Rolando Bedoya,0.0,0.0,0.0,0.0,0.03888888888888887,34.333333333333336,5.0,10.333333333333334,45.333333333333336,4.333333333333333,0.0,49.666666666666664,69.66666666666667,50.0,70.0,0.6666666666666666,50.0,5.666666666666667,14.0,65.33333333333333,4.333333333333333,0.0,0.0,0.0,0.0,0.0,0.4055555555555555,22.666666666666668,9.666666666666666,11.0,42.0,1.3333333333333333,0.0,43.333333333333336,94.33333333333333,43.666666666666664,94.66666666666667,0.0,68.33333333333333,12.666666666666666,13.333333333333334,92.0,2.3333333333333335,0.0,0.0,45.666666666666664,3.0,2.3333333333333335,50.0,1.0,0.0,51.0,51.0,0.0,0.6866666666666668,0.8823529411764706,0.0,0.6938775510204083,1.0,,0.7129186602870813,0.7142857142857143,,0.6682926829268292,0.23684210526315785,1.0,0.5434782608695652,0.4285714285714286,,0.5406360424028268,0.5387323943661972
Kron Gracie,Southpaw,No,No,No,Kron Gracie,0.0,0.1111111111111111,0.1111111111111111,0.0,0.24074074074074078,14.277777777777777,0.7222222222222222,3.1666666666666665,16.166666666666668,1.8333333333333333,0.16666666666666666,18.166666666666668,39.5,43.27777777777777,68.05555555555556,0.5555555555555555,33.166666666666664,1.8888888888888886,4.444444444444444,36.5,2.6666666666666665,0.3333333333333333,0.0,0.0,0.0,0.0,1.1472222222222221,22.5,8.5,2.8333333333333335,25.666666666666668,6.333333333333333,1.8333333333333333,33.833333333333336,71.66666666666667,50.27777777777777,88.55555555555554,0.0,56.5,11.777777777777777,3.388888888888889,61.0,8.666666666666666,2.0,0.0,34.0,3.277777777777778,0.5555555555555555,35.333333333333336,2.3333333333333335,0.16666666666666666,37.833333333333336,38.27777777777778,0.2,0.4304857621440536,0.3823529411764706,0.025,0.4429223744292238,0.6875,0.5,0.45991561181434604,0.6359183673469386,,0.6017699115044248,0.2783018867924528,1.0,0.5792349726775956,0.26923076923076916,0.08333333333333337,0.527906976744186,0.43224592220828106
Virna Jandiroba,Orthodox,No,No,No,Virna Jandiroba,0.041666666666666664,0.7547619047619047,0.2619047619047619,0.1619047619047619,1.7462301587301585,9.591666666666667,1.517857142857143,0.15595238095238095,8.582142857142857,1.501190476190476,1.1821428571428572,11.26547619047619,27.91071428571429,26.11904761904762,44.40714285714285,1.9107142857142858,24.81904761904762,2.9357142857142855,0.15595238095238095,24.37142857142857,2.248809523809524,1.2904761904761906,0.0,0.28690476190476194,0.041666666666666664,0.11428571428571428,0.6971428571428572,10.794047619047618,2.875,1.5238095238095237,11.455952380952382,1.8452380952380951,1.8916666666666666,15.192857142857143,34.923809523809524,28.458333333333332,49.68214285714286,1.1928571428571428,28.99761904761905,4.1988095238095235,1.7273809523809522,30.172619047619047,2.408333333333333,2.342857142857143,0.9059523809523808,18.203571428571426,1.3238095238095238,0.2035714285714286,18.716666666666665,0.5630952380952381,0.4511904761904762,19.73095238095238,21.223809523809525,0.3950155763239875,0.38646392939370683,0.5170316301703164,4.8396946564885495,0.35213950762016416,0.6675489677077818,0.9160516605166051,0.4036255065045852,0.5881722159669723,0.7594810379241517,0.6277608999096806,0.31528210944145163,0.8339076498966229,0.6203195896626553,0.23381117152743447,0.19258130081300817,0.5649713662394328,0.42719191047851823
Ikram Aliskerov,,No,No,No,Ikram Aliskerov,1.0,0.0,0.0,0.0,0.0,13.0,6.0,1.0,19.0,1.0,0.0,20.0,33.0,20.0,33.0,0.0,24.0,8.0,1.0,31.0,2.0,0.0,0.0,0.0,0.0,0.0,0.0,4.0,10.0,3.0,17.0,0.0,0.0,17.0,28.0,17.0,28.0,0.0,14.0,11.0,3.0,28.0,0.0,0.0,0.0,10.0,1.0,0.0,11.0,0.0,0.0,11.0,11.0,,0.5416666666666666,0.75,0.0,0.6129032258064516,0.5,,0.6060606060606061,0.6060606060606061,,0.7142857142857143,0.09090909090909094,1.0,0.3928571428571429,,,0.3928571428571429,0.3928571428571429
Hailey Cowan,,No,No,No,Hailey Cowan,0.0,0.6666666666666666,0.0,0.0,1.6111111111111114,12.666666666666666,7.0,1.3333333333333333,14.333333333333334,5.333333333333333,1.3333333333333333,21.0,50.0,28.333333333333332,57.666666666666664,2.6666666666666665,37.0,11.333333333333334,1.6666666666666667,42.0,6.666666666666667,1.3333333333333333,0.0,0.0,0.0,0.0,0.37222222222222223,12.333333333333334,10.0,3.0,15.333333333333334,10.0,0.0,25.333333333333332,34.666666666666664,33.0,42.666666666666664,0.3333333333333333,19.666666666666668,11.0,4.0,24.666666666666668,10.0,0.0,0.3333333333333333,7.333333333333333,1.0,1.0,9.333333333333334,0.0,0.0,9.333333333333334,9.666666666666666,0.25,0.34234234234234234,0.6176470588235293,0.39999999999999997,0.3412698412698413,0.7999999999999999,1.0,0.42,0.4913294797687861,1.0,0.3728813559322034,0.09090909090909094,1.0,0.3783783783783784,0.0,,0.26923076923076916,0.2265625
Trey Waters,,No,No,No,Trey Waters,0.0,0.3333333333333333,0.0,0.0,0.14999999999999997,31.0,2.0,1.6666666666666667,34.0,0.3333333333333333,0.3333333333333333,34.666666666666664,67.66666666666667,35.333333333333336,68.33333333333333,0.6666666666666666,63.0,3.0,1.6666666666666667,67.0,0.3333333333333333,0.3333333333333333,0.0,0.3333333333333333,0.0,0.0,0.3,8.666666666666666,1.6666666666666667,6.333333333333333,15.333333333333334,0.6666666666666666,0.6666666666666666,16.666666666666668,42.666666666666664,16.666666666666668,42.666666666666664,2.6666666666666665,34.0,2.3333333333333335,6.333333333333333,41.333333333333336,0.6666666666666666,0.6666666666666666,2.3333333333333335,25.333333333333332,0.6666666666666666,0.0,26.0,0.0,0.0,26.0,26.0,0.5,0.49206349206349204,0.6666666666666666,0.19999999999999998,0.5074626865671642,1.0,1.0,0.5123152709359605,0.5170731707317073,0.875,0.7450980392156863,0.2857142857142857,0.9473684210526316,0.6290322580645161,0.0,0.0,0.609375,0.609375
Journey Newson,Orthodox,No,No,No,Journey Newson,0.05555555555555555,0.16666666666666666,0.1111111111111111,0.0,0.14768518518518517,4.583333333333333,3.3333333333333335,3.7777777777777772,10.666666666666666,0.3055555555555555,0.7222222222222222,11.694444444444445,34.05555555555556,14.888888888888891,38.27777777777778,0.8611111111111112,23.11111111111111,5.527777777777778,5.416666666666667,32.97222222222222,0.3611111111111111,0.7222222222222222,0.13888888888888887,0.7777777777777777,0.08333333333333333,0.0,0.9444444444444445,5.638888888888889,2.5,2.638888888888889,8.86111111111111,1.111111111111111,0.8055555555555555,10.777777777777779,30.694444444444443,15.055555555555555,35.666666666666664,1.472222222222222,23.333333333333332,4.25,3.111111111111111,28.194444444444446,1.5555555555555556,0.9444444444444443,0.6944444444444443,17.694444444444443,1.75,0.47222222222222215,19.333333333333332,0.4444444444444444,0.13888888888888887,19.916666666666668,20.61111111111111,0.19354838709677416,0.19831730769230768,0.6030150753768845,0.030769230769230767,0.3235046335299073,0.846153846153846,1.0,0.3433931484502447,0.38896952104499277,0.4716981132075472,0.7583333333333333,0.4117647058823529,0.75,0.6857142857142857,0.2857142857142858,0.1470588235294117,0.6488687782805429,0.5778816199376946
Julian Erosa,Southpaw,No,No,No,Julian Erosa,0.025641025641025644,0.5851648351648352,0.19413919413919412,0.0,0.6608363858363858,16.217490842490843,6.530677655677656,2.2463369963369964,19.72069597069597,4.096611721611722,1.1771978021978022,24.9945054945055,51.20741758241758,30.661172161172164,57.67124542124542,1.080128205128205,39.34386446886447,9.219780219780219,2.6437728937728937,44.103479853479854,5.782509157509157,1.3214285714285714,0.28113553113553114,0.34249084249084244,0.14285714285714285,0.047619047619047616,0.6023885836385836,19.546703296703296,3.4633699633699635,2.9455128205128207,20.98763736263736,3.0164835164835164,1.9514652014652014,25.955586080586084,50.205128205128204,32.61813186813187,57.93406593406593,0.9546703296703297,42.01282051282052,4.470695970695971,3.7216117216117213,42.423534798534796,4.6616300366300365,3.11996336996337,0.6121794871794872,22.466117216117215,1.0073260073260073,0.7760989010989011,21.435897435897434,1.64514652014652,1.1684981684981686,24.24954212454212,25.315934065934062,0.5417549809241204,0.4121987268262595,0.7083333333333335,0.22133702805680638,0.4471460310209506,0.708448808298361,0.8908523908523909,0.4881032216529415,0.5316544135160456,0.6412470023980816,0.5347443218972057,0.22531749283080704,0.9079724409448819,0.5052831532708062,0.35291228759453885,0.3745230407983563,0.4830092660148839,0.43697837632776926
Batgerel Danaa,,No,No,No,Batgerel Danaa,0.1111111111111111,0.2222222222222222,0.0,0.1111111111111111,0.16296296296296295,14.944444444444445,3.2777777777777772,4.111111111111111,19.61111111111111,1.5,1.2222222222222223,22.333333333333332,66.05555555555556,29.555555555555557,75.27777777777779,0.38888888888888884,54.77777777777778,6.388888888888888,4.888888888888888,61.611111111111114,2.0,2.444444444444444,0.1111111111111111,0.38888888888888884,0.0,0.0,0.5277777777777778,17.38888888888889,2.1666666666666665,4.722222222222222,23.055555555555557,0.1111111111111111,1.111111111111111,24.277777777777775,40.94444444444444,32.55555555555555,51.111111111111114,1.0555555555555556,32.11111111111111,3.2777777777777772,5.5555555555555545,39.5,0.2222222222222222,1.2222222222222223,0.6666666666666666,14.722222222222221,1.111111111111111,0.8333333333333334,16.444444444444446,0.1111111111111111,0.1111111111111111,16.666666666666668,18.555555555555557,0.5714285714285715,0.27281947261663286,0.5130434782608695,0.045454545454545456,0.31830477908025245,0.75,0.5000000000000001,0.3380992430613961,0.39261992619926195,0.6315789473684211,0.45847750865051895,0.3389830508474576,0.9299999999999999,0.4163150492264416,0.5,0.09090909090909116,0.407055630936228,0.3630434782608697
Brady Hiestand,Orthodox,No,No,No,Brady Hiestand,0.0,1.3333333333333333,0.1111111111111111,0.1111111111111111,2.338888888888889,10.888888888888891,2.3333333333333335,1.222222222222222,12.111111111111112,1.111111111111111,1.222222222222222,14.444444444444445,27.666666666666668,26.0,41.888888888888886,2.888888888888889,22.777777777777782,3.222222222222222,1.6666666666666667,25.0,1.3333333333333333,1.3333333333333333,0.2222222222222222,0.4444444444444444,0.1111111111111111,0.3333333333333333,0.5444444444444444,14.333333333333334,1.8888888888888886,1.7777777777777777,12.888888888888888,3.2222222222222228,1.888888888888889,18.0,38.77777777777778,42.111111111111114,67.33333333333333,0.7777777777777778,34.11111111111111,2.6666666666666665,2.0,31.777777777777775,4.0,3.0,0.3333333333333333,19.77777777777778,0.7777777777777777,0.2222222222222222,18.88888888888889,0.7777777777777777,1.111111111111111,20.777777777777775,25.222222222222225,0.4615384615384615,0.47804878048780486,0.7241379310344829,0.7999999999999999,0.4844444444444445,0.8333333333333333,0.9166666666666666,0.5220883534136546,0.6206896551724138,0.4285714285714286,0.5798045602605862,0.29166666666666674,0.7777777777777778,0.5944055944055944,0.1944444444444443,0.37037037037037035,0.5358166189111748,0.3745874587458745
Brogan Walker,,No,No,No,Brogan Walker,0.0,0.0,0.0,0.16666666666666666,0.3888888888888889,3.6666666666666665,3.0,3.1666666666666665,8.333333333333334,1.3333333333333333,0.16666666666666666,9.833333333333334,32.166666666666664,13.833333333333334,37.166666666666664,0.0,22.0,4.5,5.666666666666667,30.333333333333332,1.6666666666666667,0.16666666666666666,0.0,1.3333333333333333,0.16666666666666666,0.0,1.738888888888889,12.666666666666666,4.0,1.1666666666666667,12.666666666666666,1.0,4.166666666666667,17.833333333333332,33.833333333333336,27.833333333333332,46.5,1.5,27.5,5.0,1.3333333333333333,26.0,1.1666666666666667,6.666666666666667,0.16666666666666666,14.833333333333334,1.0,0.16666666666666666,13.333333333333334,0.16666666666666666,2.5,16.0,18.666666666666668,,0.16666666666666666,0.6666666666666666,0.0,0.27472527472527475,0.7999999999999999,1.0,0.305699481865285,0.3721973094170404,0.11111111111111116,0.5393939393939394,0.19999999999999996,0.0,0.5128205128205128,0.1428571428571429,0.375,0.4729064039408868,0.4014336917562724
Montel Jackson,Southpaw,No,No,No,Montel Jackson,0.48148148148148145,1.0555555555555556,0.07407407407407407,0.1111111111111111,1.9555555555555555,11.092592592592593,2.9629629629629632,1.0925925925925926,8.11111111111111,4.277777777777778,2.7592592592592595,15.148148148148147,26.85185185185185,28.944444444444443,42.68518518518518,1.5555555555555554,22.240740740740744,3.3703703703703702,1.2407407407407407,17.12962962962963,5.537037037037037,4.185185185185185,0.0,0.9444444444444443,0.35185185185185186,0.0,0.8709876543209877,2.055555555555556,1.8518518518518519,2.259259259259259,5.055555555555555,0.9629629629629629,0.14814814814814814,6.166666666666667,17.5,11.296296296296296,23.88888888888889,2.9629629629629632,11.148148148148147,3.611111111111111,2.7407407407407405,15.962962962962962,1.2962962962962963,0.24074074074074073,2.0185185185185186,9.092592592592593,1.7592592592592593,0.48148148148148145,10.907407407407407,0.3333333333333333,0.0925925925925926,11.333333333333334,12.592592592592593,0.6785714285714287,0.49875104079933386,0.8791208791208792,0.8507462686567164,0.4735135135135135,0.7725752508361203,0.6592920353982301,0.5641379310344827,0.6780911062906725,0.6812500000000001,0.8156146179401993,0.4871794871794872,0.6554054054054055,0.6832946635730859,0.25714285714285723,0.3846153846153846,0.6476190476190475,0.5271317829457365
Rani Yahya,Orthodox,No,No,No,Rani Yahya,0.0,0.8183760683760685,0.46025641025641023,0.15811965811965814,1.8100783475783475,4.417521367521368,1.4606837606837606,1.9188034188034189,5.641025641025641,0.4358974358974359,1.7200854700854702,7.797008547008548,20.706410256410255,22.843589743589746,38.886752136752136,2.523931623931624,16.106837606837605,2.114102564102564,2.4854700854700855,17.761965811965812,0.744017094017094,2.2004273504273506,0.06666666666666667,0.46068376068376066,0.10683760683760685,0.12008547008547009,1.3294444444444444,5.476068376068376,1.5957264957264956,0.8995726495726496,4.53034188034188,0.33247863247863246,3.1085470085470086,7.9713675213675215,16.107264957264956,22.644444444444446,32.85470085470086,0.6175213675213675,12.838034188034188,2.080769230769231,1.1884615384615385,11.92863247863248,0.4547008547008547,3.7239316239316236,0.15683760683760684,7.3619658119658125,0.48504273504273504,0.2888888888888889,7.398290598290598,0.12222222222222222,0.6153846153846154,8.135897435897435,10.210256410256411,0.32424652895360656,0.27426373043247554,0.6909237921972913,0.32926409903713894,0.3175901643288502,0.5858701895462378,0.7817051854729073,0.3765504715910264,0.5874388702675972,0.2539792387543254,0.5734496188542325,0.23310741425344028,0.6123696512046026,0.6202128040697883,0.26879699248120303,0.1652513197154004,0.5051073200498792,0.3107700312174818
Aaron Phillips,Southpaw,No,No,No,Aaron Phillips,0.0,0.27777777777777773,0.19444444444444442,0.08333333333333333,0.6851851851851851,3.1666666666666665,3.3055555555555554,0.4166666666666667,3.777777777777778,2.027777777777778,1.0833333333333333,6.888888888888889,12.861111111111112,39.888888888888886,49.861111111111114,0.5833333333333334,8.13888888888889,3.888888888888889,0.8333333333333334,8.777777777777777,2.472222222222222,1.611111111111111,0.0,1.3333333333333333,0.16666666666666666,0.16666666666666666,2.785185185185185,11.777777777777779,2.527777777777778,2.9166666666666665,6.0,2.777777777777778,8.444444444444445,17.22222222222222,30.444444444444443,30.333333333333332,45.52777777777778,2.3055555555555554,22.75,3.9166666666666665,3.777777777777778,13.416666666666666,3.611111111111111,13.416666666666666,0.9722222222222222,10.972222222222221,1.388888888888889,0.8611111111111112,7.416666666666667,0.8333333333333334,4.972222222222222,13.222222222222221,15.194444444444445,0.4761904761904761,0.3890784982935153,0.85,0.33333333333333326,0.4303797468354431,0.8202247191011238,0.6724137931034483,0.5356371490280777,0.7999999999999999,0.42168674698795183,0.48229548229548225,0.35460992907801403,0.6470588235294118,0.5527950310559007,0.23076923076923073,0.37060041407867494,0.43430656934306566,0.33374008541793776
Matheus Nicolau,Orthodox,No,No,No,Matheus Nicolau,0.335978835978836,0.4656084656084656,0.28835978835978837,0.0,0.8389770723104055,8.915343915343916,5.978835978835979,2.1904761904761907,14.883597883597885,0.17724867724867724,2.0238095238095237,17.084656084656086,31.976190476190478,25.48148148148148,41.67989417989418,1.0714285714285714,21.05820105820106,8.177248677248677,2.7407407407407405,28.817460317460316,0.2328042328042328,2.9259259259259256,0.12169312169312169,0.037037037037037035,0.0,0.0,0.22610229276895943,8.783068783068783,2.9603174603174605,2.994708994708995,12.997354497354499,0.5634920634920635,1.1772486772486772,14.738095238095239,43.902116402116405,20.116402116402117,49.91534391534392,0.6825396825396824,34.57142857142857,5.645502645502646,3.685185185185185,41.20634920634921,0.8253968253968252,1.8703703703703705,0.6455026455026455,25.788359788359788,2.685185185185185,0.6904761904761904,28.20899470899471,0.2619047619047619,0.693121693121693,29.164021164021165,29.798941798941797,0.4345679012345679,0.42336683417085424,0.7311549660304109,0.16988416988416988,0.5164784724134766,0.7613636363636364,0.6916817359855335,0.5342930421113593,0.6113614725483973,0.9457364341085271,0.7459442913988368,0.47563261480787256,0.9899497487437185,0.6845788392398562,0.3173076923076922,0.3705799151343706,0.6642964748418199,0.5969896120415519
Rafa Garcia,Orthodox,No,No,No,Rafa Garcia,0.0,1.2142857142857144,0.09523809523809523,0.0,1.3350529100529103,16.174603174603174,2.904761904761905,1.746031746031746,17.484126984126984,2.214285714285714,1.126984126984127,20.825396825396826,48.72222222222222,28.817460317460316,58.25396825396825,2.7380952380952386,42.3968253968254,4.214285714285714,2.111111111111111,43.888888888888886,2.8095238095238098,2.0238095238095237,0.0,0.23809523809523805,0.0,0.0,0.1412698412698413,12.246031746031747,6.698412698412699,2.1507936507936507,18.23015873015873,2.5714285714285716,0.29365079365079366,21.0952380952381,55.20634920634921,28.484126984126984,63.333333333333336,1.1825396825396826,43.62698412698413,9.023809523809524,2.555555555555556,51.75396825396825,3.0634920634920633,0.38888888888888884,0.9444444444444443,31.38095238095238,2.3253968253968256,0.4047619047619047,33.523809523809526,0.49206349206349204,0.09523809523809523,34.111111111111114,34.84920634920635,0.4434782608695652,0.38150505428678394,0.6892655367231639,0.575187969924812,0.398372513562387,0.7881355932203388,0.5568627450980392,0.42743117771624045,0.4946866485013624,0.7986577181208054,0.719301437147535,0.2576956904133685,0.906832298136646,0.647753412053366,0.160621761658031,0.2448979591836733,0.6178838412880966,0.550250626566416
Azamat Murzakanov,Southpaw,No,No,No,Azamat Murzakanov,0.3333333333333333,0.2222222222222222,0.0,0.0,0.5092592592592592,13.0,5.111111111111112,1.222222222222222,12.666666666666666,1.5555555555555554,5.111111111111111,19.333333333333332,33.55555555555555,21.444444444444446,36.333333333333336,1.222222222222222,26.111111111111114,6.111111111111111,1.3333333333333333,25.666666666666668,1.7777777777777777,6.111111111111112,0.0,0.1111111111111111,0.0,0.0,0.4185185185185185,6.0,3.1111111111111107,4.333333333333333,12.0,1.4444444444444446,0.0,13.444444444444445,31.222222222222225,20.555555555555554,39.44444444444444,0.6666666666666666,20.333333333333332,5.111111111111112,5.777777777777778,29.333333333333332,1.888888888888889,0.0,0.5555555555555555,14.333333333333334,2.0,1.4444444444444444,17.333333333333332,0.4444444444444444,0.0,17.77777777777778,18.88888888888889,0.18181818181818182,0.49787234042553186,0.8363636363636365,0.16666666666666666,0.49350649350649345,0.8749999999999999,0.8363636363636362,0.576158940397351,0.5902140672782875,0.8333333333333334,0.7049180327868853,0.39130434782608714,0.9807692307692307,0.5909090909090908,0.23529411764705876,,0.5693950177935944,0.47887323943661975
Piera Rodriguez,Orthodox,No,No,No,Piera Rodriguez,0.0,1.1666666666666667,0.0,0.0,1.1083333333333334,8.444444444444445,8.055555555555555,2.055555555555556,11.444444444444443,6.0,1.1111111111111112,18.555555555555554,35.55555555555556,24.777777777777775,43.166666666666664,2.1666666666666665,24.055555555555554,9.11111111111111,2.388888888888889,28.0,6.4444444444444455,1.1111111111111112,0.0,0.4444444444444444,0.1111111111111111,0.0,1.150925925925926,12.444444444444445,2.4444444444444446,1.2222222222222223,11.888888888888891,2.555555555555556,1.6666666666666667,16.11111111111111,34.388888888888886,22.5,42.0,1.4444444444444446,28.555555555555557,4.111111111111111,1.7222222222222223,29.11111111111111,3.277777777777778,2.0,1.0,16.11111111111111,1.6666666666666667,0.5,17.22222222222222,0.7222222222222222,0.3333333333333333,18.27777777777778,19.5,0.5384615384615385,0.35103926096997695,0.8841463414634146,0.48837209302325585,0.40873015873015867,0.9310344827586206,1.0,0.5218749999999999,0.5740025740025739,0.6923076923076923,0.5642023346303502,0.40540540540540526,0.7419354838709677,0.5916030534351144,0.22033898305084743,0.16666666666666663,0.5315024232633279,0.4642857142857143
Lando Vannata,Orthodox,No,No,No,Lando Vannata,0.1358974358974359,0.3507122507122507,0.0846153846153846,0.025641025641025644,0.26400759734093066,10.643874643874645,5.554131054131054,5.319658119658119,19.00826210826211,1.6222222222222225,0.8871794871794872,21.517663817663816,47.67720797720798,24.786324786324787,51.688603988603994,0.903988603988604,32.057264957264955,8.73162393162393,6.888319088319089,43.3957264957265,2.5327635327635325,1.7487179487179487,0.06267806267806268,0.5358974358974359,0.1435897435897436,0.025641025641025644,0.6484757834757834,14.117948717948716,4.460968660968661,4.168091168091168,18.496866096866096,2.831339031339031,1.4188034188034189,22.747008547008548,51.061538461538454,25.14814814814815,54.33960113960114,1.7108262108262107,38.75156695156695,7.36068376068376,4.949287749287749,44.959829059829055,3.492022792022792,2.60968660968661,1.174928774928775,24.633618233618233,2.8997150997151,0.7811965811965811,26.462962962962962,0.6606837606837607,1.190883190883191,28.314529914529913,29.19145299145299,0.38796092026473367,0.33202691053225625,0.6360937092143044,0.05091405409876747,0.43802152062447886,0.6404949381327336,0.5073313782991202,0.45131971293181233,0.4795317124793994,0.6867610324729392,0.6356805716890412,0.39394643133612006,0.8917223117660603,0.5885912717272145,0.18919800930080777,0.45633187772925765,0.5545177597000435,0.5372040349810205
Max Holloway,Orthodox,Yes,Yes,Yes,Max Holloway,0.0654040404040404,0.09654882154882154,0.10656565656565656,0.0,0.27342452300785636,25.74082491582492,9.02449494949495,3.3664983164983164,33.709006734006735,2.8125420875420875,1.6102693602693603,38.13181818181818,77.40530303030303,41.14478114478114,80.681734006734,0.21658249158249157,61.400336700336695,11.694276094276095,4.310690235690236,71.6063973063973,3.5888888888888895,2.2100168350168348,0.0,0.2648148148148148,0.02222222222222222,0.03333333333333333,0.45896604938271607,16.41717171717172,3.2707912457912456,5.443855218855219,23.435185185185183,1.3923400673400672,0.3042929292929293,25.131818181818183,58.91986531986531,26.580808080808083,60.569612794612794,1.6752525252525252,46.18409090909091,5.9746632996633,6.761111111111111,56.15361952861953,2.1723063973063974,0.5939393939393939,1.4104377104377104,29.766919191919193,2.703872053872054,1.3172558922558921,32.71843434343434,0.77996632996633,0.2896464646464646,33.78804713804713,33.98880471380471,0.4457831325301205,0.4192293772174667,0.7717018887481285,0.022397531780281574,0.4707541225649008,0.7836804578290645,0.7286231194058276,0.4926253976021532,0.5099640166552077,0.8419254346296855,0.6445275549650334,0.45255638991814484,0.9608326485894275,0.5826594014435509,0.3590498701902586,0.4876700680272108,0.5734576437780012,0.5611527488058791
Ed Herman,Orthodox,No,No,No,Ed Herman,0.06611721611721612,0.5661172161172161,0.27728937728937725,0.10659340659340659,1.1541300366300369,8.713553113553113,3.5567765567765566,1.6602564102564104,7.098901098901099,3.819230769230769,3.0124542124542124,13.930586080586082,28.82875457875458,24.39139194139194,40.24102564102564,1.232234432234432,22.474908424908424,4.3996336996337,1.9542124542124544,19.071428571428573,5.45989010989011,4.297435897435897,0.12893772893772895,0.3967032967032967,0.3183150183150183,0.11227106227106227,1.2514590964590966,10.626007326007326,2.7716117216117215,2.386996336996337,10.072527472527474,3.15989010989011,2.5521978021978025,15.784615384615384,27.423443223443225,23.487362637362637,35.83717948717949,1.023992673992674,21.20769230769231,3.564835164835165,2.650915750915751,19.698351648351647,3.9899267399267395,3.7351648351648357,0.6272893772893773,10.581684981684981,0.7932234432234432,0.2639194139194139,9.625824175824176,0.8300366300366301,1.182967032967033,11.638827838827838,12.349816849816849,0.4594233055885851,0.3877013845313862,0.8084256098576303,0.2896907216494845,0.3722270239124172,0.6995068934286001,0.7009887487214457,0.48321844922334106,0.6061324619053688,0.612591665176176,0.49895504084840325,0.22251335799424588,0.8503523559485975,0.4886614041449331,0.20803305026394292,0.31671079729332163,0.42441161541954964,0.34460906317236595
Zak Cummings,Southpaw,No,No,No,Zak Cummings,0.2498797498797499,0.19937469937469934,0.1996151996151996,0.037037037037037035,0.7202100368767036,9.014911014911014,2.865319865319865,3.062770562770563,12.078403078403078,1.65007215007215,1.2145262145262146,14.943001443001444,41.070947570947574,19.055796055796055,45.59211159211159,0.6683501683501684,33.085137085137085,4.442279942279942,3.5435305435305438,36.586820586820586,2.6892736892736893,1.7948532948532947,0.0,0.25372775372775375,0.09114959114959115,0.07407407407407407,0.418025493025493,8.812169312169312,2.1943241943241945,2.1827801827801827,11.446849446849447,0.7113997113997114,1.031024531024531,13.189273689273689,30.83189033189033,16.774410774410775,35.145262145262144,0.8614718614718614,24.511544011544014,3.5865800865800868,2.7337662337662336,28.124819624819626,1.332130832130832,1.374939874939875,0.6077441077441077,15.699374699374701,1.392255892255892,0.550986050986051,16.677970177970177,0.6207311207311208,0.3439153439153439,17.642616642616645,18.37085137085137,0.2983087441525728,0.2724761572458711,0.6450110984786963,0.05626442242432468,0.33012989061842657,0.6135753890180647,0.6766715797936488,0.3638338613246825,0.417962568311776,0.7054718034617531,0.6404890157870466,0.3881848052035137,0.9071874725081376,0.5929982983162738,0.46596858638743455,0.2501311876858493,0.5722197521041505,0.5227120314232143
Cynthia Calvillo,Orthodox,No,No,No,Cynthia Calvillo,0.0,0.7203418803418804,0.158974358974359,0.0,1.0979572649572649,14.782564102564104,6.777435897435898,2.1521367521367525,21.10017094017094,0.5388034188034189,2.0731623931623933,23.71213675213675,53.80769230769231,29.432649572649574,62.6365811965812,1.3813675213675214,39.93538461538462,10.664273504273504,3.208034188034188,49.98991452991453,0.6232478632478633,3.1945299145299146,0.0,0.07538461538461538,0.03538461538461539,0.03076923076923077,0.03253561253561253,12.347350427350428,3.0041025641025643,2.7762393162393164,17.375726495726497,0.6504273504273504,0.10153846153846154,18.127692307692307,57.63094017094018,19.034358974358973,59.219145299145296,0.36170940170940175,48.477435897435896,5.630598290598291,3.522905982905983,56.104615384615386,1.3786324786324786,0.1476923076923077,0.2863247863247863,36.13008547008547,2.6264957264957265,0.7466666666666667,38.72888888888889,0.7282051282051282,0.046153846153846156,39.503247863247864,40.18478632478632,0.5214701150847668,0.3701620566556232,0.6355272016157472,0.22454308093994782,0.42208855803392825,0.8645090510148108,0.648972602739726,0.4406830275593678,0.469895530860424,0.7915879017013233,0.7452969572591708,0.46646832022830087,0.9786015818331797,0.6902977343911862,0.5282083075015499,0.3125000000000001,0.6854520808801066,0.6785776140772215
Jorge Masvidal,Orthodox,No,No,Yes,Jorge Masvidal,0.08899521531100478,0.24625199362041467,0.13543859649122808,0.010526315789473684,0.6519032429558745,9.125135566188197,4.058851674641149,2.3045295055821375,10.458149920255183,3.244210526315789,1.7861562998405103,15.488516746411483,31.98130781499203,25.122360446570973,42.692472089314194,0.5374481658692185,23.420829346092503,5.3093779904306215,3.2511004784688993,24.68408293460925,4.341562998405104,2.9556618819776714,0.06165869218500797,0.7805741626794258,0.04,0.0343859649122807,1.8299521531100473,9.912759170653908,3.5818819776714514,1.8000637958532697,10.871419457735247,2.429824561403509,1.9934609250398725,15.29470494417863,32.328006379585325,31.051674641148328,49.58526315789474,2.3635087719298244,24.945390749601277,5.114960127591706,2.2676555023923446,26.129250398724082,3.297416267942584,2.90133971291866,1.5829346092503986,15.032631578947369,1.533078149920255,0.4675917065390749,15.257830940988836,0.8675917065390749,0.9078787878787878,17.0333014354067,18.533588516746413,0.4581874295210398,0.38961624421342794,0.7644683957248168,0.07574419654245404,0.4236799053041561,0.7472448349839831,0.6043168573278653,0.4842990423034188,0.5884494201697688,0.6697392571798748,0.602621611737537,0.2997243598538233,0.6557792125585518,0.5839368029376721,0.2631125815001838,0.3129170926921512,0.5268899428998808,0.3737721116398991
Santiago Ponzinibbio,Orthodox,No,No,No,Santiago Ponzinibbio,0.6478386809269162,0.12455436720142601,0.0,0.0,0.20304701426024954,14.081216577540108,2.2228163992869874,4.084447415329769,19.472147950089127,0.33177361853832443,0.5845588235294118,20.38848039215686,49.63636363636364,21.11319073083779,50.44206773618538,0.4054144385026738,41.37299465240642,3.8619652406417115,4.401403743315508,48.156082887700535,0.6081773618538324,0.8721033868092691,0.09569964349376114,0.19618983957219252,0.0,0.0374331550802139,0.19939096850861554,12.15340909090909,3.662210338680927,3.8223039215686274,18.1549688057041,0.3931595365418895,1.089795008912656,19.637923351158644,50.909982174688054,20.775958110516935,52.222816399286984,0.7385249554367201,40.49632352941177,5.903409090909091,4.510249554367202,48.16889483065954,0.6850490196078431,2.0560383244206775,0.5423351158645275,28.342914438502675,2.241198752228164,0.687945632798574,30.013926024955435,0.29188948306595364,0.9662433155080214,31.272058823529413,31.446858288770052,0.3072272602363286,0.3403480143471096,0.5755661329871627,0.028298782494241524,0.4043548972929955,0.5455211577211944,0.6702861522738887,0.41075693097751914,0.41856314933917593,0.7343490722582591,0.6998885816861306,0.379644831946253,0.9565013338602905,0.6230976677059145,0.42608554236461205,0.4699539420211325,0.6142618301500324,0.6021670307540021
Shayilan Nuerdanbieke,Orthodox,No,No,No,Shayilan Nuerdanbieke,0.19999999999999998,0.9055555555555556,0.0,0.3611111111111111,2.1600925925925925,8.055555555555555,0.6888888888888888,0.7611111111111111,5.933333333333334,0.48333333333333334,3.0888888888888886,9.505555555555555,21.099999999999998,24.555555555555554,42.72777777777778,2.533333333333333,18.86111111111111,1.0999999999999999,1.1388888888888888,15.47777777777778,0.9222222222222222,4.7,0.08333333333333333,0.2333333333333333,0.39444444444444443,0.37222222222222223,0.42111111111111105,8.172222222222222,1.8666666666666665,2.6833333333333336,11.333333333333334,0.43333333333333335,0.9555555555555556,12.722222222222221,25.927777777777777,20.650000000000002,35.73888888888889,0.3833333333333333,20.82777777777778,2.0833333333333335,3.016666666666667,24.183333333333334,0.5444444444444444,1.2,0.15,12.655555555555557,0.21666666666666667,0.3333333333333333,12.85,0.1111111111111111,0.24444444444444446,13.205555555555556,15.088888888888889,0.3574561403508772,0.4270986745213549,0.6262626262626262,0.7951219512195122,0.3833452979181622,0.5240963855421688,0.6572104018912529,0.4505002632964718,0.5746976986087634,0.3913043478260869,0.6076287009869299,0.1040000000000002,0.9226519337016574,0.5313576843556168,0.20408163265306112,0.2037037037037036,0.509320762802657,0.4221980413492926
Chidi Njokuani,Orthodox,No,No,No,Chidi Njokuani,0.16666666666666666,0.0,0.08333333333333333,0.0,0.22222222222222224,6.833333333333333,7.583333333333333,2.0,12.416666666666666,3.4166666666666665,0.5833333333333334,16.416666666666668,33.75,17.833333333333332,35.333333333333336,0.0,21.916666666666668,9.416666666666666,2.4166666666666665,29.25,3.9166666666666665,0.5833333333333334,0.08333333333333333,0.5,0.0,0.0,0.9097222222222223,7.25,2.25,5.75,11.25,1.9166666666666667,2.0833333333333335,15.25,38.416666666666664,19.5,43.75,1.4166666666666667,27.833333333333332,3.4166666666666665,7.166666666666667,30.75,2.3333333333333335,5.333333333333333,0.9166666666666666,20.583333333333332,1.1666666666666667,1.4166666666666667,19.5,0.4166666666666667,3.25,23.166666666666668,24.25,,0.31178707224334595,0.8053097345132744,0.0,0.4245014245014245,0.8723404255319149,1.0,0.48641975308641977,0.5047169811320754,0.6470588235294118,0.7395209580838323,0.3414634146341463,0.9302325581395349,0.6341463414634146,0.1785714285714286,0.609375,0.6030368763557483,0.5542857142857143
Steven Peterson,Orthodox,No,No,No,Steven Peterson,0.041666666666666664,0.43452380952380953,0.2738095238095238,0.047619047619047616,1.1458333333333333,15.089285714285714,4.190476190476191,3.2202380952380953,18.470238095238095,2.1964285714285716,1.8333333333333333,22.5,55.63690476190476,30.416666666666668,64.23809523809524,1.4583333333333333,45.25595238095238,6.30952380952381,4.071428571428571,50.154761904761905,3.2083333333333335,2.2738095238095237,0.047619047619047616,0.3988095238095238,0.08333333333333333,0.17857142857142858,0.5899801587301586,20.642857142857142,6.06547619047619,2.5535714285714284,26.55952380952381,1.7916666666666667,0.9107142857142857,29.26190476190476,62.56547619047618,35.214285714285715,69.04166666666667,1.0773809523809523,51.05357142857142,8.5,3.0119047619047623,58.25,2.7619047619047623,1.5535714285714286,0.6785714285714285,30.41071428571429,2.4345238095238098,0.4583333333333333,31.69047619047619,0.9702380952380952,0.6428571428571429,33.30357142857142,33.827380952380956,0.2979591836734694,0.33342101801920293,0.6641509433962264,0.10672514619883042,0.36826489437455495,0.6846011131725418,0.806282722513089,0.4044078313897507,0.4734988880652335,0.6298342541436464,0.595662819167541,0.2864145658263306,0.8675889328063241,0.5440425097077457,0.3512931034482759,0.4137931034482759,0.5322994957663401,0.4899560306923011
Omar Morales,Orthodox,No,No,No,Omar Morales,0.06666666666666667,0.1619047619047619,0.0,0.14285714285714285,0.4928571428571429,10.476190476190476,2.9333333333333336,2.4,13.83809523809524,1.1523809523809525,0.8190476190476191,15.80952380952381,41.714285714285715,18.695238095238096,45.13333333333333,0.1619047619047619,34.885714285714286,4.219047619047619,2.6095238095238096,38.51428571428571,1.6666666666666667,1.5333333333333332,0.1619047619047619,0.6476190476190476,0.047619047619047616,0.0,0.861111111111111,6.152380952380952,5.457142857142856,3.8380952380952382,13.733333333333334,0.6095238095238095,1.1047619047619048,15.447619047619048,37.74285714285714,19.43809523809524,42.285714285714285,1.7142857142857144,25.428571428571427,7.0095238095238095,5.304761904761905,35.13333333333333,0.8380952380952381,1.7714285714285714,1.0666666666666667,19.276190476190475,1.5523809523809524,1.4666666666666666,21.400000000000002,0.22857142857142856,0.6666666666666666,22.295238095238094,22.847619047619048,1.0,0.3003003003003003,0.6952595936794583,0.06204379562043796,0.35929772502472807,0.6914285714285715,0.5341614906832299,0.3789954337899544,0.4142224097910952,0.6222222222222222,0.7580524344569288,0.2214673913043479,0.8779174147217235,0.6091081593927894,0.2727272727272728,0.37634408602150526,0.5907141054756497,0.5403153153153153
Christian Duncan,,No,No,No,Christian Duncan,0.0,0.0,0.0,0.0,0.6333333333333333,3.0,2.0,4.0,8.0,1.0,0.0,9.0,14.0,14.0,19.0,0.0,8.0,2.0,4.0,13.0,1.0,0.0,0.0,0.0,0.0,0.0,0.0,0.0,2.0,2.0,4.0,0.0,0.0,4.0,6.0,6.0,8.0,0.0,0.0,3.0,3.0,6.0,0.0,0.0,0.0,0.0,1.0,1.0,2.0,0.0,0.0,2.0,2.0,,0.375,1.0,0.0,0.6153846153846154,1.0,,0.6428571428571429,0.7368421052631579,,,0.33333333333333337,1.0,0.33333333333333337,,,0.33333333333333337,0.25
Dusko Todorovic,Orthodox,No,No,No,Dusko Todorovic,0.0,0.25396825396825395,0.0,0.0,0.879100529100529,16.71428571428571,4.190476190476191,1.253968253968254,9.777777777777779,6.5555555555555545,5.825396825396825,22.15873015873016,46.17460317460317,32.96825396825397,59.507936507936506,1.5238095238095237,40.047619047619044,4.825396825396825,1.3015873015873016,29.507936507936506,7.746031746031746,8.920634920634921,0.14285714285714285,0.41269841269841273,0.14285714285714285,0.0,0.5492063492063491,12.0,5.603174603174604,0.8253968253968255,14.857142857142856,2.8095238095238098,0.7619047619047619,18.428571428571427,39.07936507936508,21.555555555555554,42.68253968253968,1.1269841269841272,30.11111111111111,7.365079365079365,1.603174603174603,33.095238095238095,4.841269841269841,1.1428571428571428,0.7142857142857143,18.11111111111111,1.7619047619047619,0.7777777777777778,18.238095238095237,2.0317460317460316,0.38095238095238093,20.65079365079365,21.126984126984127,0.16666666666666666,0.41736028537455405,0.8684210526315791,0.19512195121951217,0.33136094674556216,0.846311475409836,0.6530249110320284,0.4798899965623927,0.5540144038410243,0.6338028169014085,0.6014760147601477,0.23922413793103436,0.7425742574257426,0.5510791366906476,0.41967213114754087,0.33333333333333337,0.5284321689683185,0.4949795462997396
Gunnar Nelson,Switch,No,No,No,Gunnar Nelson,0.013333333333333332,0.32666666666666666,0.18,0.05333333333333333,0.9406666666666667,7.666666666666666,1.5733333333333335,0.6266666666666667,7.586666666666668,0.5,1.78,9.866666666666667,17.759999999999998,14.806666666666667,23.35333333333333,0.7466666666666667,14.346666666666668,2.3333333333333335,1.08,15.053333333333333,0.6866666666666668,2.02,0.23333333333333334,0.13333333333333333,0.03333333333333334,0.03333333333333334,0.5434444444444445,15.026666666666666,7.086666666666668,2.9266666666666667,18.82,3.34,2.88,25.04,45.29333333333334,35.42666666666666,56.94666666666667,0.35333333333333333,32.28,9.466666666666665,3.546666666666667,35.95333333333333,4.993333333333334,4.346666666666667,0.21999999999999997,17.253333333333334,2.38,0.62,17.133333333333333,1.653333333333333,1.4666666666666668,20.253333333333334,21.52,0.43749999999999994,0.5343866171003717,0.6742857142857143,0.3024691358024691,0.5039858281665192,0.7281553398058251,0.8811881188118812,0.5555555555555557,0.6340279760205538,0.6226415094339623,0.5344898802147873,0.25140845070422513,0.9624060150375939,0.4765436677174114,0.3311081441922564,0.33742331288343563,0.44715925816897273,0.3778974479044722
Jack Shore,Orthodox,No,No,No,Jack Shore,0.16666666666666666,1.119047619047619,0.2261904761904762,0.08333333333333333,1.6803571428571427,12.857142857142856,2.4285714285714284,3.0595238095238098,13.30952380952381,1.8452380952380951,3.1904761904761902,18.3452380952381,30.857142857142858,25.55952380952381,39.51190476190476,2.7023809523809526,24.4047619047619,2.785714285714286,3.6666666666666665,23.821428571428573,2.5833333333333335,4.4523809523809526,0.047619047619047616,0.23809523809523805,0.17857142857142858,0.09523809523809523,0.8182539682539683,4.261904761904762,3.107142857142857,2.7380952380952377,8.369047619047619,1.3214285714285714,0.4166666666666667,10.107142857142856,24.53571428571429,14.297619047619046,29.36904761904762,1.357142857142857,16.904761904761905,4.333333333333333,3.2976190476190474,22.25,1.7380952380952381,0.5476190476190476,1.119047619047619,12.642857142857144,1.2261904761904763,0.5595238095238095,13.88095238095238,0.4166666666666667,0.13095238095238096,14.428571428571429,15.071428571428571,0.41409691629955947,0.526829268292683,0.8717948717948716,0.3051948051948052,0.55872063968016,0.7142857142857142,0.7165775401069517,0.5945216049382717,0.6468815908406147,0.8245614035087719,0.747887323943662,0.28296703296703285,0.927797833935018,0.6238630283574105,0.23972602739726034,0.23913043478260854,0.5880640465793305,0.513173895419538
Makwan Amirkhani,Southpaw,No,No,No,Makwan Amirkhani,0.023809523809523808,1.0666666666666667,0.2333333333333333,0.19999999999999998,1.457830687830688,5.252380952380952,0.5380952380952381,0.2587301587301587,3.8253968253968256,0.10476190476190476,2.119047619047619,6.049206349206348,13.547619047619046,9.15079365079365,17.315873015873013,2.728571428571428,12.231746031746033,1.0238095238095237,0.2920634920634921,10.4,0.1619047619047619,2.9857142857142858,0.20317460317460315,0.3063492063492063,0.2809523809523809,0.05714285714285714,1.1619576719576719,8.86031746031746,3.785714285714286,1.4523809523809526,7.141269841269842,1.83015873015873,5.1269841269841265,14.0984126984127,25.35238095238095,27.12857142857143,40.18571428571429,0.4888888888888889,18.133333333333333,5.014285714285714,2.2047619047619045,16.746031746031747,2.173015873015873,6.433333333333334,0.18253968253968253,9.273015873015872,1.2285714285714286,0.7523809523809524,9.604761904761904,0.3428571428571428,1.3063492063492064,11.253968253968253,13.057142857142857,0.3909249563699826,0.4294056579288866,0.5255813953488372,3.652173913043478,0.36782661782661785,0.6470588235294118,0.7097288676236044,0.446514352665495,0.5284627371894767,0.3733766233766235,0.5113795518207283,0.24501424501424496,0.8610511159107271,0.5735545023696682,0.1577794010226442,0.2030594621268197,0.44390182819934876,0.3249200142196943
Kamaru Usman,Switch,Yes,No,Yes,Kamaru Usman,0.16355042016806723,0.8992647058823529,0.026785714285714284,0.0,2.133258053221289,13.923004201680673,6.299159663865547,1.4996848739495798,12.389915966386555,3.6720588235294116,5.659873949579832,21.721848739495798,41.40493697478992,38.038760504201676,59.206722689075626,1.9832983193277312,31.87321428571429,7.804306722689075,1.7274159663865547,29.496323529411768,4.512920168067227,7.395693277310924,0.025,0.011764705882352941,0.07531512605042016,0.0125,0.12176645658263305,7.252626050420167,3.4967436974789914,2.3944327731092434,10.956827731092437,1.8183823529411764,0.3685924369747899,13.143802521008405,28.715546218487397,16.143067226890757,32.374474789915965,0.6116596638655463,21.62237394957983,4.374579831932773,2.7185924369747902,26.08098739495798,2.180357142857143,0.4542016806722689,0.5998949579831934,14.369747899159663,0.8778361344537815,0.32415966386554623,15.124159663865546,0.3619747899159664,0.08560924369747899,15.57174369747899,16.231407563025208,0.453418780784916,0.4368246037840314,0.8071389154340015,0.5205837640620249,0.4200495005430815,0.8136768847613062,0.765293223685145,0.5246197754804337,0.6424736715112978,0.9807659282156964,0.6645777162428042,0.20066753109542335,0.9956725010625556,0.5798921426874111,0.16601628366334253,0.18848288621646625,0.5422757268483971,0.5013643516490647
Lukasz Brzeski,Orthodox,No,No,No,Lukasz Brzeski,0.0,0.0,0.0,0.0,0.08055555555555553,11.333333333333334,9.333333333333334,3.3333333333333335,23.0,1.0,0.0,24.0,53.166666666666664,28.833333333333332,58.666666666666664,0.16666666666666666,36.833333333333336,12.333333333333334,4.0,51.333333333333336,1.6666666666666667,0.16666666666666666,0.16666666666666666,1.3333333333333333,0.0,0.0,1.7194444444444443,13.5,1.1666666666666667,2.6666666666666665,14.5,0.5,2.3333333333333335,17.333333333333332,41.0,31.0,59.333333333333336,2.1666666666666665,36.5,1.8333333333333333,2.6666666666666665,36.833333333333336,1.0,3.1666666666666665,0.8333333333333334,23.0,0.6666666666666666,0.0,22.333333333333332,0.5,0.8333333333333334,23.666666666666668,28.333333333333332,0.0,0.3076923076923077,0.7567567567567568,0.0,0.44805194805194803,0.6,0.0,0.45141065830721006,0.4914772727272727,0.3846153846153846,0.6301369863013699,0.36363636363636354,0.5,0.6063348416289593,0.5,0.26315789473684204,0.5772357723577236,0.4775280898876405
Guido Cannetti,Southpaw,No,No,No,Guido Cannetti,0.0,0.5888888888888889,0.14444444444444446,0.10000000000000002,0.8718518518518518,5.211111111111111,3.6222222222222222,3.7777777777777772,8.988888888888889,2.488888888888889,1.1333333333333333,12.611111111111112,23.733333333333334,15.533333333333333,26.88888888888889,1.1222222222222222,14.433333333333332,5.155555555555556,4.144444444444445,18.711111111111112,3.4888888888888885,1.5333333333333332,0.16666666666666666,0.6222222222222222,0.3333333333333333,0.0,0.9383333333333335,7.477777777777779,4.2,1.6111111111111114,8.222222222222221,3.055555555555556,2.011111111111111,13.28888888888889,27.444444444444446,18.933333333333334,33.68888888888889,1.8888888888888886,17.933333333333334,7.422222222222222,2.088888888888889,20.788888888888888,3.6888888888888887,2.9666666666666663,1.2666666666666666,10.455555555555556,3.2222222222222228,0.4777777777777778,12.566666666666668,0.6333333333333333,0.9555555555555556,14.155555555555557,14.755555555555555,0.5247524752475248,0.3610469591993842,0.7025862068965517,0.1420911528150134,0.4804038004750594,0.713375796178344,0.7391304347826088,0.5313670411985019,0.5776859504132231,0.6705882352941176,0.5830235439900867,0.43413173652694603,0.7021276595744681,0.6044895777659006,0.17168674698795172,0.32209737827715346,0.5157894736842106,0.4379947229551451
Nikita Krylov,Orthodox,No,No,No,Nikita Krylov,0.1111111111111111,0.6074074074074074,0.25925925925925924,0.1962962962962963,1.7342592592592592,10.092592592592593,3.5851851851851855,1.5851851851851853,7.5555555555555545,3.692592592592593,4.014814814814815,15.262962962962964,27.170370370370375,32.79259259259259,46.6037037037037,1.7629629629629628,20.125925925925927,5.0777777777777775,1.9666666666666668,17.622222222222224,4.7407407407407405,4.807407407407408,0.018518518518518517,0.5962962962962963,0.3185185185185185,0.24444444444444446,1.1450617283950617,7.862962962962963,0.9481481481481482,0.3925925925925926,4.644444444444445,1.7814814814814814,2.777777777777778,9.203703703703704,15.911111111111111,23.21111111111111,31.977777777777778,1.3333333333333333,14.170370370370371,1.2444444444444445,0.4962962962962963,9.78888888888889,2.411111111111111,3.711111111111111,0.737037037037037,6.307407407407408,0.2962962962962963,0.1037037037037037,5.144444444444445,0.6296296296296297,0.9333333333333335,6.707407407407408,8.766666666666667,0.3445378151260504,0.5014722119985278,0.7060539752005837,0.30885122410546134,0.4287515762925598,0.7789062500000001,0.8351309707241911,0.5617502726281351,0.7036477787491059,0.5527777777777778,0.4451123889179299,0.23809523809523803,-0.20149253731343286,0.5255391600454029,0.2611367127496159,0.2514970059880238,0.42155493482309125,0.27414871438498967
Ryan Spann,Orthodox,No,No,No,Ryan Spann,0.16666666666666666,0.19999999999999998,0.35555555555555557,0.2333333333333333,1.082962962962963,11.566666666666668,2.6888888888888887,0.03333333333333333,8.977777777777778,2.0,3.3111111111111113,14.28888888888889,29.444444444444443,15.144444444444446,30.3,0.8777777777777778,26.322222222222223,3.0555555555555554,0.06666666666666667,22.744444444444444,2.6777777777777776,4.022222222222222,0.06666666666666667,0.5777777777777778,0.2111111111111111,0.09999999999999999,0.8970370370370371,9.244444444444445,1.5999999999999999,1.777777777777778,8.044444444444444,1.8444444444444443,2.733333333333333,12.622222222222222,24.45555555555556,18.244444444444444,30.377777777777776,1.1555555555555557,20.833333333333332,1.7333333333333334,1.8888888888888886,18.177777777777777,2.5444444444444443,3.733333333333333,0.5777777777777777,11.588888888888889,0.13333333333333333,0.1111111111111111,10.133333333333333,0.7000000000000001,1.0,11.833333333333334,12.133333333333333,0.22784810126582278,0.43942591810890674,0.88,3.0,0.39472398632144606,0.7468879668049793,0.8232044198895029,0.4852830188679246,0.49981664833149986,0.5,0.5562666666666666,0.07692307692307698,0.6941176470588235,0.5574572127139364,0.27510917030567683,0.2678571428571429,0.4838709677419356,0.3994147768836869
Raphael Assuncao,Orthodox,No,No,No,Raphael Assuncao,0.04524886877828055,0.5226641263792967,0.0392156862745098,0.0,0.6217273954116059,8.864650313566722,2.5702945145669602,4.809557831229657,13.242279907914584,1.6353099944431213,1.3669127570056363,16.24450265936334,37.14050964515361,20.338493292053666,41.495276653171395,1.3557196157815354,26.979201397158054,4.029610224656664,6.131698023338891,32.93030086528538,2.3643724696356276,1.8458363102325952,0.09994443121378105,0.15463999364928158,0.1410653330157974,0.0196078431372549,0.2920205869122278,5.771374136699214,3.2839564975787887,3.8744939271255063,11.98713979518933,0.5962530761292372,0.34643169008494085,12.929824561403509,38.057950305628324,14.919345876002224,40.41009764229579,0.8089227593871556,27.614511391601173,5.199491942525999,5.243946971501151,36.56291180439787,1.0608875128998967,0.4341509883305548,0.6542827657378741,21.84313725490196,1.9155354449472097,1.3694530443756452,24.57577200920854,0.4646344367706597,0.08771929824561403,25.128125744224814,25.49075176629356,0.38552523714720693,0.3285734882612393,0.6378518941707216,0.08523970430211934,0.4021305472454518,0.6916465216223475,0.7405384483055221,0.4373796378823535,0.490139961279165,0.8088321884200196,0.7910021272925889,0.36840819567009686,0.9705107632686427,0.67215029647208,0.4379676743489972,0.20204790638142245,0.6602595658050628,0.6308015385642948
Said Nurmagomedov,Orthodox,No,No,No,Said Nurmagomedov,0.041666666666666664,0.35833333333333334,0.3,0.0,0.543888888888889,8.625,3.3666666666666667,3.4416666666666664,11.541666666666666,2.35,1.5416666666666667,15.433333333333332,32.11666666666667,25.55,44.300000000000004,1.8916666666666666,23.474999999999998,4.833333333333333,3.8083333333333336,26.900000000000002,3.1916666666666664,2.025,0.0,0.5166666666666667,0.125,0.0,1.2983333333333333,3.9416666666666664,2.158333333333333,3.7583333333333333,7.25,1.5,1.1083333333333334,9.858333333333333,22.541666666666668,15.933333333333332,29.96666666666667,1.2666666666666666,13.733333333333334,3.983333333333333,4.825,18.275000000000002,2.025,2.2416666666666667,0.75,9.791666666666666,1.825,1.0666666666666667,11.025,0.525,1.1333333333333333,12.683333333333332,14.033333333333333,0.1894273127753304,0.3674121405750799,0.6965517241379311,0.09409190371991247,0.4290582403965303,0.7362924281984335,0.7613168724279836,0.48053969901401133,0.5767494356659142,0.5921052631578947,0.7129854368932039,0.4581589958158996,0.8929188255613126,0.6032831737346102,0.2592592592592592,0.5055762081784386,0.5626617375231054,0.46829810901001123
Bruno Silva,Orthodox,No,No,No,Bruno Silva,0.2698412698412698,0.6428571428571429,0.05555555555555555,0.0,0.9196428571428571,6.8690476190476195,2.805555555555556,2.26984126984127,9.26984126984127,1.3333333333333333,1.3412698412698412,11.944444444444445,27.30952380952381,17.28968253968254,33.86904761904762,2.107142857142857,20.333333333333332,4.079365079365079,2.8968253968253967,22.817460317460316,1.8174603174603174,2.6746031746031753,0.13095238095238096,0.3452380952380952,0.21428571428571427,0.13888888888888887,0.5088624338624338,9.55952380952381,2.892857142857143,2.0555555555555554,11.063492063492063,1.6865079365079365,1.757936507936508,14.507936507936508,33.392857142857146,21.682539682539684,41.74603174603175,1.2857142857142858,26.222222222222225,4.595238095238095,2.5753968253968256,28.166666666666668,2.607142857142857,2.619047619047619,0.9404761904761904,16.662698412698415,1.7023809523809526,0.5198412698412699,17.103174603174605,0.9206349206349206,0.8611111111111112,18.884920634920636,20.063492063492063,0.3050847457627119,0.3378220140515223,0.6877431906614787,0.22191780821917811,0.40626086956521745,0.7336244541484715,0.5014836795252223,0.43737285672769544,0.5104862331575865,0.7314814814814816,0.6354418886198547,0.3704663212435233,0.8659476117103236,0.6072132995209918,0.3531202435312024,0.32878787878787885,0.5655377302436126,0.4806083650190114
Tony Gravely,Orthodox,No,No,No,Tony Gravely,0.1726190476190476,1.6523809523809525,0.0,0.0,1.8241666666666665,10.10952380952381,2.5749999999999997,3.1130952380952386,9.482142857142856,3.0607142857142855,3.2547619047619047,15.797619047619046,34.35476190476191,22.086904761904762,42.22261904761905,4.097619047619048,26.71666666666667,3.8488095238095235,3.7892857142857146,24.798809523809524,4.158333333333333,5.397619047619048,0.047619047619047616,0.4714285714285715,0.5416666666666666,0.17500000000000002,0.6415674603174603,16.21428571428571,5.8238095238095235,1.2726190476190478,16.520238095238096,3.9845238095238096,2.8059523809523808,23.310714285714287,40.452380952380956,32.260714285714286,50.23333333333333,0.9488095238095239,32.00119047619048,7.1119047619047615,1.3392857142857142,32.44047619047619,4.875,3.1369047619047614,0.4773809523809524,15.786904761904763,1.2880952380952382,0.06666666666666667,15.920238095238096,0.8904761904761904,0.33095238095238094,17.141666666666666,17.972619047619048,0.40325392213829164,0.3783976472685143,0.6690380451592948,0.43606660383286205,0.38236282463635923,0.7360435156026338,0.6029995588883987,0.4598378265992098,0.5231059858459977,0.5031367628607277,0.4933224210408841,0.18111817877469027,0.6479999999999999,0.49075229357798167,0.18266178266178268,0.10550284629981022,0.4237492642731019,0.35778272822068435
Victor Henry,Switch,No,No,No,Victor Henry,0.0,0.0,0.2222222222222222,0.1111111111111111,0.33333333333333326,24.11111111111111,15.666666666666666,3.5555555555555554,35.111111111111114,7.5555555555555545,0.6666666666666666,43.333333333333336,80.22222222222221,52.55555555555555,90.22222222222221,0.2222222222222222,57.0,18.77777777777778,4.444444444444445,69.77777777777777,9.777777777777779,0.6666666666666666,0.0,0.6666666666666666,0.0,0.0,0.9,21.222222222222225,4.222222222222222,4.444444444444445,24.333333333333332,4.555555555555555,1.0,29.888888888888886,58.0,33.55555555555555,61.77777777777778,3.222222222222222,46.888888888888886,6.111111111111111,5.0,51.55555555555555,5.111111111111111,1.3333333333333333,2.555555555555556,25.666666666666668,1.888888888888889,0.5555555555555555,27.222222222222225,0.5555555555555555,0.3333333333333333,28.111111111111114,28.222222222222225,0.0,0.42300194931773877,0.8343195266272189,0.0,0.5031847133757963,0.7727272727272726,1.0,0.5401662049861496,0.5825123152709359,0.7931034482758621,0.5473933649289099,0.3090909090909091,0.8666666666666667,0.5280172413793103,0.10869565217391297,0.25,0.4846743295019158,0.45683453237410077
Trevin Jones,Southpaw,No,No,No,Trevin Jones,0.1111111111111111,0.19444444444444442,0.05555555555555555,0.0,0.8194444444444443,5.444444444444444,2.1944444444444446,2.0833333333333335,7.6944444444444455,0.5833333333333334,1.4444444444444446,9.722222222222223,27.0,15.166666666666666,33.97222222222222,1.25,21.416666666666668,3.3055555555555554,2.277777777777778,24.472222222222218,0.6388888888888888,1.888888888888889,0.1111111111111111,0.38888888888888884,0.27777777777777773,0.0,0.6800925925925926,10.833333333333334,5.861111111111112,2.7222222222222228,14.805555555555557,2.3055555555555554,2.3055555555555554,19.416666666666668,32.55555555555556,29.666666666666668,43.77777777777778,0.9722222222222223,22.611111111111114,7.027777777777778,2.9166666666666665,26.916666666666668,2.777777777777778,2.861111111111111,0.5833333333333334,11.777777777777779,1.1666666666666667,0.19444444444444442,12.111111111111112,0.47222222222222227,0.5555555555555556,13.138888888888888,14.111111111111109,0.15555555555555553,0.2542153047989623,0.6638655462184875,0.08536585365853656,0.3144154370034053,0.9130434782608697,0.7647058823529412,0.360082304526749,0.446443172526574,0.6000000000000001,0.520884520884521,0.16600790513833985,0.8666666666666667,0.4499484004127967,0.17000000000000015,0.19417475728155353,0.4035836177474402,0.3223350253807107
Derek Brunson,Southpaw,No,No,No,Derek Brunson,0.05714285714285714,1.1492063492063491,0.08802308802308803,0.009523809523809523,1.9574266474266473,7.92929292929293,2.35988455988456,2.3884559884559886,8.071861471861471,2.3526695526695525,2.253102453102453,12.677633477633478,26.03030303030303,35.301298701298705,52.93102453102453,2.8784992784992784,19.737950937950938,3.3486291486291484,2.9437229437229435,19.628282828282828,3.0034632034632036,3.398556998556999,0.06580086580086579,0.2363636363636364,0.009523809523809523,0.0,0.3961904761904762,7.9541125541125535,2.7933621933621935,1.9841269841269842,9.594516594516595,1.6914862914862916,1.4455988455988455,12.731601731601732,25.72669552669553,33.81356421356421,47.797113997113996,0.4707070707070707,19.238672438672438,3.8701298701298703,2.6178932178932177,21.92294372294372,2.1844155844155844,1.6193362193362195,0.23434343434343435,11.284559884559885,1.0767676767676768,0.6337662337662338,12.328427128427128,0.4929292929292929,0.17373737373737372,12.995093795093794,13.983549783549785,0.3992380188490074,0.4017282723125512,0.7047315349478585,0.3903921568627451,0.41123625242604245,0.7833189199577206,0.6629585597826086,0.48703364931537224,0.6669301985758372,0.49785407725321884,0.5865560589241248,0.2782252050708427,0.9097122698710175,0.5623527243526454,0.22565728629937898,0.1072892532525398,0.5051209853830363,0.2925605463207279
Jessica Penne,Orthodox,No,No,Yes,Jessica Penne,0.0,0.3416666666666666,0.041666666666666664,0.047619047619047616,0.8645039682539682,7.9488095238095235,4.963095238095238,0.6642857142857143,10.583333333333334,1.9547619047619047,1.0380952380952382,13.576190476190476,41.88690476190476,21.87738095238095,51.49404761904762,2.2226190476190477,33.141666666666666,7.8011904761904765,0.9440476190476191,37.832142857142856,2.7130952380952382,1.3416666666666668,0.0,0.39285714285714285,0.047619047619047616,0.0,0.6878571428571428,17.413095238095238,4.508333333333334,6.703571428571428,23.33928571428571,3.5238095238095237,1.7619047619047619,28.625,51.732142857142854,35.7952380952381,60.24761904761905,0.794047619047619,38.44642857142858,5.825,7.460714285714285,43.92619047619048,5.56547619047619,2.2404761904761905,0.40119047619047615,21.033333333333335,1.3166666666666667,0.7571428571428571,20.586904761904762,2.0416666666666665,0.4785714285714286,23.107142857142858,24.452380952380953,0.15372254954472414,0.23984338517906534,0.6361971616053715,0.36191677175283726,0.279744485351962,0.7204914436156208,0.7737355811889973,0.32411539008100043,0.4248526181944283,0.5052473763118441,0.5470815915776437,0.22603719599427752,0.9473432264241264,0.4686703886389507,0.36684491978609624,0.21360255047821475,0.4466689678978253,0.40586468542522913
Jon Jones,Orthodox,Yes,Yes,Yes,Jon Jones,0.059806763285024156,0.6035507246376811,0.13033816425120773,0.0,1.1262286634460548,9.733623188405797,4.621256038647343,5.685410628019324,13.226159420289855,3.5572705314009667,3.2568599033816428,20.040289855072466,33.93719806763285,25.721328502415457,40.12700483091787,1.263743961352657,20.51661835748792,6.061690821256039,7.358888888888889,24.904806763285023,4.855942028985507,4.176449275362319,0.0,0.03369565217391304,0.008695652173913044,0.0,0.08893115942028985,4.992946859903382,2.798719806763285,2.3645893719806765,8.18963768115942,1.9027536231884057,0.06386473429951692,10.156256038647342,29.019516908212562,12.168309178743963,31.304299516908213,0.5938164251207729,20.75565217391304,4.846980676328502,3.4168840579710142,25.063502415458935,3.79512077294686,0.16089371980676329,0.5601207729468599,15.762705314009661,2.0482608695652176,1.0522946859903382,16.873864734299516,1.8923671497584542,0.09702898550724638,18.863260869565217,19.13599033816425,0.4775894034671916,0.4744262928131785,0.762370793053707,0.08201655626965318,0.5310685421493824,0.7325603374519988,0.779815505624476,0.5905110320284699,0.6409979666012143,0.943255776114546,0.7594415815958402,0.4225849051902424,0.990138485356181,0.6732444833365296,0.4986316017260912,0.6030626032127308,0.650019810089495,0.6112895235949438
Julian Marquez,Orthodox,No,No,No,Julian Marquez,0.06666666666666667,0.0,0.7444444444444445,0.16666666666666666,0.2816666666666667,16.333333333333332,3.9,1.288888888888889,14.277777777777779,4.955555555555556,2.288888888888889,21.522222222222222,49.5,24.444444444444443,53.51111111111111,0.3666666666666667,42.144444444444446,5.588888888888889,1.7666666666666666,39.81111111111111,6.633333333333333,3.055555555555556,0.16666666666666666,1.0,0.16666666666666666,0.06666666666666667,1.4398148148148149,15.955555555555556,4.311111111111111,1.4666666666666668,15.777777777777777,4.988888888888889,0.9666666666666667,21.733333333333334,44.26666666666667,26.088888888888892,49.87777777777777,2.033333333333333,37.0,5.444444444444444,1.8222222222222222,34.199999999999996,8.299999999999999,1.7666666666666666,1.0333333333333334,21.044444444444444,1.1333333333333333,0.35555555555555557,18.42222222222222,3.3111111111111113,0.7999999999999999,22.53333333333333,23.78888888888889,0.0,0.3875560242552069,0.6978131212723658,0.0,0.3586380128384036,0.747068676716918,0.7490909090909091,0.43479236812570143,0.4568106312292358,0.5081967213114753,0.5687687687687688,0.2081632653061224,0.4512195121951219,0.5386614684860298,0.39892904953145913,0.4528301886792453,0.5090361445783134,0.47694364000891054
Mana Martinez,Orthodox,No,No,No,Mana Martinez,0.3333333333333333,0.25,0.08333333333333333,0.08333333333333333,0.16666666666666666,12.0,6.583333333333333,3.5,20.333333333333332,0.6666666666666666,1.0833333333333333,22.083333333333332,45.333333333333336,28.583333333333332,53.916666666666664,0.5833333333333334,32.5,8.916666666666666,3.9166666666666665,42.5,1.25,1.5833333333333333,0.3333333333333333,0.6666666666666666,0.0,0.16666666666666666,1.1875,13.333333333333334,4.833333333333333,7.25,20.5,0.3333333333333333,4.583333333333333,25.416666666666668,51.0,30.083333333333332,55.916666666666664,0.9166666666666666,35.833333333333336,7.083333333333333,8.083333333333334,42.916666666666664,0.6666666666666666,7.416666666666667,0.25,22.5,2.25,0.8333333333333334,22.416666666666668,0.3333333333333333,2.8333333333333335,25.583333333333332,25.833333333333332,0.42857142857142855,0.36923076923076925,0.7383177570093458,0.06382978723404256,0.4784313725490196,0.5333333333333333,0.6842105263157895,0.4871323529411764,0.5301391035548686,0.2727272727272727,0.627906976744186,0.3176470588235294,0.9175257731958764,0.5223300970873785,0.5,0.3820224719101124,0.5016339869281046,0.46199701937406856
Augusto Sakai,Orthodox,No,No,No,Augusto Sakai,0.02222222222222222,0.08,0.0,0.0,0.5322539682539682,10.52,4.013333333333334,2.019047619047619,10.868571428571428,4.942222222222222,0.7415873015873016,16.55238095238095,33.820952380952384,20.717460317460315,39.10095238095238,0.17079365079365078,25.66793650793651,5.506031746031747,2.646984126984127,26.80825396825397,6.111111111111112,0.9015873015873016,0.050793650793650794,0.6146031746031746,0.02222222222222222,0.0,0.986095238095238,13.51301587301587,5.093968253968254,1.734603174603175,9.631111111111112,1.98984126984127,8.72063492063492,20.341587301587303,32.27746031746032,25.67365079365079,38.88,0.7784126984126984,24.45015873015873,5.832380952380952,1.994920634920635,19.455238095238094,2.5028571428571427,10.31936507936508,0.1638095238095238,10.937142857142856,0.7384126984126984,0.2603174603174603,9.824126984126984,0.5130158730158729,1.5987301587301588,11.935873015873018,13.206349206349206,0.46840148698884765,0.40984985282113434,0.7288976014760147,0.030223075077956345,0.40541884754754515,0.8087272727272726,0.8225352112676056,0.489412029736427,0.5298454143933489,0.21044045676998369,0.4473240021813084,0.12660570433268015,0.6919159770846595,0.5049605117159454,0.20497209538305416,0.15492524457023327,0.3697897200857643,0.3396694754719447
Erick Gonzalez,Orthodox,No,No,No,Erick Gonzalez,0.0,0.8333333333333334,0.0,0.0,0.5472222222222222,3.8333333333333335,0.8333333333333334,0.6666666666666666,4.833333333333333,0.3333333333333333,0.16666666666666666,5.333333333333333,14.666666666666666,7.5,17.333333333333336,1.5,12.333333333333334,1.3333333333333333,1.0,13.833333333333334,0.5,0.3333333333333333,0.8333333333333333,0.3333333333333333,0.16666666666666666,0.0,0.525,14.666666666666666,2.5,1.3333333333333333,12.0,3.3333333333333335,3.166666666666667,18.5,30.833333333333332,21.166666666666668,33.66666666666667,0.6666666666666666,26.5,3.0,1.3333333333333333,22.5,4.166666666666667,4.166666666666666,0.3333333333333333,11.833333333333334,0.5,0.0,10.5,0.8333333333333334,1.0,12.333333333333334,12.5,0.5555555555555556,0.3108108108108108,0.6250000000000001,0.8333333333333334,0.34939759036144574,0.6666666666666666,0.5,0.36363636363636365,0.43269230769230765,0.5,0.44654088050314467,0.16666666666666663,0.75,0.4666666666666667,0.20000000000000007,0.23999999999999977,0.4,0.3712871287128714
Victor Martinez,Orthodox,No,No,No,Victor Martinez,0.0,0.0,0.0,0.0,0.0,4.0,0.0,3.0,7.0,0.0,0.0,7.0,28.0,9.0,31.0,0.0,20.0,1.0,7.0,28.0,0.0,0.0,1.0,0.0,0.0,0.0,0.7666666666666667,8.0,6.0,3.0,8.0,5.0,4.0,17.0,35.0,18.0,38.0,2.0,21.0,10.0,4.0,22.0,7.0,6.0,2.0,13.0,4.0,1.0,14.0,2.0,2.0,18.0,20.0,,0.2,0.0,0.0,0.25,,,0.25,0.2903225806451613,1.0,0.6190476190476191,0.4,1.0,0.6363636363636364,0.2857142857142857,0.33333333333333337,0.5142857142857142,0.5263157894736843
Nurullo Aliev,,No,No,No,Nurullo Aliev,0.0,1.0,0.0,0.3333333333333333,3.6166666666666667,6.333333333333333,0.0,0.0,0.3333333333333333,0.0,6.0,6.333333333333333,15.0,30.666666666666668,46.666666666666664,1.3333333333333333,14.0,0.3333333333333333,0.6666666666666666,3.3333333333333335,0.0,11.666666666666666,0.0,0.0,0.6666666666666666,0.3333333333333333,0.43333333333333335,0.6666666666666666,0.6666666666666666,0.6666666666666666,2.0,0.0,0.0,2.0,5.666666666666667,8.333333333333334,12.0,0.0,3.6666666666666665,1.0,1.0,5.666666666666667,0.0,0.0,0.0,3.0,0.3333333333333333,0.3333333333333333,3.6666666666666665,0.0,0.0,3.6666666666666665,3.6666666666666665,0.75,0.4523809523809524,0.0,1.5,0.09999999999999999,,0.5142857142857143,0.4222222222222222,0.6571428571428573,,0.8181818181818181,0.33333333333333337,1.0,0.6470588235294118,,,0.6470588235294118,0.30555555555555547
Rafael Alves,Orthodox,No,No,No,Rafael Alves,0.08333333333333333,0.08333333333333333,0.38888888888888884,0.1111111111111111,0.3689814814814815,5.055555555555556,1.7777777777777777,1.3055555555555556,7.388888888888889,0.3333333333333333,0.4166666666666667,8.138888888888888,16.305555555555554,11.388888888888891,19.88888888888889,0.4166666666666667,12.75,1.972222222222222,1.5833333333333333,15.194444444444445,0.3333333333333333,0.7777777777777778,0.1111111111111111,0.5277777777777778,0.0,0.1111111111111111,1.8407407407407408,9.36111111111111,3.805555555555556,1.5277777777777777,10.833333333333334,0.0,3.861111111111111,14.694444444444443,35.05555555555556,30.583333333333332,54.166666666666664,0.8055555555555555,27.638888888888886,5.305555555555556,2.111111111111111,29.055555555555557,0.0,6.0,0.27777777777777773,18.27777777777778,1.5,0.5833333333333334,18.22222222222222,0.0,2.138888888888889,20.36111111111111,23.583333333333332,0.19999999999999998,0.3965141612200436,0.9014084507042254,0.05263157894736842,0.48628884826325414,1.0,0.5357142857142857,0.4991482112436116,0.5726256983240224,0.34482758620689646,0.6613065326633165,0.2827225130890053,0.75,0.627151051625239,,0.3564814814814815,0.5808240887480192,0.43538461538461537
Clayton Carpenter,,No,No,No,Clayton Carpenter,0.0,0.0,3.0,1.0,1.3166666666666669,2.0,1.0,0.0,3.0,0.0,0.0,3.0,5.0,3.0,5.0,0.0,4.0,1.0,0.0,5.0,0.0,0.0,0.0,1.0,0.0,0.0,1.3666666666666667,0.0,0.0,1.0,1.0,0.0,0.0,1.0,7.0,46.0,56.0,1.0,6.0,0.0,1.0,4.0,0.0,3.0,0.0,6.0,0.0,0.0,3.0,0.0,3.0,6.0,10.0,,0.5,1.0,,0.6,,,0.6,0.6,0.0,1.0,,0.0,0.75,,1.0,0.8571428571428572,0.1785714285714286
Juancamilo Ronderos,,No,No,No,Juancamilo Ronderos,0.0,0.5,0.0,0.0,0.6833333333333333,2.5,1.0,2.5,4.5,1.5,0.0,6.0,19.5,29.0,44.5,1.5,15.5,1.0,3.0,15.5,2.5,1.5,0.0,0.0,2.0,0.5,0.8500000000000001,3.0,2.5,0.5,6.0,0.0,0.0,6.0,16.5,6.0,16.5,0.0,11.5,4.5,0.5,16.5,0.0,0.0,0.0,8.5,2.0,0.0,10.5,0.0,0.0,10.5,10.5,0.3333333333333333,0.16129032258064516,1.0,0.16666666666666666,0.2903225806451613,0.6,0.0,0.3076923076923077,0.651685393258427,,0.7391304347826086,0.4444444444444444,1.0,0.6363636363636364,,,0.6363636363636364,0.6363636363636364
Khusein Askhabov,,No,No,No,Khusein Askhabov,0.0,0.0,0.0,0.6666666666666666,0.32222222222222224,5.0,2.3333333333333335,2.6666666666666665,8.333333333333334,1.6666666666666667,0.0,10.0,38.0,13.333333333333334,42.333333333333336,2.0,29.333333333333332,3.0,5.666666666666667,34.666666666666664,3.3333333333333335,0.0,0.0,0.3333333333333333,0.0,0.0,1.5833333333333333,9.0,6.0,5.666666666666667,14.666666666666666,3.3333333333333335,2.6666666666666665,20.666666666666668,48.0,26.333333333333332,56.666666666666664,1.0,27.333333333333332,8.666666666666666,12.0,39.666666666666664,4.0,4.333333333333333,0.6666666666666666,18.333333333333332,2.6666666666666665,6.333333333333333,25.0,0.6666666666666666,1.6666666666666667,27.333333333333332,30.333333333333332,0.0,0.17045454545454547,0.7777777777777778,0.0,0.24038461538461542,0.5,,0.2631578947368421,0.31496062992125984,0.6666666666666667,0.6707317073170731,0.3076923076923076,0.9722222222222222,0.6302521008403361,0.16666666666666663,0.3846153846153846,0.5694444444444444,0.5352941176470588
Erin Blanchfield,Orthodox,No,No,No,Erin Blanchfield,0.0,1.0666666666666667,0.3833333333333333,0.0,2.590555555555555,19.833333333333332,3.4333333333333336,2.8833333333333333,14.9,1.5999999999999999,9.65,26.150000000000002,46.833333333333336,46.35,72.05,1.5666666666666667,39.81666666666667,3.783333333333333,3.233333333333333,32.35,2.0500000000000003,12.433333333333332,0.0,0.15,0.0,0.0,0.07055555555555555,7.566666666666666,2.5833333333333335,3.4,12.966666666666667,0.5833333333333334,0.0,13.549999999999999,35.416666666666664,16.816666666666666,39.21666666666667,0.7166666666666667,27.3,4.316666666666666,3.8000000000000003,34.016666666666666,1.4000000000000001,0.0,0.5666666666666667,19.733333333333334,1.7333333333333334,0.39999999999999997,21.05,0.8166666666666668,0.0,21.866666666666664,22.400000000000002,0.6808510638297872,0.4981163666806194,0.907488986784141,0.3298969072164949,0.4605873261205564,0.7804878048780486,0.7761394101876676,0.5583629893238434,0.6433032616238723,0.7906976744186047,0.7228327228327229,0.4015444015444015,0.9605263157894737,0.6188143067123959,0.5833333333333334,,0.6174117647058823,0.5711857203569911
Jordan Wright,Orthodox,No,No,No,Jordan Wright,0.09523809523809523,0.2380952380952381,0.047619047619047616,0.0,0.42883597883597885,7.0476190476190474,5.015873015873016,0.7142857142857143,7.682539682539683,3.9523809523809526,1.1428571428571428,12.777777777777777,29.71428571428571,37.095238095238095,55.3968253968254,0.7142857142857143,21.063492063492063,7.603174603174604,1.0476190476190477,23.6984126984127,4.492063492063492,1.5238095238095237,0.16666666666666666,0.0,0.05555555555555555,0.05555555555555555,1.150925925925926,14.333333333333334,5.5,1.111111111111111,10.666666666666666,8.222222222222221,2.055555555555556,20.944444444444443,31.611111111111114,29.722222222222218,41.44444444444445,1.5,24.222222222222218,6.277777777777778,1.111111111111111,19.666666666666668,9.055555555555555,2.8888888888888893,1.5,9.888888888888888,0.7777777777777777,0.0,9.0,0.8333333333333334,0.8333333333333334,10.666666666666666,11.722222222222223,0.33333333333333337,0.33458929917106256,0.6597077244258872,0.22727272727272727,0.32417950435365034,0.8798586572438163,0.75,0.43002136752136755,0.6696275071633238,1.0,0.40825688073394484,0.12389380530973448,1.0,0.4576271186440679,0.09202453987730064,0.28846153846153844,0.3374340949033393,0.28284182305630046
Lina Lansberg,Orthodox,No,No,No,Lina Lansberg,0.06060606060606061,0.16287878787878787,0.030303030303030304,0.06060606060606061,1.3178661616161615,7.367424242424242,5.178030303030304,1.0113636363636365,5.738636363636363,5.617424242424242,2.2007575757575757,13.556818181818182,24.5530303030303,25.9469696969697,39.609848484848484,0.6136363636363636,17.435606060606062,5.920454545454546,1.196969696969697,14.731060606060607,6.890151515151516,2.931818181818182,0.0,0.6401515151515151,0.0909090909090909,0.0,2.1733585858585855,11.238636363636365,6.337121212121212,1.7575757575757576,9.670454545454545,6.140151515151516,3.522727272727273,19.333333333333332,34.69318181818182,37.52651515151515,56.371212121212125,1.2765151515151516,24.920454545454547,7.609848484848484,2.1628787878787876,22.265151515151516,7.75,4.678030303030304,0.6363636363636364,13.681818181818182,1.2727272727272727,0.4053030303030303,12.594696969696969,1.609848484848485,1.1553030303030305,15.359848484848484,18.84469696969697,0.2654320987654321,0.4225505105366065,0.8746001279590532,0.1360759493670886,0.389560298277192,0.8152831225948323,0.7506459948320412,0.5521443998765814,0.6550635937649422,0.49851632047477745,0.5490196078431373,0.16724738675958184,0.7040280210157618,0.5656685947601225,0.2077223851417399,0.24696356275303655,0.44273392291734914,0.33429646552882686
Ovince Saint Preux,Southpaw,No,No,Yes,Ovince Saint Preux,0.0576068376068376,0.32598290598290597,0.05641025641025641,0.015384615384615385,0.44752706552706556,6.089230769230769,2.6376068376068376,1.4022222222222223,8.021025641025641,1.3237606837606837,0.7842735042735043,10.12905982905983,23.768034188034186,11.99042735042735,25.831452991452988,0.7100854700854701,17.965128205128206,3.841880341880342,1.9610256410256413,20.745641025641028,1.9314529914529914,1.090940170940171,0.0652991452991453,0.8047863247863247,0.16957264957264956,0.0,1.3452393162393164,7.6299145299145295,2.746666666666667,3.5623931623931626,9.175897435897436,1.7276923076923076,3.035384615384616,13.93897435897436,24.06752136752137,20.218974358974357,31.535042735042737,1.9423931623931623,15.732478632478632,3.781880341880342,4.553162393162394,17.88034188034188,2.677094017094017,3.51008547008547,1.1376068376068376,8.102564102564102,1.0352136752136754,0.9907692307692308,8.704444444444444,0.9494017094017094,0.4747008547008547,10.128547008547008,11.316068376068376,0.45907558979297064,0.3389472482301895,0.6865406006674082,0.16623082287308227,0.3866366737529045,0.6853703867598903,0.7188968975242871,0.42616312939162715,0.4641793612769168,0.5856727976766699,0.5150214592274678,0.2737298860965467,0.8232467337438054,0.48681644359464626,0.35463891194687447,0.1352391156131293,0.4208388081963138,0.3588410667823071
William Knight,Orthodox,No,No,No,William Knight,0.09523809523809523,0.49206349206349204,0.15079365079365079,0.10317460317460318,0.6546296296296297,4.817460317460317,1.5,2.801587301587302,6.087301587301588,1.5,1.5317460317460316,9.119047619047619,19.023809523809522,14.222222222222223,24.34126984126984,1.3412698412698412,12.222222222222221,2.6746031746031744,4.126984126984127,15.626984126984127,1.7063492063492063,1.6904761904761905,0.05555555555555555,0.5952380952380952,0.0,0.047619047619047616,1.7030423280423281,5.936507936507937,3.087301587301587,6.182539682539683,12.968253968253968,0.8015873015873015,1.4365079365079365,15.206349206349207,24.1984126984127,26.841269841269845,36.61111111111111,1.0317460317460319,12.38095238095238,4.4603174603174605,7.357142857142858,21.523809523809522,0.9047619047619048,1.7698412698412698,0.4365079365079365,6.444444444444444,1.3730158730158728,1.1746031746031746,8.555555555555555,0.10317460317460318,0.3333333333333333,8.992063492063492,9.76984126984127,0.3668639053254438,0.39415584415584415,0.5608308605341247,0.11923076923076921,0.38953783646521084,0.8790697674418605,0.9061032863849765,0.47934918648310393,0.5842843169220738,0.42307692307692313,0.5205128205128204,0.307829181494662,0.919093851132686,0.39749262536873153,0.11403508771929838,0.18834080717488788,0.3715972449983601,0.26685454151311494
Islam Makhachev,Southpaw,Yes,No,Yes,Islam Makhachev,0.06507936507936507,0.7904761904761906,0.2587301587301587,0.06666666666666667,2.004365079365079,6.698412698412699,2.2301587301587302,0.2587301587301587,4.8317460317460315,2.0,2.355555555555555,9.187301587301587,15.746031746031747,22.434920634920637,31.622222222222224,1.615873015873016,13.03968253968254,2.419047619047619,0.2873015873015873,10.403174603174602,2.1952380952380954,3.1476190476190475,0.21428571428571427,0.0365079365079365,0.09365079365079365,0.0873015873015873,0.5503174603174603,4.6,2.107936507936508,1.2269841269841268,5.474603174603175,1.2015873015873015,1.2587301587301587,7.934920634920635,17.806349206349203,22.35079365079365,34.46984126984127,0.8396825396825397,12.350793650793651,3.8746031746031746,1.580952380952381,14.422222222222222,1.588888888888889,1.7952380952380953,0.8031746031746032,7.750793650793651,1.7666666666666664,0.35396825396825393,8.947619047619048,0.3873015873015873,0.5365079365079366,9.87142857142857,12.119047619047619,0.48919449901768175,0.5136944613511869,0.9219160104986878,2.7513812154696136,0.4644491913335368,0.9110629067245118,0.7483610690872414,0.5834677419354838,0.7094669209918684,0.9565217391304348,0.6275542989332992,0.4559606718557968,0.9769076305220884,0.6204050187101035,0.24375624375624383,0.29885057471264376,0.5543768942770546,0.35158408546693676
Don Shainis,,No,No,No,Don Shainis,0.0,0.3333333333333333,0.6666666666666666,0.6666666666666666,0.6583333333333333,7.166666666666667,4.333333333333333,1.5,7.166666666666667,3.5,2.3333333333333335,13.0,25.333333333333332,39.5,54.166666666666664,0.8333333333333334,17.0,6.0,2.3333333333333335,17.333333333333332,5.333333333333333,2.6666666666666665,0.0,1.3333333333333333,0.16666666666666666,0.0,2.005555555555555,13.0,7.0,3.1666666666666665,14.0,6.5,2.6666666666666665,23.166666666666668,32.666666666666664,29.0,41.5,1.6666666666666667,21.333333333333332,7.833333333333333,3.5,22.166666666666668,7.5,3.0,0.3333333333333333,8.333333333333334,0.8333333333333334,0.3333333333333333,8.166666666666666,1.0,0.3333333333333333,9.5,12.5,0.39999999999999997,0.4215686274509804,0.7222222222222222,0.14285714285714285,0.4134615384615385,0.65625,0.8750000000000001,0.5131578947368421,0.7292307692307692,0.20000000000000007,0.390625,0.10638297872340419,0.6190476190476191,0.368421052631579,0.1333333333333333,0.11111111111111116,0.2908163265306122,0.3012048192771084
Zubaira Tukhugov,Orthodox,No,No,No,Zubaira Tukhugov,0.1111111111111111,0.708994708994709,0.0,0.047619047619047616,0.3972663139329806,13.481481481481481,1.5343915343915342,0.39682539682539675,13.301587301587302,0.9417989417989419,1.1693121693121693,15.412698412698413,39.14285714285714,16.656084656084655,40.8095238095238,1.8888888888888886,35.81481481481482,2.8835978835978833,0.4444444444444444,35.6984126984127,1.6455026455026456,1.7989417989417988,0.0,0.0,0.08465608465608465,0.047619047619047616,0.4330687830687831,7.910052910052911,3.814814814814815,3.7037037037037037,14.687830687830688,0.5238095238095238,0.2169312169312169,15.428571428571429,42.148148148148145,18.15873015873016,44.97354497354498,0.3703703703703704,30.386243386243383,6.603174603174604,5.158730158730159,40.94179894179894,0.9894179894179894,0.2169312169312169,0.3703703703703704,22.476190476190478,2.7883597883597884,1.4550264550264551,26.253968253968253,0.4656084656084656,0.0,26.719576719576718,26.814814814814813,0.37535014005602246,0.37642192347466386,0.5321100917431193,1.5952380952380953,0.37261004891062693,0.572347266881029,0.65,0.39375506893755075,0.40814209775703364,1.0,0.7396830924603865,0.4222756410256411,1.0,0.6412509692426984,0.47058823529411764,0.0,0.6339442631182526,0.5962352941176471
Dooho Choi,Orthodox,No,No,No,Dooho Choi,0.19047619047619047,0.16666666666666666,0.0,0.047619047619047616,0.48095238095238085,11.321428571428571,5.761904761904762,2.369047619047619,12.642857142857144,2.261904761904762,4.5476190476190474,19.452380952380953,36.86904761904762,23.94047619047619,42.452380952380956,0.5952380952380952,27.726190476190478,6.4523809523809526,2.6904761904761902,28.928571428571427,3.0595238095238098,4.8809523809523805,0.21428571428571427,1.0595238095238095,0.0,0.16666666666666666,1.1206349206349204,14.952380952380954,5.833333333333333,1.607142857142857,17.36904761904762,3.119047619047619,1.9047619047619049,22.392857142857142,45.69047619047618,26.55952380952381,50.916666666666664,2.238095238095238,34.547619047619044,8.214285714285714,2.9285714285714284,39.80952380952381,3.5476190476190474,2.3333333333333335,1.1785714285714286,19.595238095238095,2.380952380952381,1.3214285714285714,22.44047619047619,0.42857142857142855,0.42857142857142855,23.297619047619047,24.357142857142858,0.27999999999999997,0.4083297552597681,0.8929889298892989,0.061946902654867256,0.4370370370370371,0.7392996108949416,0.9317073170731708,0.5276073619631901,0.563937184520471,0.5265957446808511,0.5671950379048931,0.28985507246376807,0.6382113821138211,0.5636961722488039,0.12080536912751672,0.18367346938775508,0.5099009900990099,0.47837269113864855
Anshul Jubli,,No,No,No,Anshul Jubli,0.0,1.0,0.5,0.0,3.558333333333333,18.0,0.5,0.5,3.0,0.0,16.0,19.0,25.5,37.0,49.5,2.5,23.5,1.5,0.5,7.0,0.0,18.5,0.0,0.0,0.0,0.0,0.075,1.0,1.5,4.5,5.0,1.0,1.0,7.0,12.5,10.0,20.0,0.0,5.0,2.0,5.5,10.0,1.5,1.0,0.0,4.0,0.5,1.0,5.0,0.5,0.0,5.5,10.0,0.4,0.7659574468085106,0.3333333333333333,2.0,0.42857142857142855,,0.8648648648648649,0.7450980392156863,0.7474747474747475,,0.8,0.25,1.0,0.5,0.33333333333333337,0.0,0.43999999999999995,0.5
Yi Zha,,No,No,No,Yi Zha,0.0,1.6666666666666667,0.0,0.0,2.772222222222222,5.666666666666667,2.0,0.3333333333333333,4.333333333333333,2.3333333333333335,1.3333333333333333,8.0,19.333333333333332,12.333333333333334,24.666666666666668,7.0,16.0,3.0,0.3333333333333333,15.333333333333334,2.3333333333333335,1.6666666666666667,0.0,0.0,0.0,0.0,0.27777777777777773,6.0,2.3333333333333335,0.0,6.0,2.3333333333333335,0.0,8.333333333333334,19.0,22.0,35.0,0.0,16.666666666666668,2.3333333333333335,0.0,16.333333333333332,2.6666666666666665,0.0,0.0,10.666666666666666,0.0,0.0,10.333333333333334,0.3333333333333333,0.0,10.666666666666666,13.0,0.2380952380952381,0.3541666666666667,0.6666666666666666,5.000000000000001,0.2826086956521739,1.0,0.7999999999999999,0.4137931034482759,0.5,,0.64,0.0,,0.6326530612244898,0.12499999999999989,,0.5614035087719298,0.37142857142857144
SeungGuk Choi,,No,No,No,SeungGuk Choi,0.3333333333333333,0.0,0.0,0.0,0.8777777777777778,4.0,1.0,1.6666666666666667,6.666666666666667,0.0,0.0,6.666666666666667,23.0,10.0,27.666666666666668,0.6666666666666666,18.0,1.6666666666666667,3.3333333333333335,22.333333333333332,0.6666666666666666,0.0,0.0,0.3333333333333333,1.0,0.0,0.5944444444444444,6.666666666666667,0.3333333333333333,5.666666666666667,12.333333333333334,0.3333333333333333,0.0,12.666666666666666,30.333333333333332,19.666666666666668,41.666666666666664,1.0,20.333333333333332,1.0,9.0,29.333333333333332,1.0,0.0,0.6666666666666666,13.666666666666666,0.6666666666666666,3.3333333333333335,17.0,0.6666666666666666,0.0,17.666666666666668,22.0,0.0,0.2222222222222222,0.6,0.0,0.2985074626865672,0.0,,0.2898550724637681,0.3614457831325301,0.6666666666666667,0.6721311475409836,0.6666666666666667,0.962962962962963,0.5795454545454546,0.6666666666666667,,0.5824175824175823,0.528
Toshiomi Kazama,,No,No,No,Toshiomi Kazama,0.0,0.0,0.0,0.0,0.0,4.0,0.0,0.0,4.0,0.0,0.0,4.0,10.0,4.0,10.0,0.0,10.0,0.0,0.0,10.0,0.0,0.0,2.0,0.0,0.0,0.0,0.05,11.0,0.0,0.0,10.0,0.0,1.0,11.0,25.0,11.0,25.0,0.0,25.0,0.0,0.0,24.0,0.0,1.0,0.0,14.0,0.0,0.0,14.0,0.0,0.0,14.0,14.0,,0.4,,,0.4,,,0.4,0.4,,0.56,,,0.5833333333333333,,0.0,0.56,0.56
Yusaku Kinoshita,,No,No,No,Yusaku Kinoshita,0.0,0.0,0.0,0.0,0.0166666666666666,6.0,1.0,3.0,10.0,0.0,0.0,10.0,24.0,11.0,25.0,1.0,20.0,1.0,3.0,24.0,0.0,0.0,0.0,4.0,0.0,0.0,2.8833333333333333,16.0,4.0,1.0,11.0,4.0,6.0,21.0,33.0,33.0,54.0,7.0,23.0,7.0,3.0,22.0,4.0,7.0,3.0,7.0,3.0,2.0,11.0,0.0,1.0,12.0,21.0,0.0,0.3,1.0,0.0,0.4166666666666667,,,0.4166666666666667,0.44,0.4285714285714286,0.30434782608695654,0.4285714285714286,-0.33333333333333326,0.5,0.0,0.1428571428571429,0.36363636363636365,0.38888888888888884
Mounir Lazzez,Orthodox,No,No,No,Mounir Lazzez,0.0,0.5833333333333334,0.0,0.0,0.9652777777777778,22.583333333333332,6.833333333333333,5.5,30.916666666666668,3.0,1.0,34.916666666666664,62.833333333333336,37.583333333333336,65.66666666666667,0.9166666666666666,47.75,9.25,5.833333333333333,57.583333333333336,4.25,1.0,0.08333333333333333,0.25,0.08333333333333333,0.0,0.40277777777777773,12.5,3.5,7.583333333333333,21.833333333333332,1.25,0.5,23.583333333333332,51.0,24.75,52.333333333333336,1.0833333333333333,36.333333333333336,5.083333333333333,9.583333333333334,47.833333333333336,2.6666666666666665,0.5,0.8333333333333334,23.833333333333332,1.5833333333333333,2.0,26.0,1.4166666666666667,0.0,27.416666666666668,27.583333333333332,0.6363636363636365,0.47294938917975565,0.7387387387387387,0.1,0.5369030390738061,0.7058823529411765,1.0,0.5557029177718832,0.5723350253807107,0.7692307692307692,0.6559633027522935,0.3114754098360656,0.9739130434782609,0.5435540069686411,0.53125,0.0,0.5375816993464053,0.5270700636942676
Glover Teixeira,Orthodox,Yes,No,Yes,Glover Teixeira,0.05144927536231884,0.5244927536231885,0.21373188405797103,0.1025,1.204752415458937,13.223876811594204,2.0606884057971016,0.21409420289855072,8.239492753623189,1.5408333333333333,5.718333333333334,15.498659420289854,30.57449275362319,25.749384057971014,42.28471014492754,1.525,27.4706884057971,2.889710144927536,0.21409420289855072,20.072789855072465,2.9835144927536232,7.518188405797102,0.09072463768115942,0.38815217391304346,0.07478260869565218,0.18608695652173915,0.816840579710145,15.490471014492755,3.456195652173913,1.2694927536231884,14.45536231884058,2.6748550724637683,3.0859420289855075,20.216159420289856,39.717971014492754,25.349746376811595,45.2863768115942,0.9969202898550723,33.89634057971015,4.38177536231884,1.4398550724637682,31.561304347826088,3.9938405797101453,4.162826086956522,0.6087681159420291,18.405869565217394,0.9255797101449275,0.1703623188405797,17.105942028985506,1.3189855072463768,1.0768840579710146,19.5018115942029,19.936630434782607,0.34392967450700884,0.4813813405856836,0.7131124931039672,2.449822304958538,0.41048069616197574,0.5164490861618799,0.7605998978323101,0.5069146868660055,0.6089525970431632,0.6106487370525168,0.5430046208656187,0.21123394825404962,0.7304227478610972,0.5419909722509219,0.33025492152771474,0.2586906191794175,0.4910072467469915,0.4402346100180493
Jamahal Hill,Southpaw,Yes,No,Yes,Jamahal Hill,0.1,0.0,0.0,0.2,0.5986111111111111,23.416666666666664,6.191666666666667,1.7583333333333333,23.791666666666668,2.9833333333333334,4.591666666666667,31.366666666666664,56.45833333333333,36.208333333333336,61.7,0.0,47.05,7.525,1.8833333333333333,46.94166666666667,3.5,6.0166666666666675,0.0,0.975,0.075,0.0,0.9155555555555555,7.833333333333333,3.2083333333333335,1.9416666666666669,10.4,0.925,1.6583333333333332,12.98333333333333,25.85,18.8,32.725,2.8666666666666663,20.083333333333336,3.6333333333333337,2.1333333333333333,21.93333333333333,1.15,2.7666666666666666,1.8916666666666668,12.25,0.425,0.19166666666666665,11.533333333333335,0.225,1.1083333333333334,12.866666666666665,13.925,,0.49769748494509386,0.8228128460686601,0.0,0.5068347239481626,0.8523809523809524,0.763157894736842,0.5555719557195572,0.5868449486763911,0.6598837209302325,0.6099585062240664,0.1169724770642202,0.54296875,0.5258358662613981,0.19565217391304335,0.4006024096385542,0.4977433913604128,0.42551566080977843
Josiane Nunes,Southpaw,No,No,No,Josiane Nunes,0.38888888888888884,0.0,0.0,0.0,0.4398148148148147,24.055555555555557,7.777777777777779,3.444444444444444,28.388888888888886,5.722222222222222,1.1666666666666667,35.27777777777778,77.6111111111111,38.94444444444445,81.55555555555556,0.0,62.27777777777777,11.055555555555557,4.277777777777778,67.0,8.666666666666666,1.9444444444444444,0.0,0.4444444444444444,0.0,0.0,0.5518518518518519,18.38888888888889,6.222222222222221,3.3888888888888893,25.388888888888886,2.1666666666666665,0.4444444444444444,28.0,60.166666666666664,31.666666666666668,64.16666666666667,1.6111111111111114,48.94444444444445,7.833333333333333,3.3888888888888893,56.88888888888889,2.5555555555555554,0.7222222222222222,1.1666666666666667,30.555555555555554,1.6111111111111114,0.0,31.5,0.38888888888888884,0.27777777777777773,32.166666666666664,32.5,,0.3862622658340768,0.7035175879396984,0.0,0.423714759535655,0.6602564102564104,0.6000000000000001,0.45454545454545464,0.47752043596730254,0.7241379310344829,0.6242905788876277,0.2056737588652483,0.8688524590163935,0.5537109375000001,0.15217391304347827,0.3846153846153847,0.5346260387811634,0.5064935064935066
Lauren Murphy,Orthodox,No,No,Yes,Lauren Murphy,0.019230769230769232,0.25686813186813184,0.017857142857142856,0.019230769230769232,0.682257326007326,11.353021978021978,2.35989010989011,1.907967032967033,11.343406593406593,2.287087912087912,1.9903846153846154,15.62087912087912,42.82005494505494,24.706043956043956,52.96153846153846,1.026098901098901,36.517857142857146,3.925824175824176,2.3763736263736264,37.66483516483517,2.885989010989011,2.269230769230769,0.0,0.4903846153846154,0.057692307692307696,0.017857142857142856,0.8599587912087913,21.271978021978022,4.711538461538462,4.550824175824175,22.552197802197803,2.938186813186813,5.043956043956044,30.534340659340657,59.17307692307692,38.42445054945055,67.73626373626374,1.0741758241758241,46.90934065934066,6.8901098901098905,5.373626373626374,48.78159340659341,4.111263736263736,6.28021978021978,0.5837912087912088,25.63736263736264,2.1785714285714284,0.8228021978021978,26.229395604395606,1.1730769230769231,1.2362637362637363,28.638736263736263,29.311813186813186,0.250334672021419,0.31088959939815686,0.6011196641007698,0.10809248554913294,0.3011670313639679,0.7924797715373632,0.8771186440677966,0.36480287428223146,0.46649029982363316,0.5434782608695652,0.5465300146412884,0.31618819776714513,0.9087423312883436,0.5376904232252978,0.2853324423655196,0.19685039370078738,0.4839825432935605,0.432734425697599
Mauricio Rua,Orthodox,Yes,No,Yes,Mauricio Rua,0.19833333333333333,0.5416666666666666,0.0475,0.0,1.2785833333333332,10.272499999999999,2.17,3.2175,9.349166666666667,2.3458333333333337,3.965,15.66,29.663333333333334,26.8375,41.70583333333333,1.0408333333333333,21.93333333333333,3.2608333333333333,4.469166666666667,19.8375,3.350833333333333,6.475,0.065,0.43166666666666664,0.1025,0.16333333333333333,0.6933194444444444,7.5841666666666665,3.184166666666667,1.3216666666666668,8.004166666666666,1.9283333333333332,2.1574999999999998,12.09,26.280833333333334,18.933333333333334,33.75083333333333,0.8841666666666667,20.143333333333334,4.238333333333333,1.8991666666666667,20.4175,2.8291666666666666,3.0341666666666667,0.4525,12.559166666666666,1.0541666666666667,0.5775,12.413333333333332,0.9008333333333333,0.8766666666666666,14.190833333333334,14.8175,0.5204163330664532,0.46835106382978725,0.6654740608228981,0.12120082043632294,0.47128754463348044,0.7000746083063916,0.6123552123552124,0.5279244858972918,0.6434951145922833,0.5117813383600377,0.6234899884163495,0.2487219819111285,0.77270732777534,0.6079751846863394,0.31840942562592045,0.2889316121944522,0.5399689253892254,0.43902619688402755
Saimon Oliveira,Orthodox,No,No,No,Saimon Oliveira,0.0,0.0,1.0,0.0,0.4166666666666666,6.0,2.6666666666666665,3.1666666666666665,10.0,1.8333333333333333,0.0,11.833333333333334,29.5,16.5,34.5,0.8333333333333334,21.166666666666668,4.666666666666667,3.6666666666666665,26.833333333333332,2.6666666666666665,0.0,0.16666666666666666,2.6666666666666665,0.0,0.0,2.6444444444444444,14.0,4.0,2.0,12.166666666666666,3.6666666666666665,4.166666666666667,20.0,35.166666666666664,25.333333333333332,43.5,3.5,28.0,5.0,2.1666666666666665,21.666666666666668,4.833333333333333,8.666666666666666,0.8333333333333334,14.0,1.0,0.16666666666666666,9.5,1.1666666666666667,4.5,15.166666666666666,18.166666666666668,0.0,0.28346456692913385,0.5714285714285714,0.0,0.3726708074534162,0.6875,,0.4011299435028249,0.4782608695652174,0.23809523809523814,0.5,0.19999999999999996,-0.23076923076923084,0.43846153846153857,0.24137931034482762,0.5192307692307692,0.4312796208530806,0.417624521072797
Shamil Abdurakhimov,Orthodox,No,No,No,Shamil Abdurakhimov,0.05397727272727273,0.22443181818181818,0.022727272727272728,0.0,0.5086647727272727,5.431818181818182,1.5227272727272727,1.8863636363636362,5.823863636363637,2.3806818181818183,0.6363636363636364,8.84090909090909,20.75,13.56534090909091,26.042613636363637,1.3551136363636362,15.349431818181818,2.6448863636363638,2.7556818181818183,16.4375,3.4630681818181817,0.8494318181818181,0.07670454545454546,0.5340909090909091,0.03125,0.0,0.7427556818181819,12.65340909090909,2.0823863636363638,1.0170454545454546,4.176136363636363,2.5738636363636362,9.00284090909091,15.75284090909091,32.91761363636364,19.167613636363637,37.01704545454545,1.09375,28.920454545454547,2.778409090909091,1.21875,16.50284090909091,3.9488636363636367,12.46590909090909,0.5596590909090909,16.267045454545453,0.6960227272727273,0.20170454545454547,12.326704545454545,1.375,3.4630681818181817,17.164772727272727,17.84943181818182,0.16561844863731656,0.35387747547658704,0.5757250268528463,0.08144329896907215,0.3543034911856205,0.6874487284659557,0.7491638795986623,0.4260679079956188,0.5208901494491109,0.5116883116883117,0.5624754420432221,0.25051124744376274,0.5617715617715617,0.7469443966259253,0.34820143884892096,0.27780309936189596,0.5214464486061966,0.4821949347659248
Warlley Alves,Orthodox,No,No,No,Warlley Alves,0.09523809523809523,0.34920634920634913,0.26587301587301587,0.023809523809523808,0.9025132275132274,8.845238095238095,3.0753968253968256,2.73015873015873,11.833333333333334,1.9523809523809526,0.8650793650793651,14.65079365079365,31.015873015873016,17.702380952380953,34.48809523809524,0.7658730158730158,22.88095238095238,4.559523809523809,3.5753968253968256,27.075396825396826,2.6666666666666665,1.273809523809524,0.027777777777777776,0.11904761904761903,0.07539682539682539,0.023809523809523808,0.7858465608465609,13.317460317460316,4.2936507936507935,1.8055555555555554,14.662698412698413,3.9365079365079363,0.8174603174603176,19.416666666666668,39.78174603174603,27.23809523809524,48.242063492063494,0.5476190476190476,31.51984126984127,6.075396825396825,2.1865079365079363,32.785714285714285,5.317460317460317,1.6785714285714286,0.4285714285714286,18.202380952380953,1.7817460317460316,0.38095238095238093,18.123015873015873,1.3809523809523807,0.8611111111111112,20.365079365079364,21.003968253968253,0.4559585492227979,0.38657648283038504,0.6744995648389905,0.09766925638179798,0.437051150520299,0.7321428571428572,0.6791277258566978,0.47236438075742065,0.5132896099413186,0.782608695652174,0.5774896134961602,0.2932723709993468,0.9455535390199638,0.5527717259743403,0.25970149253731345,0.5130023640661938,0.5119201995012468,0.43538701982396966
Allan Nascimento,Orthodox,No,No,No,Allan Nascimento,0.0,0.5,0.38888888888888884,0.4444444444444444,1.7037037037037035,3.3333333333333335,1.7777777777777777,2.111111111111111,4.055555555555556,0.3333333333333333,2.8333333333333335,7.222222222222222,14.5,17.944444444444446,25.222222222222225,1.1666666666666667,9.055555555555555,3.222222222222222,2.222222222222222,8.611111111111112,0.611111111111111,5.277777777777778,0.0,0.611111111111111,0.27777777777777773,0.2222222222222222,2.3981481481481484,3.5,0.611111111111111,0.1111111111111111,1.8888888888888886,0.16666666666666666,2.1666666666666665,4.222222222222222,10.5,14.111111111111109,20.833333333333332,0.7222222222222222,9.444444444444445,0.8333333333333334,0.2222222222222222,7.0555555555555545,0.16666666666666666,3.277777777777778,0.1111111111111111,5.9444444444444455,0.2222222222222222,0.1111111111111111,5.166666666666667,0.0,1.111111111111111,6.277777777777779,6.722222222222221,0.42857142857142855,0.3680981595092025,0.5517241379310345,0.22500000000000003,0.47096774193548385,0.5454545454545455,0.5368421052631579,0.49808429118773945,0.711453744493392,0.15384615384615397,0.6294117647058823,0.2666666666666667,-1.75,0.7322834645669292,0.0,0.3389830508474577,0.5978835978835979,0.32266666666666677
Cheyanne Vlismas,Switch,No,No,No,Cheyanne Vlismas,0.08333333333333333,0.08333333333333333,0.1111111111111111,0.3055555555555555,0.1648148148148148,16.194444444444446,4.0,1.0555555555555556,17.944444444444446,1.6111111111111114,1.6944444444444444,21.25,43.0,28.11111111111111,50.944444444444436,0.08333333333333333,35.583333333333336,6.055555555555556,1.361111111111111,38.77777777777778,1.888888888888889,2.3333333333333335,0.0,0.611111111111111,0.19444444444444442,0.1111111111111111,2.325462962962963,9.694444444444445,1.777777777777778,0.861111111111111,10.472222222222221,1.638888888888889,0.2222222222222222,12.333333333333334,33.888888888888886,36.25,64.22222222222223,1.388888888888889,30.138888888888886,2.777777777777778,0.9722222222222223,31.694444444444443,1.9722222222222223,0.2222222222222222,0.7777777777777777,20.444444444444443,1.0,0.1111111111111111,21.222222222222225,0.3333333333333333,0.0,21.555555555555557,27.972222222222225,1.0,0.45511319281811086,0.6605504587155963,0.06122448979591837,0.46275071633237824,0.8529411764705883,0.7261904761904762,0.4941860465116279,0.5517993456924756,0.56,0.6783410138248848,0.36,0.37142857142857155,0.6695880806310255,0.16901408450704225,0.0,0.6360655737704918,0.4355536332179931
Cory McKenna,Orthodox,No,No,No,Cory McKenna,0.0,0.6944444444444445,0.16666666666666666,0.1111111111111111,1.9805555555555558,12.222222222222221,0.611111111111111,0.6944444444444445,11.166666666666666,1.0833333333333333,1.277777777777778,13.527777777777779,35.30555555555556,37.69444444444445,67.6111111111111,1.3055555555555556,33.27777777777778,1.1388888888888888,0.8888888888888888,32.52777777777778,1.4166666666666667,1.3611111111111114,0.0,0.19444444444444442,0.3055555555555555,0.0,0.5726851851851852,10.305555555555555,2.777777777777778,3.5,13.833333333333334,1.611111111111111,1.138888888888889,16.583333333333332,31.5,26.36111111111111,42.77777777777778,0.4444444444444444,23.555555555555557,3.472222222222222,4.472222222222222,28.194444444444443,1.9722222222222223,1.3333333333333333,0.25,13.25,0.6944444444444445,0.9722222222222223,14.361111111111112,0.3611111111111111,0.19444444444444442,14.916666666666666,16.416666666666668,0.5319148936170214,0.3672787979966611,0.5365853658536585,0.7812500000000001,0.34329632792485054,0.7647058823529411,0.9387755102040816,0.3831628638867034,0.5575184880854562,0.5625,0.5625,0.19999999999999984,0.9565217391304348,0.50935960591133,0.18309859154929586,0.14583333333333315,0.4735449735449736,0.38376623376623376
Saidyokub Kakhramonov,Orthodox,No,No,No,Saidyokub Kakhramonov,0.0,2.1666666666666665,0.6666666666666666,0.0,2.647222222222222,6.777777777777778,1.722222222222222,1.1666666666666667,3.7222222222222228,2.555555555555556,3.388888888888889,9.666666666666666,18.555555555555557,33.22222222222222,48.0,4.333333333333333,15.166666666666666,2.055555555555556,1.3333333333333333,9.222222222222221,3.388888888888889,5.9444444444444455,0.0,0.2222222222222222,0.3333333333333333,0.0,1.198148148148148,2.0,1.388888888888889,0.6666666666666666,2.7222222222222228,1.111111111111111,0.2222222222222222,4.055555555555556,9.833333333333334,12.611111111111112,21.555555555555557,1.5,6.777777777777778,2.388888888888889,0.6666666666666666,7.944444444444444,1.3333333333333333,0.5555555555555556,1.2777777777777777,4.777777777777778,1.0,0.0,5.222222222222222,0.2222222222222222,0.3333333333333333,5.777777777777779,8.944444444444445,0.5,0.4468864468864469,0.8378378378378377,1.625,0.4036144578313254,0.7540983606557378,0.5700934579439251,0.5209580838323352,0.6921296296296297,0.8518518518518519,0.7049180327868853,0.41860465116279066,0.6666666666666667,0.6573426573426573,0.16666666666666674,0.6000000000000001,0.5875706214689265,0.4149484536082474
Sergey Morozov,Orthodox,No,No,No,Sergey Morozov,0.06666666666666667,1.2222222222222223,0.0,0.0,1.8044444444444443,11.066666666666668,2.066666666666667,2.088888888888889,12.111111111111109,1.5333333333333332,1.5777777777777777,15.222222222222223,34.53333333333333,25.777777777777782,46.51111111111111,3.977777777777778,29.044444444444448,3.022222222222222,2.466666666666667,30.222222222222218,2.066666666666667,2.2444444444444445,0.19999999999999998,0.4444444444444444,0.19999999999999998,0.0,0.2796296296296296,7.644444444444445,3.5777777777777775,2.9111111111111114,12.755555555555555,1.3111111111111111,0.06666666666666667,14.133333333333333,38.22222222222222,20.644444444444442,45.73333333333333,1.5333333333333332,28.066666666666666,6.48888888888889,3.6666666666666665,36.288888888888884,1.6666666666666667,0.26666666666666666,1.0888888888888888,20.42222222222222,2.9111111111111114,0.7555555555555555,23.53333333333333,0.35555555555555557,0.20000000000000004,24.08888888888889,25.08888888888889,0.30726256983240224,0.38102524866105586,0.6838235294117648,0.4954954954954955,0.400735294117647,0.7419354838709676,0.7029702970297029,0.4407979407979408,0.5542283803153369,0.7101449275362319,0.7276326207442596,0.4486301369863015,0.8787878787878788,0.6484996938150642,0.21333333333333337,0.75,0.6302325581395349,0.5485908649173955
Steven Koslow,,No,No,No,Steven Koslow,0.0,1.6666666666666667,0.3333333333333333,0.6666666666666666,1.5555555555555554,2.6666666666666665,0.3333333333333333,0.6666666666666666,2.6666666666666665,0.3333333333333333,0.6666666666666666,3.6666666666666665,9.666666666666666,6.666666666666667,14.0,3.0,8.333333333333334,0.6666666666666666,0.6666666666666666,7.0,1.0,1.6666666666666667,0.0,0.0,0.0,2.0,2.161111111111111,12.666666666666666,3.0,2.0,7.666666666666667,3.0,7.0,17.666666666666668,29.666666666666668,35.0,49.666666666666664,0.0,23.0,4.666666666666667,2.0,16.666666666666668,3.6666666666666665,9.333333333333334,0.0,10.333333333333334,1.6666666666666667,0.0,9.0,0.6666666666666666,2.3333333333333335,12.0,14.666666666666666,0.5555555555555556,0.31999999999999995,0.5,2.5000000000000004,0.38095238095238093,0.3333333333333333,0.39999999999999997,0.3793103448275862,0.4761904761904762,,0.4492753623188406,0.3571428571428572,1.0,0.54,0.18181818181818177,0.25,0.4044943820224719,0.2953020134228188
Darren Till,Southpaw,No,No,Yes,Darren Till,0.16818181818181818,0.10984848484848483,0.0,0.016666666666666666,0.21154040404040403,7.061363636363636,1.3992424242424242,1.7227272727272727,8.113636363636363,1.1363636363636362,0.9333333333333332,10.183333333333334,23.642424242424244,11.536363636363635,25.17348484848485,0.25606060606060604,19.18181818181818,2.103787878787879,2.356818181818182,20.580303030303032,1.7810606060606062,1.281060606060606,0.05454545454545454,0.4810606060606061,0.12121212121212119,0.0,0.6260353535353536,7.906060606060606,2.1553030303030303,3.7696969696969695,8.503787878787879,2.6848484848484846,2.6424242424242426,13.831060606060607,33.63257575757576,18.508333333333333,38.83712121212121,1.8477272727272727,25.538636363636364,3.2303030303030305,4.863636363636364,26.093939393939394,3.9454545454545453,3.593181818181818,1.3666666666666667,17.632575757575758,1.075,1.093939393939394,17.590151515151515,1.2606060606060605,0.9507575757575758,19.80151515151515,20.328787878787878,0.42899408284023666,0.36812796208530807,0.6651062297443283,0.04660880745740918,0.39424280350438046,0.6380263717566992,0.7285629804849201,0.43072289156626503,0.45827439886845817,0.7396473964739647,0.6904274569131738,0.3327861163227017,0.9010903426791277,0.6741086981767507,0.3195084485407067,0.2646004638414504,0.5887599954949881,0.5234370428167365
Dalcha Lungiambula,Orthodox,No,No,No,Dalcha Lungiambula,0.08333333333333333,0.49206349206349204,0.0,0.0,0.9836640211640212,8.821428571428571,3.5595238095238098,0.7420634920634921,7.214285714285714,2.785714285714286,3.123015873015873,13.123015873015873,29.178571428571427,18.765873015873016,35.46031746031746,1.1825396825396826,23.396825396825395,4.853174603174604,0.9285714285714285,20.76984126984127,4.515873015873016,3.892857142857143,0.13888888888888887,0.10317460317460318,0.10317460317460318,0.0,0.7586640211640212,10.531746031746032,4.892857142857143,1.496031746031746,11.678571428571429,3.3531746031746033,1.888888888888889,16.92063492063492,35.769841269841265,23.23809523809524,42.71031746031746,0.47222222222222227,27.15079365079365,6.698412698412699,1.9206349206349207,27.956349206349206,5.035714285714286,2.777777777777778,0.36904761904761907,16.61904761904762,1.8055555555555556,0.4246031746031746,16.27777777777778,1.6825396825396826,0.8888888888888888,18.84920634920635,19.472222222222225,0.4161073825503355,0.37703527815468113,0.7334423548650858,0.5299145299145299,0.34734428735192974,0.6168717047451671,0.8022426095820592,0.44974840201278393,0.5292076991942704,0.7815126050420168,0.6121017246419176,0.26954976303317535,0.9462809917355371,0.5822569198012775,0.33412135539795107,0.32000000000000006,0.5269580652318615,0.45591377868623983
Jay Perrin,Switch,No,No,No,Jay Perrin,0.0,0.7222222222222222,0.0,0.0,1.1861111111111111,12.5,5.5,1.9444444444444444,16.444444444444446,3.277777777777778,0.2222222222222222,19.944444444444446,41.5,24.61111111111111,46.666666666666664,1.7777777777777777,31.055555555555557,7.777777777777779,2.6666666666666665,37.0,4.166666666666667,0.3333333333333333,0.0,0.8333333333333334,0.2222222222222222,0.1111111111111111,1.2259259259259256,14.611111111111112,4.722222222222222,2.9444444444444446,15.5,6.111111111111112,0.6666666666666666,22.277777777777782,39.77777777777778,33.61111111111111,52.72222222222222,1.6666666666666667,30.166666666666668,6.055555555555556,3.5555555555555554,31.277777777777775,7.5,1.0,0.8333333333333334,15.555555555555555,1.3333333333333333,0.611111111111111,15.777777777777779,1.3888888888888886,0.3333333333333333,17.5,19.11111111111111,0.40625,0.4025044722719141,0.7071428571428571,0.27083333333333337,0.4444444444444445,0.7866666666666667,0.6666666666666666,0.4805890227576975,0.5273809523809524,0.5,0.5156537753222836,0.22018348623853223,0.765625,0.5044404973357015,0.18518518518518512,0.33333333333333337,0.4399441340782122,0.3624868282402529
Scott Holtzman,Orthodox,No,No,No,Scott Holtzman,0.1123931623931624,0.6081196581196581,0.06666666666666667,0.08675213675213676,1.4616666666666667,15.504700854700852,3.291452991452991,2.205128205128205,13.34188034188034,3.302991452991453,4.356410256410256,21.00128205128205,43.61410256410256,33.03162393162393,56.93418803418803,1.0521367521367522,35.54871794871795,5.130769230769231,2.9346153846153844,33.029059829059825,4.523931623931624,6.061111111111111,0.053418803418803416,0.8773504273504273,0.11452991452991453,0.0811965811965812,0.941068376068376,10.985042735042734,3.942307692307692,2.5393162393162396,12.902136752136753,3.4858974358974355,1.0786324786324786,17.466666666666665,38.78034188034189,23.673076923076923,45.71025641025641,2.6547008547008546,30.815384615384616,5.21068376068376,2.7542735042735043,32.30598290598291,4.857264957264957,1.6170940170940173,1.7773504273504273,19.83034188034188,1.2683760683760685,0.21495726495726497,19.403846153846153,1.3713675213675216,0.5384615384615384,21.313675213675214,22.037179487179486,0.5779853777416734,0.43615358722831304,0.6415125770448108,0.20722295034221638,0.4039436911292827,0.7301152465520498,0.7187477966579707,0.48152503013022135,0.5801720384909853,0.6695106245975531,0.6435208298663118,0.24341835479373408,0.6814584949573312,0.6006270173025028,0.2823332746788668,0.33298097251585634,0.549599982368369,0.48210579458125313
Kyle Daukaus,Southpaw,No,No,No,Kyle Daukaus,0.0,0.5912698412698413,0.34920634920634924,0.09523809523809523,1.983994708994709,10.547619047619047,1.865079365079365,1.4325396825396826,9.678571428571429,1.9682539682539684,2.198412698412698,13.845238095238095,28.51190476190476,25.968253968253965,44.0,2.535714285714286,24.353174603174605,2.5476190476190474,1.611111111111111,22.36111111111111,2.361111111111111,3.7896825396825395,0.19047619047619047,0.20634920634920637,0.047619047619047616,0.373015873015873,1.3808201058201057,9.583333333333334,4.123015873015873,1.3690476190476193,6.686507936507937,3.0833333333333335,5.305555555555556,15.075396825396824,26.134920634920633,35.964285714285715,50.76190476190476,1.0436507936507937,19.912698412698415,4.674603174603175,1.5476190476190474,14.51984126984127,3.420634920634921,8.194444444444445,0.8373015873015873,10.329365079365079,0.5515873015873015,0.17857142857142858,7.833333333333333,0.33730158730158727,2.8888888888888893,11.05952380952381,14.797619047619046,0.2331768388106416,0.4331106403780348,0.7320872274143302,0.36699507389162567,0.43283052351375334,0.8336134453781513,0.5801047120418847,0.4855949895615867,0.5901875901875901,0.8022813688212928,0.5187325627740136,0.11799660441426163,0.8666666666666667,0.5394916643891774,0.09860788863109049,0.3525423728813558,0.42317036137260855,0.2915103189493433
Marcelo Rojo,Orthodox,No,No,No,Marcelo Rojo,0.0,0.1111111111111111,0.0,0.0,0.13518518518518519,8.944444444444445,3.6666666666666665,6.111111111111112,16.333333333333332,1.8333333333333333,0.5555555555555556,18.722222222222225,47.666666666666664,21.555555555555557,50.77777777777778,0.2222222222222222,35.833333333333336,5.277777777777778,6.555555555555556,44.05555555555555,2.944444444444444,0.6666666666666666,0.4444444444444444,0.5,0.3333333333333333,0.0,1.098148148148148,17.944444444444446,4.5,3.6111111111111107,18.0,2.944444444444444,5.111111111111112,26.055555555555557,57.77777777777777,31.11111111111111,64.27777777777777,1.4444444444444446,47.833333333333336,6.222222222222222,3.722222222222222,45.666666666666664,3.555555555555556,8.555555555555555,0.9444444444444443,29.88888888888889,1.7222222222222223,0.1111111111111111,27.666666666666668,0.611111111111111,3.4444444444444446,31.722222222222218,33.166666666666664,0.5,0.24961240310077518,0.6947368421052631,0.016949152542372878,0.3707440100882724,0.6226415094339622,0.8333333333333334,0.39277389277389285,0.42450765864332607,0.653846153846154,0.6248548199767712,0.2767857142857143,0.8656716417910448,0.6058394160583942,0.1718750000000001,0.4025974025974025,0.5490384615384615,0.5159896283491789
Natan Levy,Southpaw,No,No,No,Natan Levy,0.0,2.0,0.0,0.0,1.012962962962963,12.333333333333334,7.0,3.5555555555555554,21.22222222222222,0.7777777777777777,0.888888888888889,22.88888888888889,44.77777777777778,24.888888888888886,47.0,3.6666666666666665,32.0,9.0,3.777777777777778,42.11111111111111,1.6666666666666667,1.0,0.0,1.1111111111111112,0.0,0.0,0.8407407407407407,12.333333333333334,6.555555555555556,2.0,17.88888888888889,2.3333333333333335,0.6666666666666666,20.88888888888889,51.0,25.777777777777775,56.77777777777778,1.7777777777777777,39.22222222222222,9.555555555555555,2.222222222222222,46.22222222222222,3.555555555555556,1.2222222222222223,0.6666666666666666,26.88888888888889,3.0,0.2222222222222222,28.333333333333332,1.222222222222222,0.5555555555555555,30.111111111111114,31.0,0.5454545454545455,0.3854166666666667,0.7777777777777778,0.5294117647058824,0.503957783641161,0.46666666666666656,0.888888888888889,0.511166253101737,0.5295508274231678,0.3749999999999999,0.6855524079320113,0.3139534883720929,0.4999999999999999,0.6129807692307692,0.34375,0.4545454545454546,0.5904139433551199,0.5459882583170255
Kevin Natividad,Orthodox,No,No,No,Kevin Natividad,0.16666666666666666,1.0555555555555556,0.0,0.0,0.75,8.777777777777777,2.1666666666666665,0.611111111111111,8.444444444444445,1.0555555555555556,2.0555555555555554,11.555555555555557,33.5,15.5,38.72222222222222,2.1666666666666665,28.944444444444443,3.611111111111111,0.9444444444444443,28.722222222222225,2.111111111111111,2.6666666666666665,0.27777777777777773,0.2222222222222222,0.16666666666666666,0.38888888888888884,1.3768518518518518,16.27777777777778,0.6666666666666666,1.111111111111111,11.388888888888888,1.0555555555555556,5.611111111111111,18.055555555555554,34.666666666666664,34.55555555555556,52.333333333333336,1.7222222222222223,32.38888888888889,1.1666666666666667,1.111111111111111,25.5,2.277777777777778,6.888888888888889,1.5,16.11111111111111,0.5,0.0,14.111111111111112,1.2222222222222223,1.2777777777777777,16.61111111111111,17.77777777777778,0.4871794871794872,0.30326295585412666,0.6,1.1176470588235297,0.29400386847195353,0.5,0.7708333333333333,0.34494195688225543,0.40028694404591103,0.8709677419354839,0.4974271012006861,0.4285714285714286,0.8,0.5533769063180829,0.5365853658536586,0.185483870967742,0.47916666666666674,0.3397027600849257
Ricky Turcios,Orthodox,No,No,No,Ricky Turcios,0.1111111111111111,0.4444444444444444,0.1111111111111111,0.4444444444444444,0.9796296296296297,18.0,2.2222222222222223,1.4444444444444444,13.555555555555557,3.0,5.111111111111111,21.666666666666668,57.88888888888889,44.22222222222222,82.22222222222221,1.222222222222222,51.77777777777778,4.444444444444445,1.6666666666666667,47.666666666666664,4.222222222222222,6.0,0.1111111111111111,1.4444444444444444,0.0,0.1111111111111111,1.4074074074074074,12.222222222222221,2.222222222222222,3.4444444444444446,14.222222222222221,1.5555555555555554,2.111111111111111,17.88888888888889,35.55555555555555,21.888888888888886,40.666666666666664,2.6666666666666665,28.11111111111111,3.3333333333333335,4.111111111111112,30.666666666666668,2.2222222222222223,2.6666666666666665,1.222222222222222,15.888888888888891,1.111111111111111,0.6666666666666666,16.444444444444446,0.6666666666666666,0.5555555555555555,17.666666666666668,18.77777777777778,0.36363636363636365,0.34763948497854075,0.5,0.26666666666666666,0.2843822843822844,0.7105263157894737,0.8518518518518517,0.3742802303262956,0.5378378378378379,0.45833333333333326,0.5652173913043479,0.3333333333333335,0.6486486486486487,0.5362318840579711,0.30000000000000016,0.20833333333333326,0.49687499999999996,0.4617486338797815
Vince Morales,Orthodox,No,No,No,Vince Morales,0.08333333333333333,0.047619047619047616,0.0,0.05555555555555555,0.07390873015873016,12.674603174603176,5.111111111111111,1.736111111111111,17.716269841269842,1.236111111111111,0.5694444444444444,19.521825396825395,54.0515873015873,21.557539682539684,56.18452380952382,0.20039682539682538,43.720238095238095,7.96031746031746,2.371031746031746,51.24603174603175,1.9940476190476193,0.8115079365079364,0.09523809523809523,0.4603174603174603,0.0,0.0,0.3978174603174603,10.523809523809524,3.3035714285714284,6.569444444444444,19.31547619047619,0.6765873015873015,0.4047619047619048,20.396825396825395,44.36904761904762,21.484126984126984,45.56746031746032,1.367063492063492,31.234126984126984,4.9226190476190474,8.212301587301587,42.88095238095238,0.9722222222222223,0.5158730158730159,0.9067460317460316,20.71031746031746,1.6190476190476193,1.642857142857143,23.56547619047619,0.29563492063492064,0.1111111111111111,23.972222222222225,24.083333333333332,0.23762376237623764,0.28990242795552534,0.6420737786640079,0.0200836820083682,0.345710082081462,0.6199004975124377,0.7017114914425429,0.3611702518170472,0.3836917752586785,0.6632801161103048,0.6630669546436285,0.32889963724304716,0.9439478134815172,0.5495558023320377,0.3040816326530613,0.2153846153846154,0.5402915660495484,0.5285204214926413
Brad Riddell,Orthodox,No,No,No,Brad Riddell,0.047619047619047616,0.580952380952381,0.0,0.06666666666666667,0.5868253968253968,14.6,4.914285714285715,2.8095238095238098,18.16190476190476,1.0476190476190477,3.114285714285714,22.32380952380952,41.4,27.495238095238097,46.838095238095235,1.5333333333333332,31.552380952380954,6.742857142857143,3.104761904761905,36.10476190476191,1.2476190476190476,4.0476190476190474,0.0,0.8666666666666667,0.20952380952380953,0.18095238095238098,1.0215873015873014,10.104761904761906,3.752380952380952,2.1999999999999997,14.4,0.9333333333333332,0.7238095238095238,16.057142857142857,34.628571428571426,18.085714285714285,37.095238095238095,2.5619047619047617,27.114285714285714,4.714285714285714,2.8000000000000003,32.580952380952375,1.161904761904762,0.8857142857142858,1.6952380952380952,17.00952380952381,0.9619047619047619,0.6,18.18095238095238,0.22857142857142856,0.1619047619047619,18.571428571428573,19.00952380952381,0.3788819875776398,0.4627226079082402,0.728813559322034,0.18711656441717792,0.5030335003956738,0.8396946564885497,0.7694117647058822,0.5392224522659305,0.5870272468483124,0.6617100371747211,0.6273270108886546,0.20404040404040413,0.6904761904761905,0.5580239695995322,0.19672131147540994,0.18279569892473124,0.5363036303630363,0.5124518613607189
Carla Esparza,Orthodox,Yes,No,Yes,Carla Esparza,0.0,1.0233333333333334,0.056666666666666664,0.06999999999999999,0.9110555555555555,5.723333333333334,1.1666666666666665,2.0833333333333335,5.663333333333333,1.2633333333333332,2.0466666666666664,8.973333333333333,27.46,20.833333333333332,41.04666666666667,3.16,22.453333333333333,2.5,2.506666666666667,22.43333333333333,2.2133333333333334,2.8133333333333335,0.0,0.4533333333333333,0.056666666666666664,0.1,0.49483333333333335,8.756666666666666,2.046666666666667,0.7566666666666666,8.14,0.8366666666666667,2.5833333333333335,11.559999999999999,30.51,16.983333333333334,36.596666666666664,0.6866666666666668,26.389999999999997,3.1933333333333334,0.9266666666666665,26.113333333333333,1.2633333333333332,3.1333333333333333,0.23333333333333334,17.633333333333333,1.1466666666666667,0.16999999999999998,17.973333333333336,0.42666666666666664,0.55,18.95,19.613333333333333,0.3238396624472574,0.2548990498812352,0.4666666666666666,0.40824468085106386,0.25245170876671624,0.5707831325301204,0.7274881516587677,0.3267783442583151,0.5075523794055546,0.3398058252427185,0.6681823923203234,0.359081419624217,0.5107913669064748,0.6882818483533316,0.33773087071240093,0.17553191489361697,0.6211078334972141,0.5359322342654158
Nicolae Negumereanu,Orthodox,No,No,No,Nicolae Negumereanu,0.0,0.25,0.0,0.0,0.9912037037037038,12.861111111111112,1.6111111111111114,2.305555555555556,12.472222222222221,3.972222222222222,0.3333333333333333,16.77777777777778,41.30555555555555,22.722222222222225,48.0,1.0833333333333333,35.75,2.944444444444444,2.611111111111111,35.44444444444445,5.194444444444445,0.6666666666666666,0.05555555555555555,0.25,0.0,0.0,0.9430555555555555,21.472222222222225,3.888888888888889,1.9166666666666667,20.527777777777775,2.138888888888889,4.611111111111111,27.277777777777775,44.805555555555564,36.361111111111114,54.22222222222222,0.6944444444444443,38.361111111111114,4.305555555555556,2.138888888888889,37.02777777777778,2.611111111111111,5.166666666666667,0.4444444444444444,16.88888888888889,0.4166666666666667,0.2222222222222222,16.5,0.47222222222222215,0.5555555555555556,17.527777777777775,17.86111111111111,0.23076923076923078,0.3597513597513598,0.5471698113207548,0.09574468085106383,0.35188087774294663,0.7647058823529411,0.5,0.40618695359784807,0.4733796296296297,0.6399999999999999,0.44026068066618385,0.09677419354838723,0.8831168831168831,0.44561140285071277,0.18085106382978722,0.10752688172043023,0.39119652820830764,0.329405737704918
Dominick Reyes,Southpaw,No,No,Yes,Dominick Reyes,0.12666666666666665,0.04,0.06000000000000001,0.0,0.11011111111111112,8.706666666666667,6.3133333333333335,4.286666666666667,17.34,1.3066666666666666,0.6599999999999999,19.306666666666665,42.36666666666667,20.759999999999998,44.14,0.22000000000000003,29.360000000000003,8.166666666666668,4.84,39.913333333333334,1.4933333333333334,0.96,0.1,0.52,0.0,0.0,0.5306666666666666,9.1,4.613333333333333,5.2,17.546666666666667,0.9466666666666667,0.42000000000000004,18.913333333333334,32.806666666666665,20.306666666666665,34.42,2.04,20.846666666666668,5.866666666666666,6.093333333333334,30.7,1.3666666666666667,0.74,1.52,11.746666666666666,1.2533333333333334,0.8933333333333333,13.153333333333332,0.42000000000000004,0.31999999999999995,13.893333333333334,14.113333333333333,0.1818181818181818,0.29654859218891916,0.7730612244897959,0.008264462809917356,0.43444128946049776,0.8749999999999999,0.6874999999999999,0.4557041699449252,0.4703217036701404,0.7450980392156863,0.5634793732011514,0.21363636363636362,0.9146608315098468,0.4284473398479913,0.30731707317073176,0.43243243243243235,0.4234911603332655,0.4100329265930661
Michael Chandler,Orthodox,No,No,Yes,Michael Chandler,0.15,0.45,0.06666666666666667,0.06666666666666667,0.7949999999999999,11.950000000000001,5.116666666666666,1.55,14.383333333333333,0.5,3.733333333333333,18.616666666666667,41.75,21.96666666666667,46.4,1.3833333333333335,33.11666666666667,6.883333333333333,1.75,35.63333333333333,0.5,5.616666666666667,0.25,0.06666666666666667,0.3333333333333333,0.0,0.4183333333333333,14.15,1.0333333333333334,4.05,16.2,0.8833333333333333,2.15,19.233333333333334,31.53333333333333,24.0,37.75,0.13333333333333333,25.0,2.0166666666666666,4.516666666666667,27.116666666666664,0.9500000000000001,3.466666666666667,0.06666666666666667,10.85,0.9833333333333334,0.4666666666666666,10.916666666666666,0.06666666666666667,1.3166666666666667,12.299999999999999,13.75,0.32530120481927705,0.36084549572219426,0.7433414043583535,0.2571428571428572,0.4036482694106642,1.0,0.6646884272997031,0.44590818363273454,0.47341954022988514,0.5,0.43399999999999994,0.4876033057851239,0.985239852398524,0.4025814382298709,0.07017543859649134,0.3798076923076924,0.39006342494714585,0.36423841059602646
Frankie Edgar,Orthodox,Yes,No,Yes,Frankie Edgar,0.03166666666666666,0.7027272727272728,0.12121212121212122,0.03484848484848485,1.0040580808080808,12.441515151515151,3.4904545454545457,2.7007575757575757,13.358333333333334,1.3292424242424243,3.9451515151515153,18.632727272727273,46.80878787878788,25.372575757575756,54.39030303030303,2.3637878787878788,37.49287878787879,5.864090909090909,3.4518181818181817,39.262424242424245,2.142121212121212,5.404242424242424,0.07075757575757576,0.19666666666666666,0.12878787878787878,0.0,0.14608585858585857,10.440606060606061,2.0836363636363635,1.4843939393939394,12.439696969696971,0.8487878787878789,0.7201515151515152,14.008636363636365,41.156666666666666,16.75121212121212,44.13121212121212,0.6566666666666666,35.984848484848484,3.2706060606060605,1.9012121212121211,38.69318181818182,1.4196969696969697,1.0437878787878787,0.45999999999999996,25.544242424242423,1.186969696969697,0.4168181818181818,26.253484848484852,0.5709090909090909,0.3236363636363636,27.148030303030303,27.380000000000003,0.2972886353438882,0.33183675283791264,0.5952251763429192,0.2035817750855939,0.34023200531003506,0.6205262413354081,0.7300100930806325,0.3980604522590293,0.4664907960420752,0.700507614213198,0.709861052631579,0.3629204113777449,0.8965572202741473,0.6785041605482134,0.4021344717182497,0.3100595151691101,0.6596265563221099,0.6204225690605838
Julio Arce,Southpaw,No,No,No,Julio Arce,0.047619047619047616,0.14814814814814814,0.12169312169312169,0.0,0.3206349206349206,13.968253968253968,4.301587301587301,0.9365079365079366,17.80952380952381,1.0846560846560847,0.31216931216931215,19.206349206349206,55.195767195767196,23.402116402116402,60.53968253968254,0.49206349206349204,46.67724867724868,7.338624338624339,1.1798941798941798,52.86243386243387,1.8783068783068784,0.45502645502645506,0.15873015873015872,0.037037037037037035,0.0,0.037037037037037035,0.6099647266313933,7.0,3.920634920634921,3.587301587301587,11.83068783068783,1.634920634920635,1.0423280423280423,14.507936507936508,45.28042328042327,16.544973544973544,47.80952380952382,0.7724867724867724,33.4973544973545,6.788359788359789,4.994708994708994,40.68253968253968,2.693121693121693,1.9047619047619049,0.7354497354497354,26.497354497354497,2.8677248677248675,1.4074074074074074,28.85185185185185,1.0582010582010584,0.8624338624338623,30.772486772486772,31.264550264550266,0.3010752688172043,0.29925187032418954,0.5861571737563086,0.12556053811659193,0.3369032128916024,0.5774647887323944,0.6860465116279069,0.34796779141104295,0.38655829400454467,0.952054794520548,0.7910282735744748,0.42244738893219014,0.9925847457627118,0.709194953830147,0.392927308447937,0.45277777777777783,0.6795980369245149,0.6539397963700753
Silvana Gomez Juarez,Orthodox,No,No,No,Silvana Gomez Juarez,0.16666666666666666,0.0,0.0,0.0,0.15416666666666665,16.25,7.5,2.1666666666666665,24.5,0.8333333333333334,0.5833333333333334,25.916666666666668,83.5,26.5,84.75,0.0,71.33333333333333,9.5,2.6666666666666665,80.91666666666667,1.5833333333333333,1.0,0.0,0.5833333333333334,0.25,0.0,0.7124999999999999,18.333333333333332,4.416666666666667,2.25,23.75,1.25,0.0,25.0,67.08333333333333,27.166666666666668,70.5,0.8333333333333334,56.25,8.083333333333334,2.75,65.5,1.5833333333333333,0.0,0.25,37.916666666666664,3.6666666666666665,0.5,41.75,0.3333333333333333,0.0,42.083333333333336,43.333333333333336,,0.22780373831775702,0.7894736842105263,0.0,0.3027806385169928,0.5263157894736843,0.5833333333333334,0.3103792415169661,0.31268436578171094,0.29999999999999993,0.674074074074074,0.45360824742268047,0.7878787878787878,0.6374045801526718,0.21052631578947367,,0.6273291925465838,0.6146572104018913
Michael Trizano,Orthodox,No,No,No,Michael Trizano,0.14285714285714285,0.13333333333333333,0.1619047619047619,0.05555555555555555,0.5888624338624339,8.998412698412698,4.211111111111111,3.9079365079365083,14.147619047619047,1.9031746031746029,1.0666666666666667,17.117460317460317,31.987301587301587,24.184126984126987,39.46825396825397,0.19999999999999998,21.692063492063493,6.2253968253968255,4.0698412698412705,28.204761904761906,2.4063492063492062,1.376190476190476,0.16984126984126982,0.5015873015873016,0.05555555555555555,0.06666666666666667,1.2224603174603175,8.950793650793651,6.692063492063492,4.833333333333333,17.036507936507935,1.961904761904762,1.4777777777777779,20.476190476190478,40.993650793650794,27.450793650793646,48.38253968253969,1.7571428571428571,26.480952380952385,9.073015873015875,5.43968253968254,36.266666666666666,2.4095238095238094,2.3174603174603177,1.2555555555555555,17.53015873015873,2.380952380952381,0.6063492063492064,19.23015873015873,0.4476190476190476,0.8396825396825397,20.51746031746032,20.93174603174603,0.6666666666666667,0.4148251134201668,0.6764405915349312,0.03276131045241809,0.5016039169339861,0.7908970976253297,0.7750865051903115,0.5351329892814609,0.612748843756284,0.7145438121047878,0.6619912485763952,0.2624212736179147,0.9077910709074992,0.5302433473389356,0.18577075098814222,0.36232876712328765,0.500503368698211,0.43263016305239343
SeungWoo Choi,Orthodox,No,No,No,SeungWoo Choi,0.18055555555555555,0.2722222222222222,0.0,0.0,0.8326851851851852,10.125,3.994444444444444,1.5999999999999999,9.866666666666667,3.3027777777777776,2.5500000000000003,15.719444444444443,41.455555555555556,27.352777777777778,54.42777777777778,0.5694444444444444,33.425000000000004,5.836111111111111,2.194444444444444,32.61388888888889,4.9111111111111105,3.9305555555555554,0.18055555555555555,0.7222222222222222,0.25555555555555554,0.10833333333333334,1.3531944444444444,9.255555555555555,2.788888888888889,2.111111111111111,9.286111111111111,2.0638888888888887,2.8055555555555554,14.155555555555557,25.95555555555556,23.28611111111111,35.94166666666667,2.213888888888889,19.325,4.063888888888889,2.566666666666667,20.17222222222222,2.463888888888889,3.3194444444444446,1.4916666666666665,10.069444444444445,1.2750000000000001,0.45555555555555555,10.886111111111111,0.39999999999999997,0.5138888888888888,11.799999999999999,12.655555555555557,0.47804878048780486,0.3029169783096484,0.6844359828653022,0.12405063291139241,0.3025295971382336,0.6725113122171946,0.6487632508833924,0.3791878852854462,0.5025518015719098,0.6737766624843162,0.5210579272675004,0.3137388926862611,0.7186147186147187,0.5396584962820159,0.16234498308906442,0.15481171548117167,0.45462328767123295,0.35211376458768073
Carlos Candelario,Southpaw,No,No,No,Carlos Candelario,0.0,0.6666666666666666,0.3333333333333333,0.6666666666666666,1.0972222222222223,6.166666666666667,4.166666666666667,2.6666666666666665,12.666666666666666,0.3333333333333333,0.0,13.0,31.0,15.0,33.166666666666664,1.1666666666666667,21.833333333333332,6.166666666666667,3.0,30.666666666666668,0.3333333333333333,0.0,0.16666666666666666,0.16666666666666666,1.0,0.5,1.6555555555555557,19.666666666666668,5.0,4.666666666666667,13.333333333333334,0.6666666666666666,15.333333333333334,29.333333333333332,50.0,39.833333333333336,64.16666666666667,0.8333333333333334,39.166666666666664,6.166666666666667,4.666666666666667,29.0,0.8333333333333334,20.166666666666668,0.6666666666666666,19.5,1.1666666666666667,0.0,15.666666666666666,0.16666666666666666,4.833333333333333,20.666666666666668,24.333333333333332,0.5714285714285714,0.2824427480916031,0.6756756756756757,0.2222222222222222,0.4130434782608695,1.0,,0.41935483870967744,0.45226130653266333,0.8,0.49787234042553186,0.18918918918918926,0.9642857142857143,0.5402298850574713,0.20000000000000007,0.23966942148760328,0.41333333333333333,0.37922077922077924
Darrick Minner,Orthodox,No,No,No,Darrick Minner,0.08333333333333333,0.6111111111111112,0.5555555555555556,0.2222222222222222,2.1273148148148144,5.111111111111111,1.9444444444444444,1.027777777777778,3.8611111111111107,1.4722222222222223,2.75,8.083333333333334,11.75,18.694444444444443,23.222222222222218,0.6666666666666666,8.388888888888888,2.055555555555556,1.3055555555555556,6.4444444444444455,1.75,3.555555555555556,0.05555555555555555,0.19444444444444442,1.0555555555555556,0.4166666666666667,1.3407407407407408,6.916666666666667,2.805555555555556,0.1111111111111111,1.472222222222222,0.16666666666666666,8.194444444444445,9.833333333333334,14.166666666666666,36.77777777777778,42.55555555555555,0.6944444444444445,11.083333333333334,2.8611111111111107,0.2222222222222222,3.5,0.2777777777777778,10.38888888888889,0.5,4.166666666666667,0.05555555555555555,0.1111111111111111,2.027777777777778,0.1111111111111111,2.1944444444444446,4.333333333333333,5.777777777777778,0.9166666666666667,0.609271523178808,0.9459459459459458,0.46808510638297873,0.5991379310344827,0.8412698412698413,0.7734375,0.6879432624113476,0.8050239234449762,0.7200000000000001,0.37593984962406013,0.01941747572815511,0.1250000000000001,0.5793650793650794,0.4,0.21122994652406413,0.3058823529411764,0.13577023498694507
Liudvik Sholinian,Orthodox,No,No,No,Liudvik Sholinian,0.0,0.0,0.0,0.0,0.48888888888888893,9.166666666666666,3.0,0.3333333333333333,10.333333333333334,1.5,0.6666666666666666,12.5,40.666666666666664,17.166666666666668,45.666666666666664,1.0,37.0,3.3333333333333335,0.3333333333333333,38.5,1.5,0.6666666666666666,0.0,0.6666666666666666,0.16666666666666666,0.0,1.1861111111111111,19.0,4.5,4.833333333333333,25.333333333333332,1.8333333333333333,1.1666666666666667,28.333333333333332,63.666666666666664,36.333333333333336,73.0,2.0,52.0,5.666666666666667,6.0,59.833333333333336,2.5,1.3333333333333333,1.3333333333333333,33.0,1.1666666666666667,1.1666666666666667,34.5,0.6666666666666666,0.16666666666666666,35.333333333333336,36.666666666666664,0.0,0.24774774774774774,0.8999999999999999,0.0,0.2683982683982684,1.0,1.0,0.3073770491803279,0.37591240875912413,0.6666666666666667,0.6346153846153846,0.20588235294117652,0.8888888888888888,0.5766016713091922,0.2666666666666667,0.12499999999999989,0.5549738219895288,0.502283105022831
Benito Lopez,Switch,No,No,No,Benito Lopez,0.08333333333333333,0.0,0.08333333333333333,0.0,0.15555555555555553,10.0,3.8333333333333335,7.916666666666667,20.416666666666668,1.0,0.3333333333333333,21.75,51.0,22.166666666666668,51.416666666666664,0.0,32.0,8.5,10.5,48.833333333333336,1.8333333333333333,0.3333333333333333,0.08333333333333333,0.16666666666666666,0.3333333333333333,0.0,0.6375000000000001,14.916666666666666,5.0,5.416666666666667,22.5,1.0,1.8333333333333333,25.333333333333332,58.333333333333336,29.166666666666668,64.25,0.25,44.833333333333336,6.916666666666667,6.583333333333333,53.5,2.5,2.3333333333333335,0.08333333333333333,29.916666666666668,1.9166666666666667,1.1666666666666667,31.0,1.5,0.5,33.0,35.083333333333336,,0.3125,0.45098039215686275,0.0,0.4180887372013652,0.5454545454545455,1.0,0.4264705882352941,0.4311183144246354,0.33333333333333337,0.6672862453531598,0.27710843373493976,0.9746835443037974,0.5794392523364487,0.6,0.2142857142857144,0.5657142857142857,0.5460440985732815
Shanna Young,Orthodox,No,No,No,Shanna Young,0.0,0.0,0.16666666666666666,0.08333333333333333,0.14166666666666664,8.166666666666666,3.1666666666666665,0.9166666666666666,9.583333333333334,1.5,1.1666666666666667,12.25,26.833333333333332,14.5,29.5,0.08333333333333333,21.166666666666668,4.666666666666667,1.0,23.416666666666668,1.5833333333333333,1.8333333333333333,0.0,1.1666666666666667,0.16666666666666666,0.0,2.6083333333333334,12.916666666666666,6.75,1.75,10.166666666666666,4.666666666666667,6.583333333333333,21.416666666666668,37.583333333333336,46.75,69.25,2.4166666666666665,27.916666666666668,7.833333333333333,1.8333333333333333,20.666666666666668,6.333333333333333,10.583333333333334,1.25,15.0,1.0833333333333333,0.08333333333333333,10.5,1.6666666666666667,4.0,16.166666666666668,22.5,0.0,0.38582677165354323,0.6785714285714285,0.0,0.4092526690391459,0.9473684210526316,0.6363636363636365,0.4565217391304348,0.4915254237288136,0.5172413793103448,0.5373134328358209,0.13829787234042545,0.36363636363636354,0.5080645161290323,0.26315789473684204,0.3779527559055119,0.43015521064301554,0.3249097472924187
Ramona Pascual,,No,No,No,Ramona Pascual,0.0,0.611111111111111,0.0,0.0,0.7425925925925926,7.277777777777778,5.888888888888888,4.277777777777778,13.388888888888891,3.6111111111111107,0.4444444444444444,17.444444444444443,31.333333333333332,21.055555555555557,35.55555555555555,3.2777777777777772,19.944444444444443,6.833333333333333,4.555555555555556,26.38888888888889,4.222222222222222,0.7222222222222222,0.38888888888888884,0.0,0.0,0.0,0.33055555555555555,16.833333333333332,11.166666666666666,13.333333333333334,35.72222222222222,4.444444444444444,1.1666666666666667,41.333333333333336,75.94444444444444,46.5,81.5,0.5,44.94444444444445,16.055555555555554,14.944444444444445,67.88888888888889,6.111111111111111,1.9444444444444444,0.5,28.11111111111111,4.888888888888889,1.611111111111111,32.166666666666664,1.6666666666666667,0.7777777777777777,34.611111111111114,35.0,0.1864406779661017,0.36490250696378834,0.8617886178861788,0.1341463414634146,0.5073684210526317,0.8552631578947367,0.6153846153846153,0.5567375886524822,0.5921875000000001,1.0,0.6254635352286775,0.3044982698961938,1.0,0.4738134206219312,0.2727272727272728,0.3999999999999999,0.45574250182882214,0.42944785276073616
Calvin Kattar,Orthodox,No,No,No,Calvin Kattar,0.12833333333333333,0.095,0.016666666666666666,0.016666666666666666,0.12499999999999997,20.931666666666665,3.3233333333333333,2.1016666666666666,24.688333333333333,0.3283333333333333,1.34,26.356666666666666,66.12333333333333,28.093333333333334,67.97666666666666,0.43,58.44166666666668,5.333333333333334,2.3483333333333336,63.29666666666667,0.585,2.2416666666666667,0.0,0.041666666666666664,0.0,0.016666666666666666,0.06330555555555555,21.84,8.746666666666666,5.58,35.58833333333333,0.5366666666666666,0.041666666666666664,36.166666666666664,77.44333333333333,36.485,77.80333333333333,0.7816666666666666,59.158333333333324,11.803333333333333,6.4816666666666665,76.46000000000001,0.875,0.10833333333333335,0.74,37.318333333333335,3.0566666666666666,0.9016666666666666,40.87166666666667,0.3383333333333333,0.06666666666666667,41.276666666666664,41.318333333333335,0.22093023255813954,0.3581634108084984,0.6231249999999999,0.04045422285308729,0.39004160303333507,0.5612535612535613,0.5977695167286246,0.3985985784140747,0.41327906634629535,0.9466950959488273,0.630821242428511,0.25896639367410335,0.9935716122396503,0.5345496555933387,0.3866666666666667,0.6153846153846154,0.5329918650195842,0.5310612227410993
Joshua Weems,Orthodox,No,No,No,Joshua Weems,0.0,2.0,0.0,0.0,1.05,9.0,6.0,3.0,12.0,6.0,0.0,18.0,26.0,22.0,32.0,3.0,15.0,7.0,4.0,19.0,7.0,0.0,0.0,0.0,1.0,0.0,0.9333333333333332,8.0,0.0,1.0,8.0,0.0,1.0,9.0,23.0,15.0,30.0,2.0,21.0,0.0,2.0,21.0,1.0,1.0,2.0,13.0,0.0,1.0,13.0,1.0,0.0,14.0,15.0,0.6666666666666666,0.6,0.8571428571428571,0.5,0.631578947368421,0.8571428571428571,,0.6923076923076923,0.6875,1.0,0.6190476190476191,,1.0,0.6190476190476191,1.0,0.0,0.6086956521739131,0.5
Carlos Mota,,No,No,No,Carlos Mota,0.0,0.0,0.3333333333333333,0.3333333333333333,0.061111111111111095,2.0,1.6666666666666667,0.3333333333333333,2.3333333333333335,0.0,1.6666666666666667,4.0,9.666666666666666,12.0,20.666666666666668,0.0,6.333333333333333,3.0,0.3333333333333333,7.333333333333333,0.0,2.3333333333333335,0.0,1.3333333333333333,0.0,0.0,4.177777777777778,4.333333333333333,1.0,0.3333333333333333,2.3333333333333335,0.0,3.3333333333333335,5.666666666666667,12.333333333333334,17.0,31.666666666666668,2.6666666666666665,11.0,1.0,0.3333333333333333,6.666666666666667,0.0,5.666666666666667,1.3333333333333333,6.666666666666667,0.0,0.0,4.333333333333333,0.0,2.3333333333333335,6.666666666666667,14.666666666666666,,0.31578947368421056,0.5555555555555556,0.0,0.31818181818181823,,0.7142857142857143,0.4137931034482759,0.5806451612903225,0.5,0.6060606060606061,0.0,-3.0,0.6499999999999999,,0.4117647058823529,0.5405405405405406,0.4631578947368421
Junyong Park,Orthodox,No,No,No,Junyong Park,0.0,0.7619047619047619,0.2261904761904762,0.047619047619047616,1.5494047619047617,19.833333333333332,2.011904761904762,1.9166666666666667,19.071428571428573,2.3095238095238098,2.380952380952381,23.76190476190476,47.166666666666664,40.654761904761905,69.29761904761905,1.3214285714285714,42.857142857142854,2.297619047619048,2.011904761904762,40.76190476190476,3.035714285714286,3.369047619047619,0.0,0.5714285714285715,0.047619047619047616,0.09523809523809523,0.6904761904761904,10.738095238095239,4.333333333333333,2.6666666666666665,15.79761904761905,1.1785714285714286,0.7619047619047619,17.738095238095237,39.345238095238095,20.547619047619047,42.89285714285714,2.4166666666666665,29.797619047619047,5.738095238095238,3.8095238095238098,36.738095238095234,1.7023809523809526,0.9047619047619048,1.8452380952380951,19.05952380952381,1.4047619047619049,1.142857142857143,20.94047619047619,0.5238095238095238,0.14285714285714285,21.607142857142858,22.34523809523809,0.5765765765765766,0.4627777777777778,0.8756476683937823,0.378698224852071,0.467873831775701,0.7607843137254902,0.7067137809187279,0.5037859666834932,0.5866689572238447,0.7635467980295566,0.639632441070715,0.24481327800829877,0.85,0.5699935191186001,0.3076923076923077,0.1578947368421053,0.5491679273827534,0.520954759922287
Tresean Gore,Switch,No,No,No,Tresean Gore,0.0,0.8888888888888888,0.3333333333333333,0.0,0.5972222222222222,7.333333333333333,3.1666666666666665,2.7777777777777772,9.666666666666666,2.9444444444444446,0.6666666666666666,13.277777777777779,24.722222222222225,19.72222222222222,31.833333333333332,1.3333333333333333,17.5,3.8888888888888893,3.3333333333333335,20.333333333333332,3.7222222222222228,0.6666666666666666,0.1111111111111111,0.27777777777777773,0.0,0.0,1.0944444444444443,12.166666666666666,10.833333333333334,3.055555555555556,23.277777777777775,2.555555555555556,0.2222222222222222,26.055555555555557,49.388888888888886,29.444444444444443,54.0,2.222222222222222,32.833333333333336,13.5,3.055555555555556,45.611111111111114,3.3333333333333335,0.4444444444444444,1.9444444444444446,20.666666666666668,2.6666666666666665,0.0,22.333333333333332,0.7777777777777777,0.2222222222222222,23.333333333333332,24.555555555555557,0.6666666666666666,0.41904761904761906,0.8142857142857142,0.26666666666666666,0.47540983606557374,0.7910447761194029,1.0,0.5370786516853933,0.6195462478184991,0.875,0.6294416243654823,0.19753086419753085,0.9090909090909092,0.4896467722289891,0.23333333333333328,0.5,0.4724409448818897,0.4547325102880658
Jared Vanderaa,Orthodox,No,No,No,Jared Vanderaa,0.0,0.0,0.0,0.0,0.25105820105820104,12.90079365079365,5.488095238095238,6.186507936507937,21.603174603174605,2.638888888888889,0.3333333333333333,24.575396825396826,54.71825396825397,29.48015873015873,60.18253968253968,0.05555555555555555,41.242063492063494,6.861111111111111,6.615079365079365,50.54365079365079,3.7460317460317456,0.4285714285714286,0.08333333333333333,0.3968253968253968,0.047619047619047616,0.047619047619047616,0.8345899470899472,18.38888888888889,7.285714285714286,2.3412698412698414,22.416666666666668,0.7341269841269842,4.865079365079365,28.015873015873016,51.68253968253968,32.58730158730159,56.785714285714285,0.5,39.78968253968254,9.023809523809524,2.869047619047619,44.67460317460317,0.8452380952380952,6.162698412698414,0.10317460317460318,21.40079365079365,1.7380952380952381,0.5277777777777778,22.257936507936506,0.1111111111111111,1.2976190476190477,23.666666666666668,24.1984126984127,0.0,0.31280669681516404,0.7998843262001157,0.0,0.4274161890555076,0.704449152542373,0.7777777777777777,0.44912611501921823,0.4898457075036266,0.2063492063492064,0.5378478109105416,0.19261213720316628,0.8616874135546335,0.49822348552140694,0.13145539906103276,0.21056020605280124,0.4579238329238329,0.4261355695317959
Gadzhi Omargadzhiev,Switch,No,No,No,Gadzhi Omargadzhiev,0.0,0.3333333333333333,0.0,0.0,0.24999999999999997,4.666666666666667,3.0,0.6666666666666666,5.5,2.3333333333333335,0.5,8.333333333333334,22.833333333333332,23.333333333333332,38.666666666666664,1.5,16.166666666666668,5.666666666666667,1.0,19.166666666666668,2.6666666666666665,1.0,0.0,0.3333333333333333,0.0,0.16666666666666666,3.016666666666667,8.666666666666666,1.5,1.6666666666666667,7.833333333333333,0.6666666666666666,3.3333333333333335,11.833333333333334,19.333333333333332,23.166666666666668,31.666666666666668,0.8333333333333334,15.0,2.6666666666666665,1.6666666666666667,14.5,0.8333333333333334,4.0,0.5,6.333333333333333,1.1666666666666667,0.0,6.666666666666667,0.16666666666666666,0.6666666666666666,7.5,8.5,0.2222222222222222,0.28865979381443296,0.5294117647058824,0.3333333333333333,0.28695652173913044,0.8750000000000001,0.5,0.3649635036496351,0.603448275862069,0.6000000000000001,0.4222222222222223,0.4375,0.8,0.45977011494252873,0.20000000000000007,0.16666666666666663,0.38793103448275856,0.2684210526315789
TJ Dillashaw,Orthodox,Yes,No,Yes,TJ Dillashaw,0.1905982905982906,0.3880341880341881,0.15965811965811966,0.0,0.976148148148148,16.382991452991455,3.437948717948718,4.519230769230769,19.286410256410257,1.8421367521367522,3.2116239316239317,24.340170940170943,58.63888888888889,31.55162393162393,66.98897435897436,1.465128205128205,48.15358974358975,4.973076923076922,5.512222222222222,51.41606837606838,2.915811965811966,4.3070085470085475,0.03333333333333333,0.13709401709401708,0.072991452991453,0.0,0.11557834757834758,12.237350427350426,2.4783760683760683,1.444017094017094,14.206153846153848,0.8599145299145299,1.0936752136752137,16.15974358974359,43.247692307692304,19.354957264957267,46.79846153846154,0.8103418803418803,36.9982905982906,4.335811965811966,1.9135897435897438,40.46042735042735,1.474102564102564,1.313162393162393,0.6732478632478632,24.76094017094017,1.8574358974358975,0.4695726495726496,26.254273504273506,0.6141880341880342,0.2194871794871795,27.087948717948716,27.44350427350427,0.2648465756621165,0.34022367886232974,0.6913121938643981,0.07039523669235422,0.3751047263152295,0.6317748790854463,0.7456739164946816,0.4150858142331378,0.4709972683347559,0.8308195338044511,0.669245518388468,0.42839401525754506,0.9283576756442896,0.6488876965358152,0.4166521713921262,0.16714397292371763,0.6263443729026597,0.586418941378013
Katlyn Chookagian,Orthodox,No,No,Yes,Katlyn Chookagian,0.022222222222222223,0.0861111111111111,0.10555555555555556,0.0,0.3488194444444444,13.818055555555555,5.391666666666667,3.415277777777778,19.990277777777777,1.3680555555555554,1.2666666666666666,22.625,65.44027777777778,29.252777777777776,72.50416666666666,0.5638888888888889,52.21111111111111,8.908333333333333,4.320833333333334,61.86805555555555,2.0638888888888887,1.5083333333333335,0.020833333333333332,0.4791666666666667,0.022222222222222223,0.0,0.7387731481481481,10.993055555555555,3.658333333333333,7.015277777777778,19.53333333333333,1.3513888888888888,0.7819444444444444,21.666666666666668,59.09722222222222,27.52638888888889,65.59444444444445,1.05,43.82083333333333,6.597222222222221,8.679166666666667,56.19861111111111,1.9625000000000001,0.936111111111111,0.5708333333333333,32.827777777777776,2.9388888888888887,1.663888888888889,36.66527777777778,0.6111111111111112,0.15416666666666667,37.43055555555555,38.06805555555555,0.1527093596059113,0.2646573739093424,0.6052385406922357,0.019929283188685306,0.3231114603210237,0.6628532974427994,0.8397790055248617,0.3457350850011673,0.40346340248644713,0.5436507936507937,0.7491363189756268,0.44547368421052624,0.9447911665866539,0.6524232014432939,0.3113941967445153,0.16468842729970312,0.6333725029377203,0.5803548742271534
Brandon Davis,Orthodox,No,No,No,Brandon Davis,0.0,0.28703703703703703,0.041666666666666664,0.0,0.32878086419753083,11.305555555555555,3.1435185185185186,4.842592592592593,17.03240740740741,1.2268518518518519,1.0324074074074074,19.291666666666668,50.43981481481482,23.47685185185185,55.245370370370374,0.6527777777777778,39.254629629629626,5.0092592592592595,6.1759259259259265,47.23611111111111,1.5555555555555556,1.6481481481481481,0.1574074074074074,1.087962962962963,0.08333333333333333,0.037037037037037035,1.1492283950617284,14.453703703703704,2.7916666666666665,2.435185185185185,16.0,1.1944444444444444,2.486111111111111,19.680555555555554,47.97222222222223,26.324074074074076,56.050925925925924,2.6481481481481484,40.125,4.717592592592593,3.1296296296296298,42.375,2.2268518518518516,3.3703703703703702,1.5601851851851851,25.671296296296294,1.9259259259259263,0.6944444444444445,26.375,1.0324074074074074,0.8842592592592592,28.291666666666668,29.72685185185185,0.43971631205673756,0.2880056610449346,0.6275415896487985,0.0464767616191904,0.3605802215034794,0.7886904761904762,0.6264044943820225,0.3824690224873795,0.42495600435766356,0.5891608391608392,0.6397830852659513,0.408243375858685,0.6523668639053255,0.6224188790560472,0.4636174636174636,0.2623626373626373,0.5897510133178924,0.5303543404641942
Mike Jackson,Orthodox,No,No,No,Mike Jackson,0.0,0.3333333333333333,0.0,0.0,2.2486111111111113,17.0,2.0833333333333335,0.3333333333333333,9.916666666666666,3.5,6.0,19.416666666666668,32.333333333333336,38.416666666666664,52.666666666666664,0.5,28.916666666666668,2.6666666666666665,0.75,19.75,3.9166666666666665,8.666666666666666,0.25,0.08333333333333333,0.08333333333333333,0.3333333333333333,0.4958333333333333,5.583333333333333,2.5833333333333335,0.4166666666666667,5.416666666666667,2.25,0.9166666666666666,8.583333333333334,27.333333333333332,20.333333333333332,42.666666666666664,1.75,22.75,3.9166666666666665,0.6666666666666666,22.5,3.3333333333333335,1.5,1.6666666666666667,17.166666666666668,1.3333333333333333,0.25,17.083333333333332,1.0833333333333333,0.5833333333333334,18.75,22.333333333333332,0.6666666666666666,0.5878962536023055,0.7812500000000001,0.4444444444444444,0.5021097046413502,0.8936170212765958,0.6923076923076924,0.6005154639175257,0.7294303797468354,0.9523809523809523,0.7545787545787546,0.34042553191489355,0.875,0.7592592592592593,0.32500000000000007,0.38888888888888895,0.6859756097560975,0.5234375
Misha Cirkunov,Orthodox,No,No,No,Misha Cirkunov,0.0,1.3974358974358976,0.3782051282051282,0.07692307692307693,1.0129273504273504,6.269230769230769,2.66025641025641,2.2243589743589745,6.801282051282051,2.0256410256410255,2.326923076923077,11.153846153846153,22.59615384615385,19.288461538461537,31.961538461538463,3.0,16.435897435897434,3.8269230769230766,2.3333333333333335,17.128205128205128,2.9615384615384617,2.5064102564102564,0.10256410256410257,0.21794871794871795,0.1346153846153846,0.025641025641025644,0.30277777777777776,6.211538461538463,2.1153846153846154,1.653846153846154,7.0576923076923075,1.7179487179487178,1.205128205128205,9.980769230769232,24.65384615384615,12.967948717948717,28.538461538461537,0.673076923076923,19.794871794871796,2.9743589743589745,1.8846153846153844,20.762820512820515,2.198717948717949,1.6923076923076923,0.4551282051282051,13.583333333333334,0.8589743589743589,0.23076923076923075,13.705128205128204,0.4807692307692308,0.48717948717948717,14.673076923076925,15.57051282051282,0.4658119658119659,0.38143525741029644,0.695142378559464,0.5989010989010989,0.3970808383233533,0.6839826839826839,0.9283887468030692,0.4936170212765956,0.6034897713598074,0.6761904761904762,0.6862046632124352,0.2887931034482759,0.8843537414965986,0.6600802716887928,0.21865889212828005,0.28787878787878796,0.595163806552262,0.5455974842767295
Nick Maximov,Southpaw,No,No,No,Nick Maximov,0.0,1.5277777777777777,0.08333333333333333,0.3333333333333333,1.8976851851851853,6.027777777777779,1.25,0.638888888888889,5.805555555555556,1.388888888888889,0.7222222222222223,7.916666666666667,18.833333333333332,20.555555555555557,35.52777777777778,3.1111111111111107,16.416666666666668,1.611111111111111,0.8055555555555557,15.833333333333334,1.5833333333333333,1.4166666666666667,0.0,0.861111111111111,0.16666666666666666,0.0,1.2101851851851853,12.777777777777777,2.4722222222222223,0.47222222222222215,9.722222222222221,1.0555555555555556,4.944444444444445,15.722222222222221,28.61111111111111,27.083333333333332,41.13888888888889,1.361111111111111,25.277777777777775,2.777777777777778,0.5555555555555555,21.86111111111111,1.5833333333333333,5.166666666666667,0.5,12.5,0.3055555555555555,0.08333333333333333,12.138888888888888,0.5277777777777778,0.2222222222222222,12.888888888888888,14.055555555555555,0.4910714285714286,0.36717428087986465,0.7758620689655173,1.8965517241379306,0.3666666666666667,0.8771929824561405,0.5098039215686275,0.420353982300885,0.5785770132916341,0.36734693877551017,0.4945054945054945,0.1100000000000001,-0.55,0.5552731893265566,0.33333333333333326,0.043010752688172005,0.45048543689320386,0.3416610398379474
Randy Costa,Switch,No,No,No,Randy Costa,0.25,0.0,0.0,0.0,0.39166666666666666,14.666666666666666,2.75,0.3333333333333333,15.833333333333332,1.5,0.4166666666666667,17.75,38.0,18.25,38.5,0.16666666666666666,34.166666666666664,3.5,0.3333333333333333,35.583333333333336,1.6666666666666665,0.75,0.16666666666666666,0.08333333333333333,0.25,0.0,0.6277777777777778,11.666666666666666,7.5,4.666666666666666,14.583333333333334,4.416666666666667,4.833333333333333,23.833333333333336,54.75,31.25,62.5,0.16666666666666666,37.66666666666667,11.833333333333332,5.25,41.58333333333333,5.5,7.666666666666667,0.08333333333333333,26.0,4.333333333333333,0.5833333333333333,27.0,1.0833333333333333,2.8333333333333335,30.916666666666668,31.25,0.0,0.4292682926829268,0.7857142857142857,0.0,0.44496487119437933,0.9000000000000001,0.5555555555555556,0.46710526315789475,0.474025974025974,0.5,0.6902654867256638,0.3661971830985915,0.9841269841269842,0.6492985971943888,0.1969696969696969,0.36956521739130443,0.5646879756468797,0.5
Aleksei Oleinik,Orthodox,No,No,No,Aleksei Oleinik,0.0392156862745098,0.4044117647058824,0.4264705882352941,0.1642156862745098,1.204125816993464,7.897058823529412,2.7156862745098036,1.7573529411764703,9.095588235294118,2.4411764705882355,0.8333333333333334,12.370098039215685,25.90686274509804,27.779411764705884,42.42401960784314,0.8480392156862745,20.59313725490196,3.105392156862745,2.2083333333333335,21.183823529411764,3.5,1.2230392156862744,0.12009803921568628,0.6372549019607843,0.08333333333333333,0.22794117647058823,1.4389297385620914,11.818627450980392,1.9656862745098038,0.7279411764705882,8.316176470588236,2.593137254901961,3.6029411764705883,14.512254901960786,25.112745098039216,24.379901960784313,35.495098039215684,1.0490196078431373,21.85049019607843,2.514705882352941,0.7475490196078431,17.389705882352942,3.5098039215686274,4.213235294117648,0.411764705882353,10.031862745098039,0.5490196078431372,0.0196078431372549,9.073529411764705,0.9166666666666666,0.6102941176470589,10.60049019607843,11.115196078431373,0.4768786127167631,0.38348012378005236,0.8745067087608522,0.18312985571587126,0.42936480388753906,0.6974789915966387,0.6813627254509019,0.47748344370860923,0.6548038592639667,0.39252336448598135,0.4591138530566461,0.21832358674463936,0.14754098360655743,0.5217758985200847,0.2611731843575419,0.14485165794066324,0.4221159476869022,0.31314735533766047
Jesse Ronson,Southpaw,No,No,No,Jesse Ronson,0.05555555555555555,0.2222222222222222,0.12222222222222223,0.0,0.21166666666666667,8.544444444444444,3.8111111111111113,4.2444444444444445,14.233333333333333,1.0888888888888888,1.2777777777777777,16.599999999999998,34.88888888888889,17.644444444444442,36.111111111111114,0.5777777777777778,24.400000000000002,5.722222222222221,4.766666666666667,31.322222222222223,1.9000000000000001,1.6666666666666667,0.06666666666666667,1.0222222222222221,0.06666666666666667,0.1111111111111111,1.6568518518518516,9.955555555555556,3.8333333333333335,2.1444444444444444,11.71111111111111,1.377777777777778,2.8444444444444446,15.933333333333332,37.06666666666667,22.688888888888886,44.82222222222222,2.6,29.855555555555554,4.833333333333333,2.3777777777777778,31.444444444444443,2.2444444444444445,3.3777777777777778,1.5777777777777777,19.900000000000002,1.0,0.2333333333333333,19.733333333333334,0.8666666666666666,0.5333333333333333,21.133333333333333,22.133333333333336,0.3846153846153846,0.3501821493624772,0.6660194174757282,0.04662004662004662,0.4544164597374955,0.5730994152046782,0.7666666666666666,0.47579617834394894,0.4886153846153845,0.6068376068376069,0.6665426125790845,0.2068965517241379,0.5700934579439252,0.6275618374558304,0.38613861386138604,0.1578947368421052,0.5701438848920863,0.49380267724343085
Krzysztof Jotko,Southpaw,No,No,No,Krzysztof Jotko,0.0392156862745098,0.43469079939668176,0.0196078431372549,0.08707893413775768,1.092069716775599,9.335042735042736,3.1323278029160377,1.7689291101055806,7.897838109602816,3.824333836098542,2.5141277023629964,14.236299648064355,33.72317747611865,28.150930115635997,49.24876822523881,1.087179487179487,27.223730517848168,4.548818501759679,1.9506284565108094,25.29532428355958,5.107591754650578,3.320261437908497,0.04786324786324786,0.3415786827551533,0.10668677727501258,0.06143790849673203,1.0425439919557566,5.199296128707894,2.8860734037204625,2.679738562091503,7.772549019607843,2.2265460030165913,0.7660130718954248,10.76510809451986,25.113826043237808,16.191251885369535,31.230065359477123,1.8590246354952236,17.867269984917044,4.310507792860734,2.9360482654600304,20.979788838612368,3.058924082453494,1.0751131221719457,1.5174459527400703,12.66797385620915,1.4244343891402715,0.25630970336852693,13.207239819004526,0.832378079436903,0.3091000502765209,14.348717948717947,15.038813474107592,0.39983351831298564,0.3429009381694615,0.6886025023210574,0.22284653848136504,0.3122252168451515,0.7487547987006596,0.7572077528770441,0.4221517873915028,0.5716067859177303,0.8162591951536131,0.7090044459451854,0.33045628440794994,0.8836603993287442,0.6295220567090355,0.27211465763781595,0.28750467639356525,0.5713473496238344,0.48154921550760976
Mike Davis,Orthodox,No,No,No,Mike Davis,0.2222222222222222,1.222222222222222,0.08333333333333333,0.0,1.0004629629629629,18.38888888888889,7.833333333333333,3.0277777777777772,21.277777777777775,2.444444444444444,5.527777777777778,29.25,54.583333333333336,33.416666666666664,59.25,1.9166666666666667,39.72222222222222,11.027777777777779,3.8333333333333335,43.611111111111114,3.111111111111111,7.861111111111111,0.0,0.3333333333333333,0.08333333333333333,0.08333333333333333,0.5541666666666666,17.5,4.722222222222222,6.527777777777778,24.944444444444443,2.138888888888889,1.6666666666666667,28.75,68.91666666666667,35.02777777777778,75.55555555555556,1.0833333333333333,54.916666666666664,6.861111111111112,7.138888888888889,62.666666666666664,3.555555555555556,2.6944444444444446,0.75,37.416666666666664,2.138888888888889,0.611111111111111,37.72222222222222,1.4166666666666667,1.027777777777778,40.166666666666664,40.52777777777778,0.6376811594202898,0.46293706293706294,0.7103274559193954,0.3188405797101449,0.4878980891719744,0.7857142857142856,0.7031802120141343,0.5358778625954198,0.5639943741209563,0.6923076923076923,0.6813353566009104,0.31174089068825916,0.953307392996109,0.6019503546099291,0.3984375000000001,0.38144329896907214,0.5828295042321645,0.5363970588235294
Francisco Trinaldo,Southpaw,No,No,No,Francisco Trinaldo,0.07217039253652525,0.3042598134131315,0.14938684503901897,0.04180602006688963,0.9534085352735238,9.223874904652936,3.9968902188581823,1.6882884468696826,10.388722642727219,2.4605409845684445,2.059789943085138,14.9090535703808,32.99885583524028,20.033151440474096,38.869623892507185,0.7227894150090947,25.66206067006982,5.412779440239394,1.924015724931057,26.5024643548671,3.50507539752391,2.991316082849264,0.06744704570791528,0.4324062665023763,0.08666314615971367,0.043184885290148446,0.8086628919008781,6.528281405855776,3.666167928181658,2.4425570615501964,10.010297482837528,1.4475444464002816,1.179164466349821,12.637006395587632,32.22692601067887,18.90952297130787,39.599777034559644,1.040485829959514,23.556709499501263,5.734201725048408,2.9360147861292027,28.49031860587925,1.9402100569148626,1.796397347884762,0.6080795634571379,17.028428093645484,2.068033796866749,0.4934577245790061,18.48002112304172,0.4926656105145808,0.617232881534941,19.58991961509124,20.690254063251775,0.4209522263262573,0.359436251953489,0.7384173441734418,0.1581379036930865,0.3919908165377594,0.7019937392235968,0.6885898668131264,0.45180516696760925,0.5153934984263083,0.5844188800541363,0.7228695541712228,0.36064894400785863,0.8527234029797056,0.6486421362528461,0.25392385157407693,0.3435948523647765,0.6078742852669172,0.5224841050290487
Alen Amedovski,Orthodox,No,No,No,Alen Amedovski,0.0,0.0,0.0,0.08333333333333333,0.01805555555555555,1.5833333333333333,0.16666666666666666,0.4166666666666667,1.9166666666666667,0.0,0.25,2.1666666666666665,6.75,2.1666666666666665,6.75,0.0,5.75,0.4166666666666667,0.5833333333333334,6.333333333333333,0.0,0.4166666666666667,0.25,0.9166666666666666,0.08333333333333333,0.0,2.636111111111111,12.333333333333334,1.4166666666666667,0.5,3.25,0.08333333333333333,10.916666666666666,14.25,24.333333333333332,35.916666666666664,50.0,0.9166666666666666,20.916666666666668,2.5,0.9166666666666666,10.166666666666666,0.08333333333333333,14.083333333333334,0.0,8.583333333333334,1.0833333333333333,0.4166666666666667,6.916666666666667,0.0,3.1666666666666665,10.083333333333334,14.083333333333334,,0.2753623188405797,0.39999999999999997,0.0,0.3026315789473685,,0.6,0.32098765432098764,0.32098765432098764,0.0,0.41035856573705176,0.43333333333333335,0.0,0.680327868852459,0.0,0.2248520710059172,0.4143835616438356,0.28166666666666673
Mariya Agapova,Southpaw,No,No,No,Mariya Agapova,0.39999999999999997,0.15,0.4666666666666666,0.06666666666666667,0.35472222222222216,10.516666666666667,5.283333333333333,1.0333333333333334,12.4,2.1,2.3333333333333335,16.833333333333332,30.133333333333336,27.71666666666667,42.11666666666667,0.15,22.016666666666666,6.8,1.3166666666666667,24.766666666666666,2.6333333333333333,2.733333333333333,0.0,0.5,0.3,0.08333333333333333,1.1263888888888889,6.933333333333334,2.3666666666666667,2.15,7.533333333333334,1.0833333333333333,2.8333333333333335,11.450000000000001,25.133333333333336,15.200000000000001,30.71666666666667,0.9666666666666667,17.883333333333333,3.8333333333333335,3.4166666666666665,19.883333333333333,1.4166666666666667,3.8333333333333335,0.4666666666666666,10.950000000000001,1.4666666666666668,1.2666666666666666,12.35,0.3333333333333333,1.0,13.683333333333332,15.516666666666666,1.0,0.4776684330052991,0.7769607843137255,0.11392405063291139,0.5006729475100943,0.7974683544303798,0.8536585365853661,0.5586283185840707,0.6580925999208548,0.48275862068965514,0.6123019571295434,0.3826086956521739,0.8536585365853658,0.6211232187761944,0.23529411764705888,0.26086956521739124,0.5444297082228117,0.5051546391752577
Cameron VanCamp,Switch,No,No,No,Cameron VanCamp,0.0,0.0,0.0,0.0,0.0,8.0,4.0,5.0,17.0,0.0,0.0,17.0,35.5,17.0,35.5,0.0,22.5,8.0,5.0,35.5,0.0,0.0,1.0,0.0,0.0,0.0,0.0583333333333333,17.0,1.5,2.0,15.5,0.0,5.0,20.5,34.5,20.5,34.5,0.0,30.0,2.5,2.0,29.0,0.0,5.5,0.0,13.0,1.0,0.0,13.5,0.0,0.5,14.0,14.0,,0.35555555555555557,0.5,0.0,0.4788732394366197,,,0.4788732394366197,0.4788732394366197,,0.43333333333333335,0.4,1.0,0.4655172413793104,,0.09090909090909094,0.4057971014492754,0.4057971014492754
Louis Cosce,Orthodox,No,No,No,Louis Cosce,0.16666666666666666,0.3333333333333333,0.16666666666666666,0.0,0.7472222222222222,13.5,2.5,2.1666666666666665,11.166666666666666,2.8333333333333335,4.166666666666667,18.166666666666668,40.666666666666664,22.666666666666668,45.5,1.6666666666666667,33.5,4.333333333333333,2.8333333333333335,31.166666666666668,3.8333333333333335,5.666666666666667,0.0,0.5,0.0,0.0,0.9027777777777777,18.333333333333332,4.333333333333333,2.3333333333333335,17.833333333333332,4.166666666666667,3.0,25.0,47.166666666666664,34.166666666666664,56.833333333333336,1.0,38.5,6.333333333333333,2.3333333333333335,37.5,5.666666666666667,4.0,0.5,20.166666666666668,2.0,0.0,19.666666666666668,1.5,1.0,22.166666666666668,22.666666666666668,0.19999999999999998,0.40298507462686567,0.576923076923077,0.1176470588235294,0.3582887700534759,0.7391304347826088,0.7352941176470589,0.4467213114754099,0.4981684981684982,0.5,0.5238095238095238,0.3157894736842105,0.7857142857142857,0.5244444444444445,0.2647058823529411,0.25,0.46996466431095407,0.39882697947214085
Darian Weeks,Orthodox,No,No,No,Darian Weeks,0.0,0.6666666666666666,0.0,0.0,0.887037037037037,10.333333333333334,6.111111111111112,6.0,19.444444444444443,2.6666666666666665,0.3333333333333333,22.444444444444443,43.77777777777777,26.0,47.666666666666664,2.222222222222222,27.0,9.111111111111112,7.666666666666667,39.22222222222222,4.111111111111112,0.4444444444444444,0.0,0.0,0.0,0.0,0.14259259259259258,12.444444444444445,5.222222222222222,5.111111111111111,20.88888888888889,1.888888888888889,0.0,22.777777777777775,47.44444444444445,26.444444444444443,51.22222222222223,0.2222222222222222,34.55555555555556,6.555555555555556,6.333333333333333,45.111111111111114,2.3333333333333335,0.0,0.2222222222222222,22.111111111111114,1.3333333333333333,1.2222222222222223,24.222222222222218,0.4444444444444444,0.0,24.666666666666668,24.777777777777775,0.30000000000000004,0.3827160493827161,0.6707317073170731,0.08695652173913043,0.49575070821529743,0.6486486486486486,0.75,0.5126903553299492,0.5454545454545455,1.0,0.639871382636656,0.2033898305084747,1.0,0.5369458128078818,0.19047619047619047,,0.5199063231850118,0.48373101952277664
Macy Chiasson,Orthodox,No,No,No,Macy Chiasson,0.0787037037037037,0.7194444444444444,0.0787037037037037,0.12037037037037036,1.8695216049382717,8.774074074074074,5.018518518518518,1.1212962962962962,7.0092592592592595,4.223148148148148,3.6814814814814816,14.91388888888889,33.394444444444446,32.31481481481482,53.78055555555556,1.9046296296296295,25.270370370370372,6.5814814814814815,1.5425925925925925,20.991666666666667,5.648148148148148,6.75462962962963,0.06666666666666667,0.2537037037037037,0.19444444444444442,0.0,0.8189197530864197,7.049074074074074,2.6750000000000003,1.137037037037037,6.693518518518519,2.6296296296296298,1.537962962962963,10.861111111111109,20.300925925925927,20.199074074074073,31.307407407407407,0.6601851851851852,15.297222222222222,3.647222222222222,1.3564814814814816,14.68888888888889,3.592592592592593,2.0194444444444444,0.4064814814814815,8.248148148148148,0.9722222222222223,0.21944444444444444,7.99537037037037,0.9629629629629629,0.48148148148148145,9.439814814814815,11.108333333333334,0.37773456490034035,0.3472079730323904,0.7625211029825548,0.46638655462184875,0.33390675312072693,0.7477049180327869,0.5450308430431803,0.4465979038429546,0.6008642804262865,0.6157082748948106,0.5391925428242843,0.2665651180502665,0.8129692832764506,0.5443141704488149,0.2680412371134021,0.23842274186153134,0.4649942987457242,0.3548148586300722
Chris Barnett,Orthodox,No,No,No,Chris Barnett,0.08333333333333333,0.0,0.0,0.0,0.1361111111111111,8.5,1.25,3.5833333333333335,8.833333333333334,1.4166666666666667,3.0833333333333335,13.333333333333334,26.416666666666668,18.833333333333332,32.333333333333336,0.08333333333333333,20.5,1.8333333333333333,4.083333333333333,19.416666666666668,2.0833333333333335,4.916666666666667,0.4166666666666667,0.16666666666666666,0.25,0.0,1.2833333333333334,12.5,6.0,0.6666666666666666,11.583333333333334,5.416666666666667,2.1666666666666665,19.166666666666668,31.75,29.166666666666668,45.25,0.25,24.583333333333332,6.416666666666667,0.75,22.416666666666668,6.0,3.3333333333333335,0.08333333333333333,12.083333333333334,0.4166666666666667,0.08333333333333333,10.833333333333334,0.5833333333333334,1.1666666666666667,12.583333333333334,16.083333333333332,0.0,0.4146341463414634,0.6818181818181819,0.0,0.45493562231759654,0.6799999999999999,0.6271186440677966,0.5047318611987381,0.5824742268041236,0.33333333333333337,0.4915254237288136,0.06493506493506496,0.7777777777777778,0.483271375464684,0.09722222222222221,0.3500000000000001,0.3963254593175852,0.35543278084714547
Khamzat Chimaev,Orthodox,No,No,No,Khamzat Chimaev,0.1111111111111111,0.6666666666666666,0.5,0.0,1.1648148148148147,25.333333333333332,2.1666666666666665,1.388888888888889,19.61111111111111,2.388888888888889,6.888888888888889,28.88888888888889,55.27777777777778,38.5,66.05555555555556,1.0,50.11111111111111,3.7777777777777772,1.388888888888889,43.388888888888886,2.722222222222222,9.166666666666666,0.0,0.0,0.0,0.0,0.02777777777777775,19.166666666666668,4.777777777777778,1.4444444444444446,22.0,1.8888888888888886,1.5,25.38888888888889,40.22222222222222,28.555555555555554,43.55555555555555,1.1666666666666667,33.44444444444445,5.111111111111111,1.6666666666666667,36.5,2.0555555555555554,1.6666666666666667,1.1666666666666667,14.277777777777777,0.3333333333333333,0.2222222222222222,14.5,0.16666666666666666,0.16666666666666666,14.833333333333334,15.0,0.6666666666666666,0.5055432372505544,0.573529411764706,0.4799999999999999,0.45198463508322667,0.8775510204081634,0.7515151515151516,0.5226130653266332,0.5828427249789739,1.0,0.42691029900332234,0.06521739130434778,1.0,0.3972602739726028,0.08108108108108114,0.10000000000000009,0.3687845303867403,0.3443877551020408
Li Jingliang,Orthodox,No,No,No,Li Jingliang,0.26176470588235295,0.36797385620915035,0.0,0.052941176470588235,0.3910294117647059,12.64967320261438,2.791176470588235,6.008823529411765,18.611437908496733,1.046732026143791,1.7915032679738563,21.449673202614377,50.09771241830066,23.454575163398697,52.5483660130719,0.8562091503267975,37.65718954248366,4.188562091503268,8.251960784313725,45.33300653594771,1.95718954248366,2.807516339869281,0.11176470588235295,0.42908496732026147,0.22026143790849673,0.0,0.7393681917211329,13.053267973856208,2.550326797385621,2.3911764705882352,14.22091503267974,1.553921568627451,2.219934640522876,17.994771241830065,42.97222222222222,24.54444444444444,50.001960784313724,1.1633986928104576,36.137581699346406,3.875490196078431,2.9591503267973853,37.82385620915033,2.35359477124183,2.7947712418300648,0.7343137254901961,23.084313725490194,1.3251633986928104,0.5679738562091504,23.60294117647059,0.799673202614379,0.5748366013071896,24.97745098039216,25.457516339869283,0.4297709923664122,0.3359165502338781,0.666380588281189,0.04459229337451982,0.4105493840065168,0.5348138253464686,0.6381096496333373,0.4281567394438319,0.44634261620169413,0.6311797752808989,0.6387896654940722,0.3419343958175224,0.8549972390944229,0.6240226021893711,0.33976673146348235,0.20568288119738054,0.581246435225674,0.5091303609008797
Melissa Martinez,,No,No,No,Melissa Martinez,0.0,0.3333333333333333,0.0,0.0,0.9,3.3333333333333335,5.666666666666667,6.0,12.333333333333334,2.0,0.6666666666666666,15.0,26.0,21.0,32.0,0.6666666666666666,12.666666666666666,7.0,6.333333333333333,22.333333333333332,2.6666666666666665,1.0,0.3333333333333333,1.0,0.0,0.0,1.1888888888888889,5.0,5.666666666666667,2.0,6.666666666666667,4.0,2.0,12.666666666666666,23.333333333333332,21.666666666666668,33.0,1.0,14.666666666666666,6.333333333333333,2.3333333333333335,17.0,4.333333333333333,2.0,0.0,9.666666666666666,0.6666666666666666,0.3333333333333333,10.333333333333334,0.3333333333333333,0.0,10.666666666666666,11.333333333333334,0.5,0.26315789473684215,0.8095238095238095,0.05263157894736842,0.5522388059701493,0.75,0.6666666666666666,0.5769230769230769,0.65625,0.0,0.6590909090909091,0.10526315789473673,0.5714285714285714,0.607843137254902,0.07692307692307687,0.0,0.4571428571428572,0.3434343434343434
Nate Diaz,Southpaw,No,No,Yes,Nate Diaz,0.034722222222222224,0.2281986531986532,0.26902356902356905,0.06367845117845118,0.7063881874298541,15.52344276094276,4.101262626262626,1.4683080808080808,14.787752525252525,5.576515151515151,0.7287457912457913,21.09301346801347,45.27651515151515,33.960816498316504,59.595875420875416,0.9815656565656565,37.40774410774411,5.925757575757576,1.9430134680134679,36.445286195286194,7.648989898989899,1.1822390572390573,0.07849326599326599,0.7454124579124579,0.08253367003367003,0.07622053872053872,1.35525322671156,11.878787878787879,3.8469276094276097,4.55770202020202,12.699242424242424,3.6229377104377107,3.9612373737373736,20.283417508417507,40.06220538720539,26.309638047138048,46.48973063973064,1.2790404040404042,29.402062289562288,5.317676767676767,5.34246632996633,28.354461279461283,5.092382154882155,6.615361952861953,0.5336279461279461,17.523274410774413,1.4707491582491583,0.7847643097643098,15.655218855218854,1.4694444444444446,2.6541245791245793,19.778787878787877,20.180092592592594,0.23248434954120575,0.4149793881243193,0.692107730333248,0.117445739288654,0.40575213063260734,0.7290524925718058,0.6164115343538626,0.46587095754668756,0.5698517935759798,0.4172096084238237,0.5959879357508592,0.2765773894323613,0.8604740934479309,0.5521254204381166,0.28855737840406626,0.40120625266412613,0.49370192398605706,0.43407635008636636
Danyelle Wolf,Orthodox,No,No,No,Danyelle Wolf,0.0,0.0,0.0,0.0,0.0,4.0,2.3333333333333335,0.3333333333333333,6.0,0.6666666666666666,0.0,6.666666666666667,31.666666666666668,14.666666666666666,40.0,0.0,26.666666666666668,4.333333333333333,0.6666666666666666,30.666666666666668,0.6666666666666666,0.3333333333333333,0.3333333333333333,0.6666666666666666,0.0,0.0,2.227777777777778,10.666666666666666,2.6666666666666665,4.0,11.0,2.0,4.333333333333333,17.333333333333332,36.666666666666664,33.0,53.666666666666664,0.6666666666666666,26.666666666666668,3.3333333333333335,6.666666666666667,28.0,2.3333333333333335,6.333333333333333,0.0,16.0,0.6666666666666666,2.6666666666666665,17.0,0.3333333333333333,2.0,19.333333333333332,20.666666666666668,,0.15,0.5384615384615385,0.0,0.19565217391304346,1.0,0.0,0.21052631578947367,0.36666666666666664,0.0,0.6000000000000001,0.20000000000000007,0.9,0.6071428571428572,0.1428571428571429,0.3157894736842105,0.5272727272727273,0.3850931677018633
Alessio Di Chirico,Orthodox,No,No,No,Alessio Di Chirico,0.11363636363636365,0.44805194805194803,0.0,0.0,0.47477453102453104,10.214285714285714,2.5925324675324677,2.04978354978355,12.45887445887446,1.7646103896103895,0.6331168831168831,14.85660173160173,36.982142857142854,18.491341991341994,41.124458874458874,1.1125541125541127,30.163961038961038,4.378246753246754,2.439935064935065,32.87337662337662,2.84469696969697,1.2640692640692641,0.12554112554112554,0.16125541125541126,0.1553030303030303,0.041666666666666664,0.3787337662337662,8.004329004329003,4.319805194805195,3.1693722943722946,13.39339826839827,2.0698051948051948,0.030303030303030304,15.493506493506494,40.32305194805195,22.711038961038962,48.189935064935064,0.9626623376623377,29.741883116883116,6.612012987012986,3.969155844155844,37.55248917748918,2.74025974025974,0.030303030303030304,0.8014069264069263,21.73755411255411,2.292207792207792,0.7997835497835498,24.159090909090907,0.6704545454545454,0.0,24.829545454545453,25.4788961038961,0.4027237354085602,0.33862547763844786,0.5921394141638858,0.18363273453093812,0.3789958847736626,0.6203157694502567,0.5008561643835616,0.4017236586043925,0.4496434116687282,0.8324901630129287,0.7308734967159726,0.3466732138472869,0.9593728698023176,0.6433419312074009,0.24466824644549767,0.0,0.6157655300132856,0.528718207849082
Michal Figlak,,No,No,No,Michal Figlak,0.0,0.3333333333333333,0.0,0.0,0.5277777777777778,4.333333333333333,3.0,2.0,8.333333333333334,0.0,1.0,9.333333333333334,32.0,18.333333333333332,42.0,1.6666666666666667,24.666666666666668,5.333333333333333,2.0,29.333333333333332,0.3333333333333333,2.3333333333333335,0.0,1.0,0.0,0.3333333333333333,2.266666666666667,11.333333333333334,4.333333333333333,4.333333333333333,15.0,0.6666666666666666,4.333333333333333,20.0,36.0,37.0,54.0,2.3333333333333335,27.0,4.666666666666667,4.333333333333333,26.0,1.0,9.0,1.3333333333333333,15.666666666666666,0.3333333333333333,0.0,11.0,0.3333333333333333,4.666666666666667,16.0,17.0,0.19999999999999998,0.17567567567567566,0.5625,0.16666666666666666,0.2840909090909091,0.0,0.42857142857142855,0.2916666666666667,0.43650793650793646,0.5714285714285714,0.5802469135802468,0.07142857142857151,0.7692307692307692,0.42307692307692313,0.33333333333333337,0.5185185185185186,0.4444444444444444,0.31481481481481477
Khalid Taha,Orthodox,No,No,No,Khalid Taha,0.1111111111111111,0.0,0.08333333333333333,0.2222222222222222,0.1935185185185185,8.333333333333334,1.888888888888889,1.9722222222222223,9.36111111111111,1.25,1.5833333333333333,12.194444444444445,37.38888888888889,20.36111111111111,46.55555555555555,0.2222222222222222,30.63888888888889,3.972222222222222,2.777777777777778,32.75,2.2222222222222223,2.4166666666666665,0.0,1.222222222222222,0.08333333333333333,0.0,2.165277777777778,14.75,2.3333333333333335,2.111111111111111,13.638888888888888,1.4166666666666667,4.138888888888888,19.194444444444446,35.52777777777778,27.444444444444443,45.5,3.138888888888889,29.444444444444443,3.611111111111111,2.472222222222222,28.38888888888889,1.638888888888889,5.5,1.9166666666666667,14.694444444444445,1.2777777777777777,0.3611111111111111,14.75,0.2222222222222222,1.3611111111111114,16.333333333333332,18.055555555555554,0.0,0.271985494106981,0.47552447552447563,0.0,0.2858354537743851,0.5625,0.6551724137931034,0.32615156017830604,0.43735083532219576,0.6106194690265487,0.49905660377358485,0.3538461538461538,0.5056179775280898,0.5195694716242663,0.13559322033898313,0.24747474747474751,0.45973416731821737,0.39682539682539686
Jarno Errens,,No,No,No,Jarno Errens,0.0,0.0,0.3333333333333333,0.0,0.07777777777777777,3.3333333333333335,2.6666666666666665,0.6666666666666666,5.0,1.6666666666666667,0.0,6.666666666666667,17.666666666666668,10.333333333333334,21.333333333333332,0.6666666666666666,10.666666666666666,4.666666666666667,2.3333333333333335,15.666666666666666,2.0,0.0,0.0,1.0,0.0,0.0,2.6888888888888887,4.666666666666667,3.3333333333333335,2.6666666666666665,9.0,0.6666666666666666,1.0,10.666666666666666,23.333333333333332,23.0,40.333333333333336,1.6666666666666667,14.333333333333334,6.0,3.0,20.666666666666668,1.0,1.6666666666666667,0.6666666666666666,9.666666666666666,2.6666666666666665,0.3333333333333333,11.666666666666666,0.3333333333333333,0.6666666666666666,12.666666666666666,17.333333333333332,0.0,0.31250000000000006,0.5714285714285714,0.0,0.3191489361702128,0.8333333333333334,,0.3773584905660377,0.48437500000000006,0.4,0.6744186046511628,0.4444444444444444,0.6666666666666667,0.564516129032258,0.33333333333333337,0.4,0.5428571428571429,0.4297520661157025
Francisco Figueiredo,Southpaw,No,No,No,Francisco Figueiredo,0.0,0.9166666666666666,0.08333333333333333,0.08333333333333333,1.4680555555555557,4.083333333333333,2.3333333333333335,3.25,7.166666666666667,1.0833333333333333,1.4166666666666667,9.666666666666666,15.916666666666666,14.083333333333334,20.583333333333332,1.25,8.833333333333334,3.3333333333333335,3.75,12.5,1.25,2.1666666666666665,0.0,0.5,0.08333333333333333,0.16666666666666666,1.2805555555555557,8.583333333333334,1.25,2.0833333333333335,7.0,1.8333333333333333,3.0833333333333335,11.916666666666666,33.75,27.916666666666668,52.166666666666664,2.5,26.916666666666668,2.9166666666666665,3.9166666666666665,26.083333333333332,4.166666666666667,3.5,2.0,18.333333333333332,1.6666666666666667,1.8333333333333333,19.083333333333332,2.3333333333333335,0.4166666666666667,21.833333333333332,24.25,0.7333333333333333,0.4622641509433962,0.7000000000000001,0.24444444444444444,0.5733333333333334,0.8666666666666666,0.653846153846154,0.6073298429319371,0.6842105263157895,0.8,0.6811145510835913,0.5714285714285714,0.8723404255319149,0.7316293929712461,0.56,0.11904761904761896,0.6469135802469136,0.46485623003194887
Daniel Da Silva,Switch,No,No,No,Daniel Da Silva,0.16666666666666666,0.16666666666666666,0.0,0.0,0.23888888888888885,3.6666666666666665,1.8333333333333333,2.833333333333333,6.333333333333333,0.3333333333333333,1.6666666666666667,8.333333333333332,13.666666666666666,11.166666666666666,16.833333333333336,0.5,8.333333333333334,2.5,2.833333333333333,10.166666666666666,1.1666666666666667,2.3333333333333335,0.6666666666666666,0.0,0.16666666666666666,0.0,1.036111111111111,18.833333333333336,3.6666666666666665,1.5,6.833333333333334,0.3333333333333333,16.833333333333336,24.0,32.33333333333333,47.5,60.166666666666664,0.0,26.833333333333332,3.8333333333333335,1.6666666666666667,10.0,0.3333333333333333,22.0,0.0,8.0,0.16666666666666666,0.16666666666666666,3.1666666666666665,0.0,5.166666666666666,8.333333333333332,12.666666666666668,0.3333333333333333,0.43999999999999995,0.7333333333333333,0.05882352941176471,0.6229508196721312,0.2857142857142857,0.7142857142857143,0.6097560975609756,0.6633663366336633,,0.2981366459627328,0.0434782608695653,1.0,0.31666666666666665,0.0,0.23484848484848475,0.25773195876288646,0.21052631578947367
Jose Aldo,Orthodox,Yes,Yes,Yes,Jose Aldo,0.08444444444444445,0.18196078431372548,0.09444444444444444,0.0,0.7136753812636165,10.676781045751634,2.9312908496732026,1.7633823529411763,13.702728758169934,0.67,0.9987254901960785,15.371454248366012,34.98485294117647,17.93091503267974,37.76787581699347,0.3122549019607843,28.61436274509804,4.293562091503268,2.0769281045751633,32.53776143790849,0.8392647058823529,1.607826797385621,0.0475,0.1612091503267974,0.0,0.0,0.7086230936819172,12.313839869281045,3.6674999999999995,3.6872875816993465,14.208006535947712,1.9958986928104576,3.4647222222222225,19.66862745098039,47.10401960784314,27.550555555555558,56.003954248366014,1.4005718954248365,36.808545751633986,5.4512745098039215,4.844199346405229,39.97004901960784,2.5198039215686276,4.614166666666667,1.2393627450980393,24.49470588235294,1.7837745098039215,1.1569117647058822,25.76204248366013,0.52390522875817,1.1494444444444443,27.435392156862747,28.45339869281046,0.5827315541601256,0.3731266406616267,0.6827177032036109,0.08761053592220788,0.421133112808597,0.7983178552654635,0.6211648492362727,0.4393745565891494,0.4747663098545726,0.8848976258531178,0.6654624729711194,0.32722155279391407,0.9667211981178216,0.6445336724761637,0.2079150779446477,0.24911203419420858,0.5824426956610422,0.5080605302730141
Leonardo Santos,Orthodox,No,No,No,Leonardo Santos,0.0909090909090909,0.2508417508417508,0.07407407407407407,0.0,0.5848484848484848,7.742424242424242,2.6902356902356903,1.9225589225589228,8.919191919191919,1.4444444444444444,1.9915824915824916,12.355218855218856,26.98989898989899,19.666666666666668,35.535353535353536,1.037037037037037,20.493265993265993,4.274410774410774,2.2222222222222223,22.533670033670035,1.9511784511784513,2.505050505050505,0.037037037037037035,0.24579124579124578,0.037037037037037035,0.037037037037037035,1.4852974186307522,8.33838383838384,4.814814814814815,3.0016835016835017,11.767676767676768,2.8636363636363633,1.5235690235690236,16.154882154882156,34.47811447811448,28.67676767676768,49.496632996633,1.8232323232323233,24.76767676767677,6.065656565656565,3.644781144781145,28.46127946127946,3.8922558922558927,2.1245791245791246,1.5774410774410772,16.42929292929293,1.2508417508417509,0.6430976430976431,16.693602693602696,1.0286195286195288,0.601010101010101,18.32323232323232,20.81986531986532,0.24188311688311687,0.37780333525014376,0.6293816463174479,0.11287878787878786,0.39581621217781093,0.7402933563416738,0.79502688172043,0.4577719560878244,0.553439454235361,0.8651892890120036,0.6633360522022839,0.20621704135442676,0.9325635103926098,0.5865373240269727,0.2642733564013843,0.2828843106180665,0.5314453125,0.42063195129417363
Luke Rockhold,Southpaw,Yes,No,Yes,Luke Rockhold,0.05844155844155844,0.4502164502164502,0.16233766233766234,0.08333333333333333,1.2619949494949496,14.931818181818182,3.511904761904762,1.7380952380952381,8.50974025974026,0.7813852813852814,10.890692640692642,20.18181818181818,31.834415584415584,26.308441558441558,38.99134199134199,1.3095238095238095,25.483766233766232,4.359307359307359,1.9913419913419914,16.98701298701299,1.0854978354978355,13.761904761904763,0.18722943722943722,0.20995670995670995,0.0,0.0,0.554004329004329,5.936147186147186,3.6948051948051948,1.670995670995671,9.158008658008658,1.0974025974025974,1.0465367965367967,11.301948051948052,20.06168831168831,14.264069264069263,23.114718614718615,0.382034632034632,13.714285714285715,4.595238095238095,1.7521645021645023,17.58008658008658,1.344155844155844,1.1374458874458875,0.17207792207792205,7.778138528138529,0.9004329004329004,0.08116883116883117,8.422077922077921,0.24675324675324675,0.09090909090909091,8.75974025974026,8.85064935064935,0.3438016528925619,0.5859345139508217,0.8056107249255213,0.2260869565217391,0.5009556574923547,0.7198404785643071,0.7913652091852784,0.6339622641509434,0.6747252137226601,0.4504249291784702,0.5671559343434345,0.19594912859161562,0.8801729462631254,0.47906919477961096,0.18357487922705318,0.07992388201712652,0.4366402330474186,0.3829010206948217
Luis Saldana,Orthodox,No,No,No,Luis Saldana,0.16666666666666666,0.25,0.08333333333333333,0.08333333333333333,0.6291666666666667,11.666666666666666,5.166666666666667,7.166666666666667,22.333333333333332,1.1666666666666667,0.5,24.0,49.333333333333336,25.416666666666668,51.083333333333336,1.4166666666666667,32.916666666666664,7.25,9.166666666666666,47.0,1.6666666666666667,0.6666666666666666,0.08333333333333333,0.4166666666666667,0.25,0.08333333333333333,0.6986111111111111,13.083333333333334,5.5,1.8333333333333333,19.5,0.75,0.16666666666666666,20.416666666666668,48.75,22.25,51.0,0.75,38.75,7.666666666666667,2.3333333333333335,47.25,1.25,0.25,0.3333333333333333,25.666666666666668,2.1666666666666665,0.5,27.75,0.5,0.08333333333333333,28.333333333333332,28.75,0.1764705882352941,0.35443037974683544,0.7126436781609196,0.027272727272727275,0.47517730496453897,0.7000000000000001,0.75,0.48648648648648646,0.49755301794453505,0.4444444444444444,0.6623655913978495,0.28260869565217395,0.8214285714285714,0.5873015873015873,0.4,0.33333333333333337,0.5811965811965811,0.5637254901960784
Harry Hunsucker,Orthodox,No,No,No,Harry Hunsucker,0.0,0.0,0.3333333333333333,0.0,0.0,1.0,0.3333333333333333,1.6666666666666667,3.0,0.0,0.0,3.0,6.333333333333333,3.0,6.333333333333333,0.3333333333333333,4.0,0.3333333333333333,2.0,6.333333333333333,0.0,0.0,1.0,0.0,0.0,0.0,0.4222222222222222,6.333333333333333,0.6666666666666666,1.3333333333333333,5.666666666666667,0.0,2.6666666666666665,8.333333333333334,13.0,8.333333333333334,13.0,0.0,11.0,0.6666666666666666,1.3333333333333333,8.333333333333334,0.0,4.666666666666667,0.0,4.666666666666667,0.0,0.0,2.6666666666666665,0.0,2.0,4.666666666666667,4.666666666666667,0.0,0.25,1.0,0.0,0.4736842105263158,,,0.4736842105263158,0.4736842105263158,,0.4242424242424243,0.0,1.0,0.32000000000000006,,0.4285714285714286,0.3589743589743589,0.3589743589743589
Wu Yanan,Orthodox,No,No,No,Wu Yanan,0.0,0.17777777777777778,0.05555555555555555,0.05555555555555555,0.710648148148148,11.177777777777777,5.944444444444444,3.8833333333333333,16.788888888888888,3.716666666666667,0.5,21.005555555555556,51.644444444444446,25.566666666666666,56.82222222222222,0.6722222222222222,37.28333333333333,8.566666666666666,5.794444444444444,45.93333333333334,4.7555555555555555,0.9555555555555556,0.0,0.45,0.25555555555555554,0.05555555555555555,1.0653703703703703,16.516666666666666,4.816666666666666,3.5500000000000003,18.599999999999998,3.3722222222222222,2.9111111111111114,24.883333333333336,49.99444444444445,39.57222222222222,67.2,1.238888888888889,37.28888888888889,7.394444444444445,5.311111111111111,41.67777777777778,4.2555555555555555,4.061111111111111,0.7888888888888888,20.772222222222222,2.5777777777777775,1.761111111111111,23.07777777777778,0.8833333333333333,1.1500000000000001,25.11111111111111,27.627777777777776,0.2644628099173554,0.2998062881835792,0.6939040207522698,0.03068072866730585,0.3655055636187711,0.7815420560747663,0.5232558139534883,0.4067340791738382,0.4499413375048885,0.6367713004484306,0.557061978545888,0.34861006761833213,0.9152719665271967,0.5537190082644629,0.20757180156657962,0.28317373461012296,0.5022780308923214,0.41112764550264547
Nina Nunes,Orthodox,No,No,No,Nina Nunes,0.0,0.0787037037037037,0.16203703703703703,0.041666666666666664,0.5895061728395062,12.300925925925926,3.7962962962962963,5.717592592592593,18.703703703703706,1.8981481481481481,1.212962962962963,21.814814814814813,48.370370370370374,27.384259259259256,54.666666666666664,0.24074074074074073,35.15740740740741,6.291666666666667,6.921296296296297,43.59722222222222,3.1203703703703702,1.6527777777777777,0.0,0.5925925925925926,0.037037037037037035,0.041666666666666664,1.2676697530864198,10.138888888888888,3.361111111111111,3.6203703703703702,13.143518518518519,2.0,1.9768518518518519,17.12037037037037,38.47222222222222,24.069444444444443,46.1712962962963,2.2962962962962963,28.347222222222225,5.148148148148148,4.976851851851852,33.041666666666664,2.6666666666666665,2.7638888888888893,1.7037037037037035,18.208333333333332,1.787037037037037,1.3564814814814816,19.89814814814815,0.6666666666666666,0.7870370370370371,21.35185185185185,22.10185185185185,0.3269230769230769,0.3498814853831972,0.6033848417954378,0.01137123745819398,0.42901136242964855,0.6083086053412463,0.7338935574229692,0.4509954058192955,0.5009315718157181,0.7419354838709677,0.6423321901028909,0.34712230215827333,0.8809302325581395,0.6022138153285694,0.25,0.2847571189279733,0.5549939831528279,0.47869246966810397
Charlie Ontiveros,Switch,No,No,No,Charlie Ontiveros,0.3333333333333333,0.0,0.0,0.0,0.022222222222222216,5.0,0.6666666666666666,0.16666666666666666,4.833333333333333,0.5,0.5,5.833333333333333,14.0,9.5,18.833333333333336,0.0,12.666666666666666,1.1666666666666667,0.16666666666666666,12.166666666666666,0.6666666666666666,1.1666666666666665,0.0,1.3333333333333335,0.0,0.0,2.0944444444444446,17.0,1.6666666666666667,1.6666666666666667,4.666666666666666,0.5,15.166666666666668,20.333333333333336,28.5,34.0,43.16666666666667,1.8333333333333333,24.666666666666664,2.0,1.8333333333333333,8.333333333333332,0.8333333333333334,19.333333333333336,0.5,7.666666666666667,0.3333333333333333,0.16666666666666666,3.6666666666666665,0.3333333333333333,4.166666666666666,8.166666666666668,9.166666666666668,,0.39473684210526316,0.5714285714285714,0.0,0.3972602739726027,0.75,0.4285714285714286,0.41666666666666663,0.5044247787610618,0.2727272727272726,0.31081081081081074,0.16666666666666663,0.2727272727272726,0.43999999999999995,0.4,0.2155172413793104,0.2865497076023391,0.21235521235521249
Jason Witt,Orthodox,No,No,No,Jason Witt,0.1111111111111111,2.2222222222222223,0.2222222222222222,0.0,1.7166666666666668,6.555555555555556,2.111111111111111,0.4444444444444444,6.333333333333333,1.4444444444444444,1.3333333333333333,9.11111111111111,21.777777777777775,15.0,28.444444444444443,4.833333333333333,17.72222222222222,3.6111111111111107,0.4444444444444444,17.0,2.888888888888889,1.888888888888889,0.27777777777777773,0.0,0.0,0.3333333333333333,0.16018518518518518,14.722222222222221,0.0,0.1111111111111111,10.277777777777777,1.4444444444444444,3.1111111111111107,14.833333333333334,28.61111111111111,23.777777777777782,37.61111111111111,0.1111111111111111,27.61111111111111,0.7222222222222223,0.2777777777777778,22.555555555555554,2.111111111111111,3.944444444444444,0.1111111111111111,12.888888888888891,0.7222222222222223,0.16666666666666666,12.277777777777777,0.6666666666666666,0.8333333333333334,13.777777777777777,13.833333333333334,0.4597701149425288,0.3699059561128527,0.5846153846153846,5.000000000000001,0.37254901960784315,0.5,0.7058823529411764,0.41836734693877553,0.52734375,1.0,0.4668008048289739,1.0,1.0,0.5443349753694582,0.3157894736842105,0.21126760563380287,0.48155339805825237,0.3677991137370752
Dominick Cruz,Orthodox,Yes,No,Yes,Dominick Cruz,0.02222222222222222,0.7827777777777778,0.025,0.045,0.6450092592592592,13.448888888888888,3.5927777777777776,2.944444444444444,17.877777777777776,1.3927777777777777,0.7155555555555555,19.98611111111111,53.364999999999995,24.31277777777778,58.473333333333336,2.3761111111111113,44.21611111111112,5.739444444444445,3.409444444444445,50.57888888888889,1.7572222222222222,1.028888888888889,0.19555555555555554,0.13833333333333334,0.0,0.0,0.17374074074074072,9.072222222222223,2.924444444444444,3.2383333333333333,13.432777777777778,1.4022222222222223,0.4,15.235,45.11666666666666,19.05888888888889,49.51833333333333,0.9238888888888889,36.04222222222222,5.065555555555555,4.0088888888888885,42.172222222222224,2.4266666666666667,0.5177777777777778,0.7855555555555556,26.97,2.141111111111111,0.7705555555555555,28.739444444444445,1.0244444444444445,0.11777777777777779,29.881666666666668,30.459444444444443,0.3294365209258826,0.30416263554008716,0.6259800600135514,0.2295910053772201,0.35346323674787455,0.7926019601644008,0.6954643628509718,0.3745172137376766,0.41579257401284536,0.8502705953096813,0.7482890437141624,0.4226804123711341,0.9654933481152993,0.6814780661309445,0.4221611721611722,0.22746781115879822,0.6623199113409679,0.6151144918268205
Youssef Zalal,Switch,No,No,No,Youssef Zalal,0.047619047619047616,0.7142857142857143,0.38095238095238093,0.2857142857142857,1.7365079365079366,8.619047619047619,2.7619047619047614,2.380952380952381,11.142857142857144,1.1904761904761905,1.4285714285714286,13.761904761904765,28.476190476190478,20.19047619047619,37.047619047619044,2.285714285714286,21.952380952380953,3.7619047619047623,2.7619047619047623,24.38095238095238,1.5238095238095237,2.5714285714285716,0.0,0.5238095238095238,0.38095238095238093,0.14285714285714285,1.1968253968253968,5.190476190476191,2.0952380952380953,1.4761904761904763,7.238095238095238,1.3809523809523812,0.14285714285714285,8.761904761904761,24.476190476190478,17.333333333333332,35.714285714285715,1.3333333333333333,18.761904761904763,3.3333333333333335,2.380952380952381,22.38095238095238,1.8095238095238095,0.2857142857142857,0.8095238095238096,13.571428571428571,1.238095238095238,0.9047619047619048,15.142857142857144,0.42857142857142855,0.14285714285714285,15.714285714285714,18.38095238095238,0.31249999999999994,0.39262472885032534,0.7341772151898732,0.2586206896551724,0.45703125000000006,0.78125,0.5555555555555556,0.4832775919732442,0.544987146529563,0.6071428571428571,0.7233502538071066,0.37142857142857144,0.78,0.676595744680851,0.23684210526315774,0.5,0.642023346303502,0.5146666666666667
Miranda Granger,Orthodox,No,No,No,Miranda Granger,0.0,0.0,0.0,0.08333333333333333,0.3236111111111111,6.277777777777778,2.222222222222222,3.888888888888889,9.0,2.9722222222222228,0.4166666666666667,12.388888888888888,26.944444444444443,20.027777777777775,35.111111111111114,0.0,17.77777777777778,2.8055555555555554,6.361111111111111,22.222222222222225,4.305555555555556,0.4166666666666667,0.0,0.611111111111111,0.611111111111111,0.0,1.8824074074074073,5.75,3.25,2.861111111111111,7.888888888888889,1.638888888888889,2.3333333333333335,11.861111111111109,29.63888888888889,31.63888888888889,52.19444444444445,0.9166666666666666,19.694444444444446,5.25,4.694444444444444,24.0,2.638888888888889,3.0,0.3055555555555555,13.944444444444445,2.0,1.8333333333333333,16.11111111111111,1.0,0.6666666666666666,17.77777777777778,20.555555555555554,,0.35312499999999997,0.792079207920792,0.0,0.40499999999999997,0.6903225806451613,1.0,0.45979381443298967,0.5704113924050631,0.33333333333333337,0.7080394922425952,0.38095238095238093,0.8698224852071006,0.6712962962962963,0.3789473684210526,0.2222222222222222,0.5998125585754452,0.39382650345928694
Sam Alvey,Southpaw,No,No,No,Sam Alvey,0.11111111111111112,0.013888888888888888,0.013888888888888888,0.020833333333333332,0.2554398148148148,10.666666666666666,2.326388888888889,2.611111111111111,11.833333333333334,3.215277777777778,0.5555555555555556,15.604166666666666,34.6875,20.625,39.99305555555556,0.13888888888888887,28.319444444444443,3.2361111111111107,3.131944444444444,29.430555555555557,4.416666666666667,0.8402777777777777,0.13194444444444445,0.20138888888888887,0.05555555555555555,0.0,0.6366898148148148,9.319444444444445,3.222222222222222,3.7430555555555554,13.756944444444443,1.6875,0.8402777777777778,16.284722222222225,35.1875,20.395833333333332,39.638888888888886,1.3680555555555556,24.854166666666668,5.8819444444444455,4.451388888888889,31.444444444444443,2.597222222222222,1.1458333333333333,1.1666666666666667,15.534722222222221,2.659722222222222,0.7083333333333334,17.6875,0.9097222222222223,0.3055555555555556,18.902777777777775,19.243055555555557,0.1,0.3766552231486023,0.7188841201716739,0.004434589800443459,0.40207645115620577,0.7279874213836478,0.6611570247933886,0.4498498498498498,0.5157145337732245,0.8527918781725888,0.6250349259569712,0.4521841794569069,0.9547581903276131,0.5625,0.35026737967914434,0.2666666666666666,0.5372014999013222,0.48545900490539595
Thiago Santos,Orthodox,No,No,Yes,Thiago Santos,0.15636363636363634,0.20560606060606057,0.01818181818181818,0.026515151515151512,0.40220202020202017,6.888030303030303,3.3474242424242426,3.966212121212121,9.221060606060608,2.2066666666666666,2.7739393939393944,14.201666666666668,30.81727272727273,17.535454545454545,34.33424242424242,0.6043939393939394,19.828939393939393,5.167878787878788,5.820454545454545,23.542272727272728,2.6598484848484847,4.615151515151515,0.025,0.2677272727272727,0.09287878787878787,0.0,0.6868914141414141,6.508939393939395,3.006515151515152,3.204090909090909,8.94878787878788,1.7427272727272727,2.0280303030303033,12.719545454545454,25.706363636363637,18.425151515151516,31.767727272727274,0.8256060606060606,16.85772727272727,4.304242424242425,4.54439393939394,21.026363636363634,2.1136363636363638,2.5663636363636364,0.5578787878787879,10.348787878787878,1.2977272727272726,1.3403030303030303,12.077575757575758,0.3709090909090909,0.5383333333333333,12.986818181818183,13.342575757575759,0.3401855101529205,0.3473726035561736,0.6477366013838396,0.035324742938956134,0.391680986491096,0.8296211905440045,0.6010505581089954,0.46083463622329074,0.5107278712831964,0.6757203156542485,0.6138898625753857,0.3014995775837792,0.9410862534591404,0.5744015449579891,0.17548387096774198,0.20976502538670438,0.5051985712770096,0.42000410174228664
Hamdy Abdelwahab,,No,No,No,Hamdy Abdelwahab,0.3333333333333333,1.0,0.0,0.0,2.1999999999999997,17.0,1.6666666666666667,0.6666666666666666,10.0,0.6666666666666666,8.666666666666666,19.333333333333332,36.666666666666664,35.333333333333336,54.666666666666664,1.3333333333333333,34.0,2.0,0.6666666666666666,24.666666666666668,1.0,11.0,0.0,0.0,0.0,0.0,0.0,9.333333333333334,4.0,2.3333333333333335,15.0,0.6666666666666666,0.0,15.666666666666666,38.666666666666664,18.0,41.0,0.0,30.0,5.666666666666667,3.0,37.0,1.6666666666666667,0.0,0.0,20.666666666666668,1.6666666666666667,0.6666666666666666,22.0,1.0,0.0,23.0,23.0,0.75,0.5,0.8333333333333334,1.5,0.4054054054054054,0.6666666666666666,0.7878787878787878,0.5272727272727272,0.6463414634146342,,0.6888888888888889,0.2941176470588236,1.0,0.5945945945945945,0.6000000000000001,,0.5948275862068966,0.5609756097560976
Julianna Pena,Orthodox,Yes,No,Yes,Julianna Pena,0.0,0.4066666666666666,0.3916666666666667,0.025,1.0060555555555557,8.65,2.058333333333333,0.2783333333333334,6.761666666666666,1.415,2.81,10.986666666666668,22.64,32.18,47.20666666666666,0.74,19.671666666666667,2.5716666666666668,0.3966666666666666,16.36,1.778333333333333,4.501666666666667,0.075,1.3516666666666666,0.3083333333333333,0.05333333333333333,2.6284166666666664,8.981666666666666,1.5283333333333333,1.145,5.788333333333333,0.835,5.031666666666666,11.655,20.02,21.453333333333333,31.606666666666666,1.6516666666666666,16.60833333333333,2.046666666666667,1.365,12.818333333333333,1.2349999999999999,5.966666666666667,0.3,7.626666666666667,0.5183333333333333,0.22000000000000003,7.029999999999999,0.4,0.9349999999999999,8.365,10.153333333333332,0.5495495495495495,0.43971871558078457,0.8003888528839921,1.0252100840336136,0.4133048084759576,0.7956888472352391,0.6242132543502407,0.4852767962308599,0.6816833780539472,0.18163471241170537,0.45920722528850977,0.2532573289902281,0.009768009768009844,0.5484332336497204,0.3238866396761133,0.15670391061452527,0.4178321678321678,0.3212402446741194
Claudio Silva,Southpaw,No,No,No,Claudio Silva,0.0,0.875,0.34722222222222215,0.0,1.545138888888889,6.319444444444444,2.4583333333333335,2.7916666666666665,8.444444444444445,0.5277777777777778,2.5972222222222223,11.569444444444445,27.875,24.736111111111114,43.305555555555564,3.263888888888889,19.52777777777778,4.777777777777778,3.569444444444444,22.875,1.0,4.0,0.0,0.25,0.1111111111111111,0.3055555555555555,0.999537037037037,10.680555555555557,3.0555555555555554,0.9444444444444443,10.722222222222223,1.6944444444444446,2.263888888888889,14.680555555555555,27.01388888888889,21.083333333333332,34.25,0.4583333333333333,22.291666666666668,3.7361111111111107,0.986111111111111,21.791666666666668,2.180555555555556,3.0416666666666665,0.20833333333333334,11.611111111111112,0.6805555555555555,0.041666666666666664,11.069444444444445,0.4861111111111111,0.7777777777777777,12.333333333333334,13.166666666666666,0.2680851063829787,0.32361308677098144,0.5145348837209303,0.24513618677042803,0.3691560412871888,0.5277777777777778,0.6493055555555556,0.41504733432984553,0.5711994868505452,0.4545454545454545,0.5208722741433021,0.1821561338289962,0.7464788732394366,0.5079668578712555,0.22292993630573243,0.2557077625570776,0.4565552699228792,0.3844282238442823
Damir Hadzovic,Orthodox,No,No,No,Damir Hadzovic,0.1111111111111111,0.2169312169312169,0.037037037037037035,0.05555555555555555,0.35180776014109344,11.502645502645501,2.1904761904761907,1.2698412698412698,11.611111111111109,1.634920634920635,1.7169312169312168,14.962962962962964,30.552910052910054,19.73015873015873,36.19047619047619,0.40740740740740744,26.182539682539684,3.100529100529101,1.2698412698412698,25.788359788359788,2.171957671957672,2.5925925925925926,0.037037037037037035,1.3544973544973544,0.19576719576719573,0.0,1.9916225749559082,9.597883597883596,2.685185185185185,1.6137566137566137,10.695767195767196,1.2962962962962963,1.9047619047619049,13.896825396825397,37.0026455026455,22.492063492063494,47.804232804232804,2.1296296296296298,31.007936507936506,4.325396825396825,1.6693121693121693,32.4973544973545,1.7063492063492063,2.798941798941799,0.7751322751322752,21.41005291005291,1.6402116402116402,0.05555555555555555,21.8015873015873,0.41005291005291006,0.8941798941798941,23.105820105820104,25.312169312169313,0.5324675324675323,0.43932504799434163,0.7064846416382252,0.1708333333333333,0.4502462043496101,0.7527405602923265,0.6622448979591836,0.48973937137414497,0.5451754385964913,0.3639751552795032,0.6904700964081563,0.37920489296636084,0.18858954041204445,0.6708726799088245,0.24031007751937983,0.3194706994328922,0.6244369771931079,0.5294964028776978
Mason Jones,Orthodox,No,No,No,Mason Jones,0.0,1.0,0.0,0.0,1.4384259259259258,17.777777777777775,6.638888888888889,1.9722222222222223,18.527777777777775,4.583333333333333,3.277777777777778,26.38888888888889,59.861111111111114,34.44444444444444,68.91666666666667,2.1944444444444446,48.72222222222222,9.083333333333334,2.055555555555556,47.94444444444445,7.166666666666667,4.75,0.08333333333333333,0.25,0.0,0.0,0.7462962962962963,15.972222222222221,5.944444444444444,1.5555555555555556,18.805555555555557,3.25,1.4166666666666667,23.472222222222225,43.361111111111114,29.055555555555554,49.861111111111114,1.277777777777778,33.02777777777778,8.527777777777779,1.8055555555555556,37.138888888888886,4.361111111111112,1.861111111111111,1.027777777777778,17.055555555555554,2.5833333333333335,0.25,18.333333333333332,1.111111111111111,0.4444444444444444,19.88888888888889,20.805555555555557,0.45569620253164556,0.3648802736602052,0.7308868501529052,0.4864864864864864,0.3864426419466975,0.6395348837209301,0.6900584795321638,0.4408352668213457,0.4997984683595324,0.8043478260869565,0.5164003364171573,0.30293159609120535,0.8615384615384616,0.4936424831712789,0.2547770700636943,0.23880597014925364,0.45868033311979495,0.41727019498607254
Charles Rosa,Switch,No,No,No,Charles Rosa,0.0,0.5427350427350427,0.3269230769230769,0.16666666666666666,0.6952635327635329,8.297008547008547,2.361111111111111,4.170940170940171,13.175213675213675,0.6196581196581197,1.0341880341880343,14.82905982905983,40.88247863247863,21.564102564102566,48.739316239316246,1.5491452991452992,30.92735042735043,4.472222222222222,5.482905982905983,38.034188034188034,1.1324786324786327,1.715811965811966,0.0811965811965812,0.8418803418803419,0.48504273504273504,0.3311965811965812,1.7323361823361825,12.9508547008547,2.8803418803418803,2.7863247863247866,13.461538461538462,1.4294871794871795,3.726495726495726,18.617521367521366,35.18589743589744,26.17094017094017,44.07905982905984,1.3589743589743588,28.126068376068375,3.9038461538461537,3.1559829059829063,28.4017094017094,2.1452991452991452,4.638888888888888,0.5170940170940171,15.175213675213676,1.0235042735042734,0.3696581196581197,14.940170940170939,0.7158119658119658,0.9123931623931624,16.568376068376068,17.908119658119656,0.3503448275862069,0.2682741467458892,0.5279503105590062,0.09898674980514419,0.3464044943820225,0.5471698113207546,0.6027397260273972,0.36272408926984795,0.44243752740026304,0.38050314465408797,0.5395426574489098,0.26217843459222767,0.7332430602572784,0.5260306951549805,0.33366533864541825,0.1966835559649931,0.47088115625189775,0.4062727228658686
Alexander Gustafsson,Orthodox,No,No,Yes,Alexander Gustafsson,0.19747474747474747,0.3507575757575757,0.07676767676767676,0.0,0.5605050505050505,13.54419191919192,3.1570707070707074,2.3843434343434344,15.621969696969696,1.4083333333333334,2.0553030303030306,19.08560606060606,44.707070707070706,24.07550505050505,50.34444444444445,1.3136363636363637,36.1770202020202,5.447222222222222,3.0828282828282827,39.30530303030303,2.703030303030303,2.698737373737374,0.03333333333333333,0.15833333333333333,0.08333333333333333,0.0,0.32468434343434344,10.55050505050505,2.3065656565656565,3.5671717171717168,12.601767676767675,2.7654040404040403,1.057070707070707,16.424242424242426,34.415909090909096,20.817171717171718,39.11818181818182,0.919949494949495,26.05959595959596,3.8176767676767676,4.538636363636364,29.13459595959596,4.004292929292929,1.2770202020202022,0.7616161616161616,15.50909090909091,1.511111111111111,0.9714646464646464,16.532828282828284,1.238888888888889,0.21994949494949498,17.991666666666667,18.3010101010101,0.2670126874279123,0.37438660905619814,0.5795744286310325,0.11377785058977719,0.39745195921592813,0.5210201793721974,0.7615794890989053,0.42690352462720293,0.47821572600870765,0.8278891023881416,0.595139346486298,0.3958195528509062,0.9651143381739276,0.5674637913549965,0.3093901746862584,0.17223650385604128,0.5227717977503357,0.4678389753918455
Herbert Burns,Orthodox,No,No,No,Herbert Burns,0.125,1.0,0.5,0.0,0.9812500000000001,2.875,1.5,0.375,2.125,0.875,1.75,4.75,8.75,10.25,15.0,1.375,5.875,2.375,0.5,5.125,1.125,2.5,0.0,0.25,0.0,0.25,1.9520833333333332,13.625,1.875,0.625,2.25,0.625,13.25,16.125,20.875,45.75,55.125,0.5,17.75,2.5,0.625,4.25,0.75,15.875,0.25,4.125,0.625,0.0,2.0,0.125,2.625,4.75,9.375,0.7272727272727273,0.48936170212765956,0.631578947368421,2.0,0.4146341463414634,0.7777777777777778,0.7,0.5428571428571428,0.6833333333333333,0.5,0.23239436619718312,0.25,0.6,0.47058823529411764,0.16666666666666663,0.16535433070866146,0.22754491017964074,0.17006802721088432
Dwight Grant,Switch,No,No,No,Dwight Grant,0.125,0.21944444444444444,0.0,0.0,0.11287037037037036,9.333333333333334,2.35,3.0194444444444444,12.605555555555554,0.7694444444444445,1.3277777777777777,14.702777777777778,42.791666666666664,16.438888888888886,44.89722222222222,0.21944444444444444,35.60277777777778,3.522222222222222,3.6666666666666665,39.266666666666666,0.9194444444444444,2.6055555555555556,0.2222222222222222,0.5694444444444444,0.06666666666666667,0.0,0.9435648148148147,6.486111111111112,2.9277777777777776,3.011111111111111,10.022222222222222,0.6749999999999999,1.7277777777777779,12.424999999999999,31.5,18.355555555555554,38.550000000000004,1.6083333333333334,23.752777777777776,3.977777777777778,3.7694444444444444,27.688888888888886,1.0194444444444444,2.7916666666666665,1.038888888888889,17.266666666666666,1.05,0.7583333333333333,17.666666666666668,0.3444444444444444,1.0638888888888889,19.075,20.194444444444443,1.0,0.2621518296013107,0.6671924290220821,0.05984848484848485,0.32102433503112615,0.8368580060422962,0.509594882729211,0.3435897435897436,0.3661448988430365,0.6459412780656304,0.7269325225119869,0.2639664804469274,0.8489314664701547,0.6380417335473515,0.33787465940054495,0.38109452736318405,0.6055555555555556,0.5238506989479753
Shane Burgos,Orthodox,No,No,No,Shane Burgos,0.19393939393939394,0.1272727272727273,0.1272727272727273,0.0,0.4888888888888889,21.566666666666666,6.463636363636364,5.733333333333333,27.633333333333336,3.4636363636363634,2.6666666666666665,33.76363636363636,64.31212121212121,41.38181818181818,73.17878787878787,0.2878787878787879,49.20909090909091,8.787878787878787,6.315151515151515,56.74848484848485,4.2303030303030305,3.3333333333333335,0.16363636363636366,0.18484848484848485,0.030303030303030304,0.0,0.5177272727272727,20.793939393939397,4.66969696969697,5.251515151515151,26.896969696969695,2.693939393939394,1.1242424242424243,30.71515151515152,70.39090909090909,33.95757575757576,73.91818181818182,2.2818181818181817,56.51818181818182,7.036363636363636,6.836363636363636,64.94848484848485,3.918181818181818,1.5242424242424242,2.096969696969697,35.724242424242426,2.3666666666666667,1.584848484848485,38.051515151515154,1.2242424242424244,0.39999999999999997,39.67575757575758,39.96060606060606,0.4421052631578948,0.4382659030728493,0.7355172413793104,0.02015355086372361,0.4869439846211353,0.8187679083094554,0.7999999999999999,0.524996466098101,0.565489254213425,0.9189907038512616,0.6320840705592193,0.3363479758828596,0.9729609929078015,0.5858722530676994,0.3124516627996906,0.2624254473161033,0.5636488871669034,0.5406059115319969
Antonina Shevchenko,Southpaw,No,No,No,Antonina Shevchenko,0.0,0.16666666666666666,0.125,0.16666666666666666,1.0861111111111112,10.833333333333334,4.333333333333333,1.8333333333333333,11.416666666666666,3.375,2.2083333333333335,17.0,32.333333333333336,26.666666666666668,45.041666666666664,0.375,24.416666666666668,5.916666666666667,2.0,25.0,4.166666666666667,3.1666666666666665,0.0,0.9166666666666666,0.2916666666666667,0.16666666666666666,1.7791666666666668,10.5,2.4166666666666665,1.9583333333333333,7.458333333333333,1.5833333333333333,5.833333333333333,14.875,31.541666666666668,36.5,56.5,1.5833333333333333,25.041666666666668,3.5833333333333335,2.9166666666666665,21.875,2.25,7.416666666666667,0.6666666666666666,14.541666666666666,1.1666666666666667,0.9583333333333334,14.416666666666666,0.6666666666666666,1.5833333333333333,16.666666666666668,20.0,0.4444444444444444,0.44368600682593856,0.732394366197183,0.08333333333333333,0.45666666666666667,0.8099999999999999,0.6973684210526316,0.5257731958762886,0.5920444033302499,0.42105263157894735,0.5806988352745425,0.32558139534883723,0.6857142857142857,0.6590476190476191,0.2962962962962963,0.2134831460674158,0.5284015852047557,0.35398230088495575
Cortney Casey,Orthodox,No,No,No,Cortney Casey,0.0,0.12222222222222223,0.15,0.044444444444444446,0.2824074074074074,14.333333333333334,2.277777777777778,4.311111111111111,16.516666666666666,2.4277777777777776,1.9777777777777779,20.92222222222222,53.91111111111112,32.31111111111111,66.56666666666666,0.4055555555555556,44.544444444444444,3.977777777777778,5.388888888888888,47.50555555555555,3.65,2.755555555555555,0.027777777777777776,0.75,0.05555555555555555,0.022222222222222223,1.513425925925926,12.088888888888889,3.783333333333333,4.072222222222222,15.950000000000001,2.033333333333333,1.961111111111111,19.944444444444446,44.394444444444446,29.08888888888889,55.23333333333333,1.2444444444444445,33.77222222222222,5.738888888888888,4.883333333333334,38.03888888888889,3.327777777777778,3.027777777777778,0.49444444444444446,21.683333333333334,1.9555555555555557,0.8111111111111112,22.08888888888889,1.2944444444444445,1.0666666666666667,24.45,26.144444444444446,0.3013698630136986,0.32177600399102024,0.5726256983240224,0.022680412371134023,0.34767863407788563,0.665144596651446,0.7177419354838711,0.3880873866446825,0.485394758804874,0.3973214285714286,0.6420463892087513,0.3407550822846078,0.8464163822525598,0.5806922739886082,0.3889816360601003,0.3522935779816515,0.5507445876611188,0.47334540333936825
Karl Roberson,Southpaw,No,No,No,Karl Roberson,0.03333333333333333,0.26666666666666666,0.15,0.18333333333333335,0.8219444444444445,6.333333333333333,1.7166666666666668,2.466666666666667,6.616666666666667,1.4333333333333333,2.466666666666667,10.516666666666667,20.733333333333334,17.483333333333334,28.733333333333334,0.5666666666666667,15.25,2.566666666666667,2.9166666666666665,16.2,1.5,3.033333333333333,0.13333333333333333,0.7666666666666666,0.3666666666666667,0.0,1.515,7.166666666666667,1.7833333333333332,0.7999999999999999,4.983333333333333,0.6666666666666666,4.1000000000000005,9.75,23.933333333333334,15.533333333333333,31.816666666666666,1.2166666666666668,19.566666666666666,2.9166666666666665,1.45,17.599999999999998,0.8666666666666667,5.466666666666666,0.45,12.4,1.1333333333333333,0.65,12.616666666666667,0.20000000000000004,1.3666666666666665,14.183333333333332,16.28333333333333,0.47058823529411764,0.4153005464480874,0.6688311688311688,0.09142857142857143,0.4084362139917696,0.9555555555555556,0.8131868131868133,0.5072347266881029,0.6084686774941995,0.3698630136986303,0.6337308347529813,0.38857142857142857,0.47126436781609193,0.7168560606060606,0.23076923076923084,0.24999999999999978,0.5926183844011141,0.5117862755369303
Jessica Eye,Orthodox,No,No,Yes,Jessica Eye,0.0,0.11785714285714285,0.0875,0.0,0.41047619047619044,11.696428571428573,3.3410714285714285,2.092857142857143,15.123214285714287,1.692857142857143,0.3142857142857143,17.130357142857143,53.58928571428571,20.967857142857145,58.525,0.2946428571428571,45.433928571428574,5.601785714285714,2.5535714285714284,50.542857142857144,2.664285714285714,0.3821428571428571,0.025,0.6071428571428571,0.10714285714285714,0.0,1.111220238095238,15.308928571428572,5.498214285714286,2.0160714285714283,18.59642857142857,2.5482142857142858,1.6785714285714284,22.823214285714286,47.05357142857143,31.53928571428571,58.88392857142858,1.1089285714285715,37.02321428571429,7.335714285714286,2.694642857142857,41.1875,3.2160714285714285,2.65,0.5017857142857143,21.714285714285715,1.8375,0.6785714285714286,22.59107142857143,0.6678571428571429,0.9714285714285715,24.230357142857144,27.344642857142855,0.4000000000000001,0.2574381951813859,0.5964297099139305,0.046153846153846156,0.29921565856416055,0.6353887399463808,0.8224299065420562,0.3196601132955682,0.3582718008177214,0.4524959742351048,0.5865046061833792,0.25048685491723466,0.7746852220013254,0.5484933882505961,0.20766240977234862,0.36657681940700815,0.5149525616698292,0.46438210765731625
Donald Cerrone,Orthodox,No,No,Yes,Donald Cerrone,0.2557017543859649,0.2648245614035088,0.06403508771929825,0.021052631578947368,0.4845687134502924,12.318070175438596,4.856842105263158,5.487280701754386,19.414473684210527,1.8079824561403508,1.4397368421052632,22.66219298245614,49.69385964912281,24.415263157894735,51.70175438596491,0.9822807017543859,36.54833333333333,6.601842105263158,6.543684210526315,45.01342105263158,2.5559649122807016,2.1244736842105265,0.05350877192982456,0.04517543859649122,0.027192982456140345,0.005263157894736842,0.12723099415204678,10.974035087719297,4.2071929824561405,4.553070175438597,17.695701754385965,1.7104385964912283,0.3281578947368421,19.734298245614035,41.17850877192983,21.866315789473685,43.59578947368421,0.9390350877192983,29.066929824561402,6.6112280701754385,5.500350877192982,38.22684210526315,2.43780701754386,0.513859649122807,0.893859649122807,18.092894736842105,2.404035087719298,0.947280701754386,20.531140350877195,0.7273684210526316,0.1857017543859649,21.44421052631579,21.729473684210525,0.2696017145918915,0.3370350725187267,0.7356798341770638,0.04047025389420628,0.4313041139777026,0.7073580890932802,0.6776910689954168,0.4560360805634499,0.47223277909738715,0.9518916394208314,0.6224563394223254,0.3636291264197007,0.9917868078591477,0.5370870105969443,0.2983699758914756,0.3613861386138614,0.5207621928488503,0.498430558238362
Uriah Hall,Orthodox,No,No,No,Uriah Hall,0.20720647773279355,0.0977327935222672,0.030526315789473686,0.10129554655870446,0.1887948717948718,10.455546558704453,3.486234817813765,3.0728744939271255,14.268259109311742,0.7421862348178138,2.004210526315789,17.014655870445345,36.925182186234814,21.39578947368421,41.55481781376518,0.2662348178137652,27.398623481781375,6.116113360323887,3.410445344129555,33.02550607287449,0.8540080971659918,3.0456680161943317,0.03643724696356275,0.39627530364372465,0.03643724696356275,0.0,1.377966261808367,18.023562753036437,2.57085020242915,2.7669635627530367,20.025668016194334,2.3269635627530363,1.008744939271255,23.361376518218623,48.61457489878543,33.444210526315786,61.58793522267206,1.1295546558704452,41.70607287449393,3.637165991902834,3.271336032388664,43.66582995951417,3.237004048582996,1.7117408906882592,0.7332793522267206,23.68251012145749,1.066315789473684,0.5043724696356275,23.64016194331984,0.9100404858299594,0.7029959514170041,25.2531983805668,28.143724696356276,0.36709245742092456,0.3816084616680409,0.570008208224111,0.02865690068615114,0.43203756144802824,0.8690622925950509,0.6580528526612431,0.46078732352979884,0.5148810799646143,0.6491756272401434,0.5678432057778555,0.29317215432222443,0.878864384544937,0.5413881280909669,0.2811366535758062,0.4106906338694418,0.5194573527207316,0.4569681479757721
Alan Baudot,Orthodox,No,No,No,Alan Baudot,0.08333333333333333,0.0,0.0,0.0,0.25138888888888883,15.416666666666666,3.9166666666666665,1.5555555555555554,15.888888888888888,3.3333333333333335,1.6666666666666667,20.88888888888889,36.5,24.25,39.86111111111111,0.0,30.527777777777775,4.333333333333333,1.6388888888888886,31.0,3.5,2.0,0.0,0.8055555555555555,0.0,0.0,1.7564814814814813,11.638888888888888,2.0,3.722222222222222,12.638888888888891,1.111111111111111,3.6111111111111107,17.36111111111111,33.77777777777778,31.361111111111114,52.333333333333336,2.0,27.277777777777782,2.0,4.5,26.666666666666668,1.8333333333333333,5.277777777777778,1.1944444444444444,15.638888888888891,0.0,0.7777777777777778,14.027777777777779,0.7222222222222223,1.6666666666666667,16.416666666666668,20.972222222222225,,0.5050045495905369,0.9038461538461539,0.0,0.5125448028673835,0.9523809523809524,0.8333333333333334,0.5722983257229832,0.6083623693379792,0.5972222222222223,0.5733197556008147,0.0,0.8209876543209876,0.5260416666666666,0.39393939393939403,0.3157894736842106,0.4860197368421053,0.40074309978768574
Raulian Paiva,Orthodox,No,No,No,Raulian Paiva,0.06666666666666667,0.21428571428571427,0.06666666666666667,0.0,0.5068650793650794,11.042857142857143,5.235714285714286,2.664285714285714,17.223809523809525,1.1761904761904762,0.5428571428571428,18.94285714285714,47.392857142857146,21.857142857142858,51.05714285714286,1.0166666666666666,35.892857142857146,8.235714285714286,3.2642857142857147,44.64761904761905,1.707142857142857,1.0380952380952382,0.09523809523809523,0.7904761904761904,0.0,0.047619047619047616,0.6211111111111111,13.58809523809524,4.454761904761905,3.9880952380952386,19.733333333333334,0.8404761904761905,1.4571428571428573,22.03095238095238,46.554761904761904,24.821428571428573,49.65952380952381,3.1857142857142855,35.65952380952381,6.466666666666666,4.428571428571428,43.40952380952381,1.269047619047619,1.8761904761904764,2.395238095238095,22.071428571428573,2.011904761904762,0.44047619047619047,23.676190476190474,0.42857142857142855,0.41904761904761906,24.523809523809522,24.83809523809524,0.2107728337236534,0.3076616915422885,0.6357328707718994,0.06564551422319474,0.38577218430034127,0.6889818688981869,0.5229357798165136,0.3996985681989449,0.4280917739227756,0.7518684603886397,0.6189490552180008,0.31111929307805586,0.821505376344086,0.5454146555506801,0.33771106941838647,0.2233502538071066,0.5267733851582876,0.5001678093685573
Tony Kelley,Switch,No,No,No,Tony Kelley,0.0,0.0,0.3333333333333333,0.0,0.588425925925926,13.805555555555557,9.944444444444445,4.027777777777778,16.72222222222222,8.5,2.555555555555556,27.777777777777782,57.72222222222222,46.80555555555555,78.19444444444444,0.1111111111111111,37.02777777777778,15.472222222222221,5.222222222222222,43.25,10.694444444444445,3.777777777777778,0.08333333333333333,1.0833333333333333,0.08333333333333333,0.0,1.4893518518518516,11.916666666666666,9.805555555555555,2.2777777777777777,18.97222222222222,4.305555555555556,0.7222222222222222,24.0,43.361111111111114,30.222222222222225,51.52777777777778,2.6944444444444446,29.416666666666668,11.0,2.9444444444444446,37.69444444444444,4.583333333333333,1.0833333333333333,1.611111111111111,17.5,1.1944444444444444,0.6666666666666666,18.72222222222222,0.27777777777777773,0.3611111111111111,19.36111111111111,21.305555555555557,0.0,0.3728432108027007,0.6427289048473969,0.0,0.38664097623635196,0.7948051948051947,0.6764705882352942,0.4812319538017325,0.5985790408525754,0.597938144329897,0.594900849858357,0.10858585858585856,0.6320754716981132,0.49668386145910093,0.06060606060606044,0.33333333333333326,0.44650864830237036,0.413477088948787
Eddie Wineland,Orthodox,No,No,Yes,Eddie Wineland,0.23133116883116886,0.0625,0.0,0.0,0.12780032467532468,11.789772727272727,3.2215909090909087,0.7924783549783551,13.938041125541126,0.6360930735930735,1.2297077922077921,15.803841991341992,53.43912337662338,16.7478354978355,54.383116883116884,0.35281385281385286,46.432629870129865,5.986742424242425,1.0197510822510822,50.21185064935065,1.061417748917749,2.1658549783549783,0.11363636363636365,0.09875541125541125,0.0,0.0,0.2476866883116883,11.76271645021645,3.702922077922078,3.849296536796537,16.876352813852815,1.371212121212121,1.06737012987013,19.314935064935067,51.82142857142858,20.721861471861473,53.40097402597403,1.400974025974026,40.22077922077922,6.6734307359307365,4.9272186147186146,47.84902597402597,1.7673160173160174,2.2050865800865798,1.3022186147186148,28.458062770562766,2.970508658008658,1.077922077922078,30.97267316017316,0.39610389610389607,1.1377164502164503,32.506493506493506,32.67911255411256,0.17714723926380366,0.2539113713836203,0.5381208478329641,0.06128946670204298,0.2775846925634352,0.599286260514912,0.5677701436602124,0.2957354273939173,0.3079601990049751,0.9295094631131711,0.7075462813475406,0.44512467058585037,0.9799571687441656,0.6472999717274526,0.2241273729332518,0.5159509202453987,0.6272789925443267,0.6119572376754319
Gloria de Paula,Orthodox,No,No,No,Gloria de Paula,0.0,0.3333333333333333,0.0,0.0,0.6620370370370371,17.36111111111111,3.6388888888888893,2.6944444444444446,20.972222222222225,2.722222222222222,0.0,23.694444444444443,44.77777777777777,29.833333333333332,52.666666666666664,0.8333333333333334,37.638888888888886,4.361111111111111,2.777777777777778,41.77777777777778,2.888888888888889,0.1111111111111111,0.08333333333333333,0.5,0.2222222222222222,0.0,1.2226851851851852,13.027777777777779,4.305555555555556,4.555555555555556,19.63888888888889,1.1666666666666667,1.0833333333333333,21.888888888888886,65.0,28.5,74.47222222222223,0.9166666666666666,52.97222222222222,6.388888888888889,5.638888888888888,62.416666666666664,1.25,1.3333333333333333,0.4166666666666667,39.94444444444444,2.0833333333333335,1.0833333333333333,42.77777777777778,0.08333333333333333,0.25,43.111111111111114,45.97222222222223,0.39999999999999997,0.4612546125461255,0.8343949044585989,0.11999999999999998,0.5019946808510639,0.9423076923076922,0.0,0.5291563275434243,0.5664556962025317,0.4545454545454545,0.7540639748295752,0.326086956521739,0.9113300492610837,0.6853582554517134,0.06666666666666665,0.1875,0.6632478632478633,0.617306975009325
Deron Winn,Orthodox,No,No,No,Deron Winn,0.0,1.3499999999999999,0.0,0.08333333333333333,1.3577777777777778,15.866666666666665,4.2,1.5333333333333332,17.333333333333332,3.516666666666667,0.75,21.599999999999998,48.28333333333333,27.8,55.68333333333334,2.533333333333333,41.65,5.1000000000000005,1.5333333333333332,42.0,5.466666666666666,0.8166666666666668,0.15,0.2333333333333333,0.08333333333333333,0.0,0.15694444444444444,23.766666666666666,4.783333333333333,0.5499999999999999,22.266666666666666,4.783333333333333,2.0500000000000003,29.099999999999998,54.6,32.86666666666667,59.03333333333333,0.3666666666666667,48.800000000000004,5.25,0.5499999999999999,46.18333333333334,5.95,2.466666666666667,0.13333333333333333,25.03333333333333,0.4666666666666666,0.0,23.916666666666668,1.1666666666666667,0.4166666666666667,25.5,26.166666666666668,0.5328947368421052,0.38095238095238093,0.8235294117647058,0.8804347826086957,0.4126984126984127,0.6432926829268294,0.9183673469387754,0.44735933724542626,0.4992517210416043,0.36363636363636376,0.5129781420765027,0.0888888888888889,0.5757575757575757,0.5178635871526525,0.1960784313725491,0.16891891891891886,0.46703296703296704,0.4432523997741389
Danny Chavez,Orthodox,No,No,No,Danny Chavez,0.0,0.6388888888888888,0.0,0.0,0.3101851851851851,7.527777777777779,2.055555555555556,3.722222222222222,10.75,1.2222222222222223,1.3333333333333333,13.305555555555557,34.52777777777778,15.305555555555555,36.52777777777778,1.0833333333333333,26.527777777777775,3.111111111111111,4.888888888888888,30.805555555555557,1.9722222222222223,1.75,0.08333333333333333,0.2222222222222222,0.0,0.0,1.188425925925926,7.972222222222222,4.805555555555555,5.055555555555556,15.0,1.8333333333333333,1.0,17.833333333333332,36.333333333333336,29.38888888888889,49.0,1.722222222222222,23.36111111111111,6.75,6.222222222222221,32.27777777777778,2.611111111111111,1.4444444444444444,1.5,15.388888888888888,1.9444444444444444,1.1666666666666667,17.277777777777775,0.7777777777777778,0.4444444444444444,18.5,19.61111111111111,0.5897435897435898,0.28376963350785345,0.6607142857142858,0.13068181818181818,0.3489630297565374,0.619718309859155,0.7619047619047619,0.3853580048270314,0.4190114068441064,0.8709677419354839,0.6587395957193817,0.2880658436213992,0.9642857142857143,0.5352839931153184,0.297872340425532,0.3076923076923077,0.5091743119266056,0.40022675736961455
Ramazan Emeev,Southpaw,No,No,No,Ramazan Emeev,0.041666666666666664,0.75,0.21428571428571427,0.047619047619047616,1.3156746031746032,9.119047619047619,2.4702380952380953,0.8095238095238094,8.095238095238095,3.095238095238095,1.2083333333333333,12.398809523809524,27.43452380952381,19.94047619047619,36.261904761904766,2.589285714285714,23.02976190476191,3.3630952380952377,1.0416666666666667,21.67857142857143,4.107142857142857,1.6488095238095237,0.041666666666666664,0.23214285714285712,0.08928571428571429,0.0,0.35625,5.017857142857143,2.035714285714286,3.4285714285714284,7.625,2.511904761904762,0.3452380952380952,10.482142857142858,30.44047619047619,16.708333333333332,37.26190476190476,0.6904761904761904,22.43452380952381,3.4404761904761902,4.565476190476191,26.142857142857142,3.8095238095238098,0.4880952380952381,0.4583333333333333,17.416666666666668,1.4047619047619049,1.1369047619047619,18.517857142857142,1.2976190476190477,0.14285714285714285,19.958333333333332,20.553571428571427,0.2896551724137931,0.3959679503747738,0.7345132743362833,0.72,0.37342119714442606,0.7536231884057971,0.7328519855595668,0.45194185289650685,0.5499015101772816,0.6637931034482758,0.7763332448925444,0.408304498269896,0.9491525423728814,0.7083333333333333,0.34062500000000007,0.29268292682926844,0.6556511536957372,0.5515974440894569
Liang Na,,No,No,No,Liang Na,0.0,0.0,0.0,0.0,0.15,4.0,0.0,0.0,4.0,0.0,0.0,4.0,17.0,4.0,17.0,2.0,17.0,0.0,0.0,17.0,0.0,0.0,1.0,0.0,0.0,0.0,0.0,8.0,0.0,0.0,6.0,2.0,0.0,8.0,12.0,10.0,14.0,0.0,12.0,0.0,0.0,9.0,3.0,0.0,0.0,4.0,0.0,0.0,3.0,1.0,0.0,4.0,4.0,0.0,0.23529411764705882,,,0.23529411764705882,,,0.23529411764705882,0.23529411764705882,,0.33333333333333337,,,0.33333333333333337,0.33333333333333337,,0.33333333333333337,0.2857142857142857
Taila Santos,Orthodox,No,No,Yes,Taila Santos,0.10666666666666666,0.7266666666666667,0.32,0.24,1.7258888888888886,7.346666666666667,3.3600000000000003,5.373333333333333,11.866666666666667,1.4066666666666667,2.8066666666666666,16.080000000000002,31.566666666666663,30.486666666666668,47.05333333333333,0.8,20.18,5.266666666666667,6.12,25.96666666666666,1.7600000000000002,3.84,0.0,0.5133333333333333,0.08,0.0,0.9781111111111113,9.02,2.3866666666666667,3.2266666666666666,12.746666666666666,1.0533333333333332,0.8333333333333333,14.633333333333335,32.00666666666667,33.04666666666667,51.660000000000004,1.0866666666666667,24.96,3.34,3.706666666666666,29.346666666666664,1.6866666666666668,0.9733333333333333,0.5733333333333333,15.940000000000001,0.9533333333333334,0.48,16.6,0.6333333333333334,0.13999999999999999,17.373333333333335,18.613333333333333,0.9083333333333333,0.36405682193591016,0.6379746835443039,0.1187363834422658,0.45699614890885765,0.7992424242424242,0.7309027777777778,0.5093980992608238,0.6479172570133184,0.5276073619631902,0.6386217948717949,0.28542914171656686,0.8615107913669064,0.5656519763743753,0.3754940711462451,0.14383561643835618,0.542803582586961,0.36030455542650663
Joanna Jedrzejczyk,Orthodox,Yes,No,Yes,Joanna Jedrzejczyk,0.013333333333333332,0.09761904761904762,0.016666666666666666,0.0,0.35300396825396824,15.48333333333333,7.809047619047618,9.332142857142859,27.107857142857142,5.28547619047619,0.23119047619047617,32.62452380952381,66.84333333333333,36.724761904761905,71.25666666666667,0.1526190476190476,44.19833333333334,11.156428571428572,11.48857142857143,59.25,7.262142857142857,0.33119047619047615,0.04095238095238095,0.4119047619047619,0.03,0.0,0.9582380952380953,10.900714285714285,2.4850000000000003,3.206428571428572,13.497857142857143,2.117857142857143,0.9764285714285714,16.592142857142857,45.33309523809523,20.173333333333336,49.26714285714286,2.1045238095238092,35.91142857142857,4.76095238095238,4.6607142857142865,40.74809523809524,3.4542857142857146,1.1307142857142858,1.6926190476190477,25.010714285714286,2.275952380952381,1.4542857142857142,27.250238095238092,1.3364285714285713,0.15428571428571428,28.740952380952383,29.093809523809522,0.639625585023401,0.35031486858478816,0.6999594510958874,0.008497057116803448,0.4575165762507535,0.7278122028785942,0.698058950395399,0.4880744598243227,0.5153870314557033,0.8042765018667271,0.6964555652796564,0.47804560912182426,0.9116219667943806,0.6687487583410268,0.3868899917287014,0.13644977890082133,0.6339949264439413,0.5905316979344873
Askar Mozharov,,No,No,No,Askar Mozharov,0.0,0.0,0.0,0.0,0.0,1.0,1.0,0.0,2.0,0.0,0.0,2.0,11.0,11.0,20.0,0.0,9.0,2.0,0.0,11.0,0.0,0.0,0.0,2.0,0.0,0.0,4.316666666666666,18.0,1.0,0.0,3.0,0.0,16.0,19.0,22.0,55.0,59.0,3.0,21.0,1.0,0.0,6.0,0.0,16.0,1.0,3.0,0.0,0.0,3.0,0.0,0.0,3.0,4.0,,0.1111111111111111,0.5,,0.18181818181818182,,,0.18181818181818182,0.55,0.33333333333333337,0.1428571428571429,0.0,-inf,0.5,,0.0,0.13636363636363635,0.06779661016949157
Felice Herrig,Orthodox,No,No,No,Felice Herrig,0.0,0.3361111111111111,0.23055555555555554,0.13055555555555556,1.176111111111111,11.177777777777777,5.111111111111111,1.8583333333333334,12.888888888888888,3.5361111111111114,1.722222222222222,18.147222222222222,48.17222222222222,26.53611111111111,57.75833333333333,1.1055555555555554,37.36388888888889,7.716666666666666,3.091666666666667,41.12222222222223,4.836111111111111,2.213888888888889,0.0,0.19722222222222222,0.21666666666666667,0.2388888888888889,0.995,16.425,4.986111111111111,3.358333333333333,15.694444444444443,5.072222222222222,4.002777777777777,24.769444444444446,47.84722222222222,36.06111111111111,60.49444444444445,0.8361111111111111,37.61666666666667,6.302777777777777,3.9277777777777776,36.86388888888889,6.077777777777778,4.905555555555556,0.6388888888888888,21.191666666666666,1.3166666666666667,0.5694444444444445,21.169444444444444,1.0055555555555555,0.9027777777777777,23.07777777777778,24.433333333333334,0.3040201005025126,0.29915991376105866,0.6623470122390209,0.10871518418688228,0.31342880302620907,0.7311889718552557,0.7779171894604767,0.37671548840964136,0.45943346318472567,0.7641196013289037,0.5633584404076207,0.20890260026443364,0.9497878359264498,0.5742596639288675,0.1654478976234005,0.18403171007927532,0.482322206095791,0.4038938378179815
Jeff Molina,Orthodox,No,No,No,Jeff Molina,0.3333333333333333,0.0,0.0,0.0,0.48703703703703694,35.72222222222222,3.8333333333333335,1.5555555555555554,34.55555555555555,1.888888888888889,4.666666666666667,41.111111111111114,79.55555555555556,58.833333333333336,99.05555555555556,0.1111111111111111,73.22222222222223,4.444444444444444,1.888888888888889,71.5,2.1666666666666665,5.888888888888889,0.0,0.611111111111111,0.0,0.0,0.9842592592592592,12.944444444444443,7.5555555555555545,2.777777777777778,20.944444444444443,1.6666666666666667,0.6666666666666666,23.277777777777775,53.88888888888889,29.61111111111111,60.94444444444445,2.3333333333333335,41.11111111111111,9.722222222222223,3.0555555555555554,50.55555555555555,2.4444444444444446,0.8888888888888888,1.7222222222222223,28.166666666666668,2.1666666666666665,0.27777777777777773,29.61111111111111,0.7777777777777777,0.2222222222222222,30.61111111111111,31.333333333333332,0.0,0.4878603945371775,0.8625000000000002,0.0,0.4832944832944832,0.8717948717948719,0.7924528301886793,0.5167597765363129,0.5939427930454291,0.7380952380952381,0.6851351351351351,0.2228571428571431,0.8,0.5857142857142856,0.31818181818181823,0.25,0.5680412371134022,0.5141294439380129
Alex Da Silva,Orthodox,No,No,No,Alex Da Silva,0.08333333333333333,0.611111111111111,0.08333333333333333,0.08333333333333333,2.4560185185185186,7.0555555555555545,2.4166666666666665,1.5833333333333333,8.61111111111111,0.861111111111111,1.5833333333333333,11.055555555555557,24.111111111111114,21.0,36.55555555555555,1.4722222222222223,19.5,2.805555555555556,1.8055555555555554,20.916666666666668,1.1666666666666667,2.0277777777777777,0.0,0.25,0.3333333333333333,0.08333333333333333,0.7476851851851852,10.277777777777777,1.75,1.0277777777777777,10.61111111111111,1.0,1.4444444444444444,13.055555555555557,30.722222222222218,23.472222222222225,42.416666666666664,1.1944444444444444,27.416666666666668,2.1666666666666665,1.138888888888889,27.722222222222218,1.388888888888889,1.611111111111111,0.9444444444444443,17.13888888888889,0.4166666666666667,0.1111111111111111,17.11111111111111,0.38888888888888884,0.16666666666666666,17.666666666666668,18.944444444444446,0.4150943396226414,0.3618233618233618,0.8613861386138613,0.3384615384615385,0.41168658698539173,0.738095238095238,0.7808219178082192,0.45852534562211983,0.574468085106383,0.7906976744186046,0.6251266464032422,0.1923076923076923,0.7804878048780488,0.6172344689378757,0.28000000000000014,0.10344827586206884,0.5750452079566002,0.44662737393582175
Poliana Botelho,Orthodox,No,No,No,Poliana Botelho,0.047619047619047616,0.2619047619047619,0.0,0.0,0.8753968253968254,6.345238095238095,4.0,2.261904761904762,7.0476190476190474,4.511904761904762,1.0476190476190477,12.607142857142856,21.96428571428571,32.202380952380956,44.05952380952382,0.5119047619047619,13.761904761904761,5.6309523809523805,2.5714285714285716,15.392857142857144,5.476190476190477,1.0952380952380951,0.0,0.35714285714285715,0.09523809523809523,0.0,2.30734126984127,7.2976190476190474,3.2380952380952386,3.2738095238095237,7.30952380952381,1.7857142857142858,4.714285714285714,13.80952380952381,29.297619047619047,33.273809523809526,51.75,1.7738095238095237,19.523809523809522,4.7976190476190474,4.976190476190476,20.523809523809522,2.0833333333333335,6.69047619047619,1.4166666666666667,12.226190476190476,1.5595238095238095,1.7023809523809526,13.214285714285714,0.2976190476190476,1.9761904761904763,15.488095238095239,18.476190476190478,0.5116279069767442,0.4610726643598616,0.7103594080338267,0.10185185185185185,0.4578499613302397,0.8239130434782607,0.9565217391304349,0.5739837398373984,0.730883544987841,0.7986577181208053,0.626219512195122,0.32506203473945394,0.9282296650717703,0.6438515081206495,0.1428571428571429,0.295373665480427,0.5286468915075173,0.35702783528870485
Niklas Stolze,Switch,No,No,No,Niklas Stolze,0.0,0.3333333333333333,0.16666666666666666,0.0,0.10555555555555556,3.388888888888889,1.5555555555555556,2.7222222222222228,6.444444444444444,0.6666666666666666,0.5555555555555555,7.666666666666667,17.0,11.666666666666666,21.666666666666668,0.3333333333333333,10.5,2.1666666666666665,4.333333333333333,14.777777777777779,1.3333333333333333,0.8888888888888888,0.1111111111111111,1.1666666666666667,0.5,0.0,2.3555555555555556,5.888888888888889,1.611111111111111,0.9444444444444443,4.944444444444444,2.611111111111111,0.888888888888889,8.444444444444445,16.77777777777778,21.777777777777775,32.833333333333336,3.0555555555555554,13.611111111111112,2.0555555555555554,1.111111111111111,12.388888888888888,3.277777777777778,1.1111111111111112,1.888888888888889,7.722222222222222,0.4444444444444444,0.16666666666666666,7.444444444444444,0.6666666666666666,0.2222222222222222,8.333333333333334,11.055555555555555,1.0,0.32275132275132273,0.7179487179487181,0.07692307692307693,0.4360902255639097,0.5,0.6249999999999999,0.45098039215686275,0.5384615384615384,0.6181818181818182,0.5673469387755102,0.21621621621621623,-0.050000000000000266,0.600896860986547,0.2033898305084747,0.19999999999999996,0.4966887417218543,0.33671742808798655
Zarrukh Adashev,Southpaw,No,No,No,Zarrukh Adashev,0.0,0.0,0.08333333333333333,0.0,0.11805555555555554,10.916666666666666,2.0,2.75,14.333333333333334,1.0,0.3333333333333333,15.666666666666666,39.0,16.166666666666668,39.5,0.6666666666666666,31.5,4.083333333333333,3.4166666666666665,37.0,1.3333333333333333,0.6666666666666666,0.25,0.0,0.0,0.0,0.17361111111111108,8.166666666666666,1.6666666666666667,2.8333333333333335,11.666666666666666,0.0,1.0,12.666666666666666,37.916666666666664,15.166666666666666,41.083333333333336,0.16666666666666666,30.75,3.6666666666666665,3.5,36.833333333333336,0.0,1.0833333333333333,0.16666666666666666,22.583333333333332,2.0,0.6666666666666666,25.166666666666668,0.0,0.08333333333333333,25.25,25.916666666666668,0.0,0.34656084656084657,0.489795918367347,0.0,0.3873873873873874,0.75,0.5,0.40170940170940167,0.409282700421941,1.0,0.7344173441734417,0.5454545454545454,1.0,0.6832579185520362,,0.07692307692307687,0.665934065934066,0.6308316430020284
Andreas Michailidis,Orthodox,No,No,No,Andreas Michailidis,0.0,0.25,0.0,0.08333333333333333,0.5763888888888888,6.527777777777778,3.5555555555555554,2.361111111111111,10.75,1.1944444444444444,0.5,12.444444444444445,25.222222222222225,16.5,29.444444444444443,1.0,18.0,4.5,2.7222222222222228,22.944444444444443,1.6944444444444444,0.5833333333333334,0.1111111111111111,0.5277777777777778,0.0,0.0,1.6124999999999998,5.611111111111112,3.3888888888888893,8.833333333333334,12.25,2.9444444444444446,2.638888888888889,17.833333333333332,30.777777777777775,26.472222222222225,40.583333333333336,1.1944444444444444,15.055555555555555,4.611111111111112,11.111111111111109,24.25,3.4444444444444446,3.0833333333333335,0.6666666666666666,9.444444444444445,1.222222222222222,2.277777777777778,12.0,0.5,0.4444444444444444,12.944444444444445,14.111111111111112,0.25,0.3626543209876543,0.7901234567901234,0.09183673469387753,0.4685230024213075,0.7049180327868853,0.8571428571428571,0.49339207048458145,0.560377358490566,0.5581395348837209,0.6273062730627306,0.2650602409638554,0.9525,0.4948453608247423,0.14516129032258063,0.14414414414414423,0.42057761732851984,0.34770704996577684
Felipe Colares,Orthodox,No,No,No,Felipe Colares,0.0,0.611111111111111,0.16666666666666666,0.16666666666666666,1.2953703703703703,6.444444444444444,3.3888888888888893,0.7777777777777778,8.166666666666666,1.1111111111111112,1.3333333333333333,10.611111111111112,23.444444444444446,19.166666666666668,34.0,2.5,17.333333333333332,4.944444444444445,1.1666666666666667,19.555555555555557,1.777777777777778,2.111111111111111,0.1111111111111111,1.388888888888889,0.2222222222222222,0.4444444444444444,1.9370370370370367,17.055555555555554,3.3333333333333335,2.3333333333333335,15.055555555555557,4.777777777777778,2.888888888888889,22.722222222222225,36.0,34.38888888888889,49.61111111111111,2.4444444444444446,29.333333333333332,4.111111111111111,2.555555555555556,26.11111111111111,6.333333333333333,3.555555555555556,1.0555555555555556,12.277777777777779,0.7777777777777778,0.2222222222222222,11.055555555555555,1.5555555555555556,0.6666666666666666,13.277777777777779,15.222222222222223,0.2444444444444444,0.3717948717948718,0.6853932584269663,0.5238095238095237,0.4176136363636363,0.625,0.631578947368421,0.45260663507109006,0.5637254901960784,0.43181818181818177,0.4185606060606061,0.18918918918918903,0.4565217391304348,0.4234042553191488,0.24561403508771928,0.1875000000000001,0.36882716049382713,0.30683090705487104
Louis Smolka,Orthodox,No,No,No,Louis Smolka,0.06127450980392157,0.5424836601307189,0.5506535947712418,0.33169934640522875,1.2170479302832244,13.482843137254903,4.715686274509804,1.451797385620915,12.042483660130719,2.110294117647059,5.497549019607843,19.65032679738562,41.931372549019606,24.246732026143793,47.20669934640523,1.4477124183006538,33.38970588235294,6.919934640522875,1.6217320261437909,30.46732026143791,2.901143790849673,8.562908496732026,0.11764705882352942,1.1609477124183007,0.5155228758169935,0.20343137254901963,1.1149782135076254,9.606209150326798,4.515522875816994,2.4926470588235294,11.966503267973856,2.1928104575163396,2.4550653594771243,16.61437908496732,36.63562091503268,22.830882352941178,43.6062091503268,1.7671568627450982,26.769607843137255,7.06454248366013,2.801470588235294,30.014705882352942,3.2630718954248366,3.357843137254902,0.6062091503267973,17.163398692810457,2.549019607843137,0.3088235294117647,18.048202614379083,1.0702614379084967,0.9027777777777778,20.02124183006536,20.77532679738562,0.37471783295711053,0.4038023930118183,0.6814639905548997,0.33450881612090677,0.3952590367907326,0.7274007321881161,0.6420188913271634,0.4686306601200218,0.5136290476108063,0.34304207119741104,0.6411524140877739,0.3608187810801433,0.5855934674832313,0.6013119930317383,0.32799198798197304,0.2688564476885644,0.5464965880201597,0.476430471765279
Frank Camacho,Orthodox,No,No,No,Frank Camacho,0.0,0.27777777777777773,0.0,0.10833333333333334,0.3351851851851852,26.07777777777778,6.069444444444444,0.425,29.75,2.7138888888888886,0.10833333333333334,32.57222222222222,69.81666666666666,41.111111111111114,79.09166666666667,0.7611111111111111,61.166666666666664,8.141666666666667,0.5083333333333333,65.67777777777778,3.7527777777777778,0.38611111111111107,0.19166666666666665,0.2916666666666667,0.08333333333333333,0.0,0.24990740740740738,25.230555555555554,6.077777777777778,4.538888888888889,33.08611111111111,2.111111111111111,0.65,35.84722222222222,75.53333333333333,38.15555555555556,77.95277777777778,1.511111111111111,61.81666666666666,8.488888888888889,5.227777777777778,71.54722222222222,2.961111111111111,1.0250000000000001,1.2194444444444443,36.58611111111111,2.411111111111111,0.6888888888888888,38.46111111111111,0.85,0.375,39.68611111111111,39.797222222222224,0.364963503649635,0.42633969118982745,0.745479358580689,0.5464480874316939,0.45296904077144307,0.7231680236861583,0.28057553956834536,0.4665393490888836,0.5197906788887718,0.8069852941176471,0.5918486564213175,0.28403141361256534,0.9442082890541976,0.5375626043405677,0.2870544090056284,0.36585365853658547,0.5254118858487791,0.5105298792003705
Aleksandar Rakic,Orthodox,No,No,No,Aleksandar Rakic,0.18055555555555555,0.25,0.041666666666666664,0.0,1.8456018518518518,10.791666666666666,3.138888888888889,4.402777777777778,10.38888888888889,2.0555555555555554,5.888888888888889,18.333333333333332,36.36111111111111,36.708333333333336,56.236111111111114,1.0,26.222222222222225,4.055555555555555,6.083333333333333,26.194444444444443,2.5416666666666665,7.625,0.041666666666666664,0.1111111111111111,0.05555555555555555,0.0,0.17546296296296296,4.680555555555556,2.3333333333333335,3.375,7.833333333333333,2.0416666666666665,0.5138888888888888,10.388888888888888,22.347222222222218,18.430555555555557,30.61111111111111,1.0138888888888888,14.277777777777779,3.9166666666666665,4.152777777777778,19.069444444444446,2.5555555555555554,0.7222222222222223,0.9027777777777778,9.597222222222223,1.5833333333333333,0.7777777777777778,11.236111111111109,0.5138888888888888,0.20833333333333334,11.958333333333334,12.180555555555557,0.25,0.41154661016949146,0.773972602739726,0.04109589041095891,0.3966065747613998,0.8087431693989071,0.7723132969034608,0.5042016806722689,0.6527537663620647,0.8904109589041096,0.6721789883268482,0.4042553191489361,0.9732441471571907,0.5892206846321923,0.20108695652173914,0.28846153846153866,0.5351149782473585,0.3979128856624319
Alan Patrick,Southpaw,No,No,No,Alan Patrick,0.03333333333333333,0.9148148148148149,0.08888888888888889,0.0,1.759814814814815,5.0851851851851855,1.9925925925925927,1.114814814814815,5.566666666666666,0.9,1.7259259259259256,8.192592592592593,20.35925925925926,18.014814814814816,32.285185185185185,2.640740740740741,15.44814814814815,3.6370370370370373,1.2740740740740741,16.618518518518517,1.3185185185185184,2.422222222222222,0.12962962962962962,0.3333333333333333,0.1037037037037037,0.0,0.8540123456790124,8.896296296296297,3.7148148148148152,1.211111111111111,7.466666666666666,2.314814814814815,4.04074074074074,13.822222222222223,24.08888888888889,23.34814814814815,34.86296296296297,0.6148148148148148,17.74074074074074,5.014814814814815,1.3333333333333333,15.696296296296296,3.114814814814815,5.277777777777778,0.2814814814814815,8.844444444444443,1.3,0.12222222222222223,8.22962962962963,0.7999999999999999,1.2370370370370372,10.266666666666667,11.514814814814814,0.34642356241234223,0.3291776552385519,0.5478615071283096,0.7180232558139535,0.3349676844216626,0.6825842696629214,0.7125382262996941,0.4024013098053484,0.5579901342204887,0.45783132530120485,0.4985386221294362,0.25923190546528796,0.75,0.5243039169419538,0.2568370986920333,0.2343859649122808,0.4261992619926199,0.33028789971316264
Ariane Carnelossi,Orthodox,No,No,No,Ariane Carnelossi,0.0,0.4444444444444444,0.1111111111111111,0.25,0.8907407407407407,8.833333333333334,1.5833333333333333,2.055555555555556,8.916666666666666,2.25,1.3055555555555556,12.472222222222221,30.833333333333332,23.88888888888889,44.361111111111114,0.8055555555555555,25.88888888888889,2.722222222222222,2.2222222222222223,25.13888888888889,4.138888888888888,1.5555555555555556,0.0,1.0,0.25,0.16666666666666666,1.5671296296296295,13.138888888888888,5.555555555555556,0.8333333333333334,11.75,5.055555555555555,2.722222222222222,19.52777777777778,34.75,32.02777777777778,50.44444444444445,1.0833333333333333,26.305555555555557,7.527777777777778,0.9166666666666666,25.11111111111111,6.555555555555556,3.0833333333333335,0.08333333333333333,13.166666666666666,1.9722222222222223,0.08333333333333333,13.361111111111112,1.5,0.3611111111111111,15.222222222222221,18.416666666666668,0.5517241379310345,0.34120171673819744,0.5816326530612246,0.19999999999999998,0.35469613259668503,0.5436241610738256,0.8392857142857143,0.4045045045045045,0.538509705698184,0.07692307692307687,0.5005279831045407,0.26199261992619916,-0.09090909090909105,0.5320796460176991,0.22881355932203395,0.11711711711711725,0.4380495603517186,0.36508810572687234
Tristan Connelly,Orthodox,No,No,No,Tristan Connelly,0.0,0.1111111111111111,0.1111111111111111,0.0,0.8907407407407408,12.111111111111109,2.4444444444444446,2.0,8.777777777777777,4.333333333333333,3.4444444444444446,16.555555555555557,32.44444444444445,38.22222222222222,56.11111111111111,0.7777777777777777,27.0,3.444444444444444,2.0,22.222222222222225,5.888888888888889,4.333333333333333,0.1111111111111111,0.8888888888888888,0.2222222222222222,0.0,2.3203703703703704,10.777777777777777,3.6666666666666665,0.3333333333333333,8.0,4.666666666666667,2.111111111111111,14.777777777777777,30.111111111111114,32.666666666666664,51.55555555555555,2.2222222222222223,24.555555555555557,5.111111111111112,0.4444444444444444,22.222222222222225,5.444444444444444,2.4444444444444446,1.3333333333333333,13.777777777777779,1.4444444444444444,0.1111111111111111,14.222222222222223,0.7777777777777778,0.3333333333333333,15.333333333333334,18.88888888888889,0.14285714285714288,0.4485596707818929,0.7096774193548389,0.05555555555555555,0.3949999999999999,0.7358490566037735,0.7948717948717949,0.5102739726027397,0.6811881188118812,0.6000000000000001,0.5610859728506787,0.28260869565217406,-1.0,0.6400000000000001,0.14285714285714268,0.13636363636363646,0.5092250922509226,0.3663793103448275
Gina Mazany,Southpaw,No,No,No,Gina Mazany,0.1111111111111111,1.2055555555555555,0.06666666666666667,0.0,1.7497222222222224,9.630555555555555,4.997222222222223,1.888888888888889,9.65,3.908333333333333,2.9583333333333335,16.516666666666666,32.53611111111111,39.300000000000004,60.48333333333333,2.3222222222222224,23.958333333333332,6.2749999999999995,2.3027777777777776,22.302777777777777,5.963888888888889,4.269444444444445,0.041666666666666664,0.16666666666666666,0.041666666666666664,0.13333333333333333,0.9074074074074074,8.347222222222223,4.961111111111111,0.4527777777777778,7.897222222222222,4.422222222222222,1.4416666666666667,13.761111111111111,28.758333333333336,19.994444444444444,36.5,0.3194444444444444,21.555555555555557,6.194444444444444,1.0083333333333333,21.222222222222225,5.311111111111111,2.225,0.15277777777777776,13.208333333333334,1.2333333333333334,0.5555555555555556,13.325000000000001,0.8888888888888888,0.7833333333333333,14.997222222222222,16.505555555555556,0.5191387559808611,0.40197101449275363,0.7963700752545375,0.5235223160434258,0.432681529455723,0.6553330228225431,0.6929082628497072,0.5076410825578417,0.6497657756957841,0.4782608695652174,0.6127577319587629,0.19910313901345278,0.8347107438016529,0.6278795811518325,0.16736401673640178,0.35205992509363304,0.5214913551627548,0.45220700152207005
Cameron Else,Switch,No,No,No,Cameron Else,0.0,0.0,0.0,0.0,0.06666666666666665,2.25,2.0,0.5,4.25,0.0,0.5,4.75,11.75,7.25,15.25,0.0,8.25,2.75,0.75,11.0,0.0,0.75,0.25,1.0,0.0,0.0,1.0833333333333335,14.0,3.0,1.75,6.0,0.5,12.25,18.75,40.75,22.25,46.5,1.0,34.5,3.75,2.5,16.5,0.5,23.75,0.0,20.5,0.75,0.75,10.5,0.0,11.5,22.0,24.25,,0.2727272727272727,0.7272727272727273,0.0,0.38636363636363635,,0.6666666666666666,0.40425531914893614,0.47540983606557374,0.0,0.5942028985507246,0.19999999999999996,0.6,0.6363636363636364,0.0,0.4842105263157894,0.5398773006134969,0.521505376344086
Dean Barry,,No,No,No,Dean Barry,1.0,0.0,0.0,0.0,0.25,25.0,10.0,1.0,26.0,8.0,2.0,36.0,90.0,39.0,93.0,0.0,78.0,11.0,1.0,74.0,12.0,4.0,0.0,0.0,0.0,0.0,0.15,13.0,1.0,4.0,18.0,0.0,0.0,18.0,37.0,18.0,37.0,1.0,30.0,2.0,5.0,37.0,0.0,0.0,1.0,17.0,1.0,1.0,19.0,0.0,0.0,19.0,19.0,,0.32051282051282054,0.9090909090909091,0.0,0.35135135135135137,0.6666666666666666,0.5,0.4,0.41935483870967744,1.0,0.5666666666666667,0.5,1.0,0.5135135135135135,,,0.5135135135135135,0.5135135135135135
Sergey Khandozhko,Orthodox,No,No,No,Sergey Khandozhko,0.3333333333333333,0.27777777777777773,0.0,0.0,0.26111111111111107,9.111111111111112,2.888888888888889,4.0,14.944444444444443,0.8333333333333334,0.2222222222222222,16.0,38.77777777777778,41.05555555555555,64.83333333333333,1.0,28.666666666666668,5.555555555555556,4.555555555555556,37.0,1.2222222222222223,0.5555555555555556,0.1111111111111111,1.0,0.0,0.0,1.898148148148148,8.444444444444445,1.6666666666666667,0.8888888888888888,9.0,1.277777777777778,0.7222222222222222,11.0,28.222222222222225,17.944444444444443,36.55555555555555,2.277777777777778,25.555555555555557,1.777777777777778,0.8888888888888888,25.777777777777782,1.4444444444444446,1.0,1.277777777777778,17.11111111111111,0.1111111111111111,0.0,16.777777777777775,0.16666666666666666,0.27777777777777773,17.222222222222225,18.61111111111111,0.27777777777777773,0.3178294573643411,0.5199999999999999,0.06097560975609754,0.40390390390390385,0.6818181818181818,0.39999999999999997,0.41260744985673353,0.6332476435304198,0.5609756097560976,0.6695652173913044,0.0625,-0.125,0.6508620689655173,0.11538461538461542,0.2777777777777778,0.610236220472441,0.5091185410334347
Ike Villanueva,Orthodox,No,No,No,Ike Villanueva,0.16666666666666666,0.08333333333333333,0.0,0.0,0.08750000000000001,6.416666666666666,1.6666666666666665,0.16666666666666666,7.083333333333334,0.9166666666666666,0.25,8.25,21.5,9.583333333333332,22.916666666666668,0.16666666666666666,19.25,2.0,0.25,19.25,1.6666666666666667,0.5833333333333334,0.5,0.0,0.0,0.0,0.04583333333333333,8.166666666666666,4.25,4.833333333333334,14.25,2.25,0.75,17.25,27.083333333333332,17.833333333333332,27.666666666666668,0.08333333333333333,15.833333333333332,5.583333333333333,5.666666666666666,23.25,2.75,1.0833333333333333,0.08333333333333333,7.666666666666667,1.3333333333333333,0.8333333333333333,9.0,0.5,0.3333333333333333,9.833333333333334,9.833333333333334,0.5,0.3333333333333333,0.8333333333333333,0.3333333333333333,0.367965367965368,0.5499999999999999,0.42857142857142855,0.38372093023255816,0.4181818181818181,1.0,0.4842105263157894,0.23880597014925364,1.0,0.3870967741935484,0.18181818181818177,0.3076923076923076,0.3630769230769231,0.35542168674698804
Kevin Croom,Orthodox,No,No,No,Kevin Croom,0.08333333333333333,0.16666666666666666,0.08333333333333333,0.16666666666666666,1.1569444444444446,6.333333333333333,1.5833333333333333,2.0,9.25,0.5833333333333334,0.08333333333333333,9.916666666666666,29.833333333333332,14.5,36.416666666666664,2.1666666666666665,24.5,2.8333333333333335,2.5,28.416666666666668,1.3333333333333333,0.08333333333333333,0.16666666666666666,1.0833333333333333,0.16666666666666666,0.08333333333333333,1.627777777777778,9.25,2.9166666666666665,0.6666666666666666,8.333333333333334,2.0833333333333335,2.4166666666666665,12.833333333333334,21.25,25.083333333333332,36.75,1.4166666666666667,16.166666666666668,4.0,1.0833333333333333,15.333333333333334,2.5833333333333335,3.3333333333333335,0.3333333333333333,6.916666666666667,1.0833333333333333,0.4166666666666667,7.0,0.5,0.9166666666666666,8.416666666666666,11.666666666666666,0.07692307692307693,0.2585034013605442,0.5588235294117646,0.06666666666666667,0.3255131964809384,0.43750000000000006,1.0,0.3324022346368715,0.3981693363844394,0.23529411764705888,0.4278350515463918,0.27083333333333337,0.0,0.4565217391304348,0.19354838709677413,0.275,0.39607843137254894,0.31746031746031744
Brandon Jenkins,Switch,No,No,No,Brandon Jenkins,0.0,0.0,0.0,0.16666666666666666,0.03888888888888887,4.333333333333333,1.8333333333333333,5.166666666666667,9.833333333333334,1.1666666666666667,0.3333333333333333,11.333333333333334,28.333333333333332,18.666666666666668,37.166666666666664,0.0,18.5,4.0,5.833333333333333,26.5,1.5,0.3333333333333333,0.5,1.6666666666666667,0.0,0.0,2.466666666666667,24.166666666666668,4.333333333333333,2.0,12.833333333333334,6.5,11.166666666666666,30.5,46.5,41.666666666666664,62.666666666666664,2.1666666666666665,39.833333333333336,4.666666666666667,2.0,21.833333333333332,7.833333333333333,16.833333333333332,0.5,15.666666666666666,0.3333333333333333,0.0,9.0,1.3333333333333333,5.666666666666667,16.0,21.0,,0.23423423423423423,0.4583333333333333,0.0,0.37106918238993714,0.7777777777777778,1.0,0.4,0.5022421524663678,0.23076923076923073,0.39330543933054396,0.07142857142857151,0.16666666666666663,0.4122137404580152,0.17021276595744683,0.3366336633663366,0.34408602150537637,0.3351063829787234
Miguel Baeza,Orthodox,No,No,No,Miguel Baeza,0.18888888888888888,0.12222222222222223,0.3444444444444445,0.0,0.1285185185185185,9.111111111111112,4.366666666666666,7.333333333333333,19.455555555555556,0.2222222222222222,1.1333333333333333,20.811111111111114,46.92222222222222,21.333333333333332,47.9,0.3,32.55555555555556,6.433333333333334,7.933333333333334,45.12222222222223,0.2777777777777778,1.5222222222222221,0.2222222222222222,0.0,0.0,0.0,0.07277777777777776,16.288888888888888,2.744444444444445,3.5666666666666664,20.477777777777778,1.0666666666666667,1.0555555555555556,22.599999999999998,51.666666666666664,23.377777777777776,52.611111111111114,0.19999999999999998,43.644444444444446,3.5444444444444443,4.477777777777778,48.87777777777777,1.511111111111111,1.277777777777778,0.19999999999999998,27.355555555555554,0.7999999999999999,0.9111111111111111,28.400000000000002,0.4444444444444444,0.2222222222222222,29.066666666666666,29.233333333333334,0.40740740740740744,0.279863481228669,0.6787564766839377,0.015406162464985995,0.43117458754001475,0.7999999999999999,0.7445255474452555,0.44352356144920685,0.4453723034098817,1.0,0.6267820773930755,0.22570532915360486,1.0,0.5810411457149351,0.2941176470588235,0.17391304347826098,0.5625806451612904,0.555649419218585
TJ Laramie,Orthodox,No,No,No,TJ Laramie,0.0,0.16666666666666666,0.0,0.3333333333333333,0.9555555555555556,2.3333333333333335,0.3333333333333333,0.8333333333333334,2.6666666666666665,0.0,0.8333333333333334,3.5,8.5,4.833333333333333,10.166666666666666,1.1666666666666667,6.666666666666667,0.6666666666666666,1.1666666666666667,6.5,0.3333333333333333,1.6666666666666667,0.0,1.8333333333333333,0.16666666666666666,0.0,2.6222222222222222,9.166666666666666,3.3333333333333335,0.5,3.1666666666666665,2.5,7.333333333333333,13.0,21.166666666666668,40.166666666666664,52.0,3.0,17.166666666666668,3.5,0.5,6.166666666666667,2.6666666666666665,12.333333333333334,1.1666666666666667,8.0,0.16666666666666666,0.0,3.0,0.16666666666666666,5.0,8.166666666666666,11.833333333333334,0.14285714285714285,0.35000000000000003,0.5,0.14285714285714285,0.41025641025641024,0.0,0.5,0.4117647058823529,0.47540983606557374,0.38888888888888895,0.4660194174757283,0.04761904761904756,-2.6666666666666665,0.4864864864864865,0.0625,0.4054054054054055,0.3858267716535433,0.22756410256410264
Chan Sung Jung,Orthodox,No,No,Yes,Chan Sung Jung,0.07272727272727272,0.2012987012987013,0.21428571428571427,0.0,0.6194877344877344,13.646320346320346,1.742857142857143,1.1497835497835498,13.874891774891774,0.9246753246753248,1.7393939393939395,16.538961038961038,39.36926406926407,23.33809523809524,47.693939393939395,0.47575757575757577,35.388744588744586,2.4376623376623376,1.542857142857143,35.92164502164502,1.122943722943723,2.324675324675325,0.14675324675324675,0.3458874458874459,0.0,0.046753246753246755,0.49717893217893216,12.323809523809524,3.4709956709956713,4.35021645021645,18.285281385281387,1.154978354978355,0.7047619047619047,20.145021645021647,40.47489177489177,23.886147186147184,44.92857142857143,1.3714285714285714,30.74069264069264,4.479220779220779,5.254978354978355,37.68787878787879,1.6783549783549785,1.1086580086580087,1.0255411255411255,18.416883116883117,1.0082251082251081,0.9047619047619048,19.4025974025974,0.5233766233766234,0.4038961038961039,20.32987012987013,21.042424242424243,0.4231119199272066,0.3856118804129765,0.7149706979222165,0.13047138047138046,0.3862543535111293,0.8234387047031613,0.7482309124767225,0.4200983033328568,0.4893304167082679,0.747790404040404,0.5991043641126023,0.225089397893109,0.9341790921822226,0.51482328076362,0.311839050812484,0.36431081608746585,0.5022834957271356,0.4683528448234331
Aspen Ladd,Orthodox,No,No,No,Aspen Ladd,0.05,0.3057142857142857,0.10857142857142858,0.2,2.0092142857142856,11.422857142857143,1.9657142857142857,0.5842857142857143,6.255714285714285,2.7314285714285718,4.985714285714286,13.972857142857142,29.904285714285713,29.169999999999998,46.59285714285714,0.8642857142857142,26.534285714285716,2.6957142857142857,0.6742857142857143,18.68857142857143,3.8485714285714288,7.367142857142857,0.02857142857142857,0.2571428571428571,0.0,0.02857142857142857,0.7145714285714286,8.938571428571429,7.047142857142857,1.1785714285714284,10.93,6.091428571428571,0.14285714285714285,17.164285714285715,30.68,29.257142857142856,43.748571428571424,0.41142857142857137,21.394285714285715,7.941428571428571,1.3442857142857143,23.237142857142857,7.221428571428572,0.22142857142857145,0.15428571428571428,12.455714285714286,0.8942857142857144,0.1657142857142857,12.307142857142857,1.1300000000000001,0.07857142857142857,13.515714285714285,14.491428571428571,0.35371900826446284,0.4304942392591795,0.7291997880233174,0.4533898305084746,0.33473475003822045,0.7097253155159614,0.6767500484777972,0.4672526632589691,0.6260616280852368,0.375,0.5821981837606838,0.11261018168735382,0.8087141339001063,0.5296323619820484,0.15647873392680534,0.3548387096774195,0.440538275284038,0.33124346917450365
Tecia Torres,Orthodox,No,No,No,Tecia Torres,0.022222222222222223,0.21843711843711844,0.023809523809523808,0.0,0.9588502238502238,12.984615384615386,5.421978021978023,4.897313797313797,19.371794871794872,2.944444444444444,0.9876678876678877,23.303907203907205,47.592063492063495,31.84224664224664,57.331868131868134,1.4529914529914532,34.37619047619048,7.342612942612942,5.873260073260074,42.04139194139194,4.201221001221001,1.3494505494505493,0.0,0.5511599511599511,0.09706959706959706,0.0735042735042735,0.9024867724867724,8.798778998778998,6.125763125763125,2.763492063492064,11.954334554334553,4.063980463980465,1.6697191697191698,17.688034188034187,45.56764346764347,23.837240537240536,52.38608058608059,1.4234432234432235,32.77851037851038,8.865201465201464,3.9239316239316238,38.3045177045177,5.282417582417582,1.9807081807081808,0.8722832722832723,23.97973137973138,2.739438339438339,1.1604395604395605,26.350183150183152,1.2184371184371183,0.310989010989011,27.87960927960928,28.54884004884005,0.1503361344537815,0.3777211844811235,0.7384262338698951,0.03719180075672529,0.4607791030991609,0.7008544524529179,0.7319037278320667,0.4896595250128919,0.5554022165997937,0.6127980785726541,0.731568674196144,0.3090102746329504,0.8595388493014282,0.6879131948207603,0.2306589926727225,0.15700900012328933,0.6118290777842386,0.5449699563212926
Mickey Gall,Switch,No,No,No,Mickey Gall,0.08585858585858586,0.26515151515151514,0.43686868686868685,0.1414141414141414,0.8059343434343434,10.005050505050505,2.128787878787879,1.0025252525252526,9.868686868686869,1.7626262626262628,1.505050505050505,13.136363636363635,28.954545454545453,18.646464646464647,35.46212121212121,1.2171717171717171,24.828282828282827,3.007575757575758,1.1186868686868687,24.06313131313131,2.5328282828282824,2.3585858585858586,0.1717171717171717,0.23737373737373735,0.0,0.0,1.307912457912458,13.676767676767676,4.424242424242425,1.6742424242424245,12.272727272727273,1.7095959595959596,5.792929292929293,19.775252525252526,38.792929292929294,24.73232323232323,44.92171717171717,0.43686868686868685,31.088383838383837,5.916666666666667,1.7878787878787878,28.838383838383837,2.1414141414141414,7.813131313131312,0.1994949494949495,17.411616161616163,1.4924242424242424,0.11363636363636365,16.565656565656564,0.4318181818181818,2.0202020202020203,19.017676767676768,20.18939393939394,0.21784232365145229,0.4029698942229455,0.707808564231738,0.237020316027088,0.41011648651484944,0.695912263210369,0.6381156316916488,0.45368916797488223,0.5258135725984476,0.4566473988439307,0.5600682316627406,0.2522407170294494,0.8672316384180792,0.574430823117338,0.20165094339622647,0.25856496444731725,0.49023564640020834,0.44943504412839397
Kay Hansen,Orthodox,No,No,No,Kay Hansen,0.0,0.5833333333333334,0.25,0.0,1.2083333333333333,9.666666666666666,3.5833333333333335,1.1666666666666667,11.333333333333334,1.6666666666666667,1.4166666666666667,14.416666666666666,28.583333333333332,19.666666666666668,34.666666666666664,2.5833333333333335,22.333333333333332,4.583333333333333,1.6666666666666667,24.75,2.3333333333333335,1.5,0.0,0.4166666666666667,0.0,0.16666666666666666,1.2069444444444446,10.5,2.9166666666666665,1.8333333333333333,11.083333333333334,2.1666666666666665,2.0,15.25,31.75,29.916666666666668,48.583333333333336,0.6666666666666666,25.583333333333332,4.083333333333333,2.0833333333333335,26.25,3.1666666666666665,2.3333333333333335,0.25,15.083333333333334,1.1666666666666667,0.25,15.166666666666666,1.0,0.3333333333333333,16.5,18.666666666666668,0.22580645161290322,0.43283582089552236,0.7818181818181819,0.35000000000000003,0.45791245791245794,0.7142857142857143,0.9444444444444445,0.5043731778425656,0.5673076923076924,0.3749999999999999,0.5895765472312704,0.2857142857142857,0.8,0.5777777777777777,0.3157894736842105,0.1428571428571429,0.5196850393700787,0.3842195540308748
Vinc Pichel,Orthodox,No,No,No,Vinc Pichel,0.03333333333333333,1.017857142857143,0.09523809523809523,0.041666666666666664,1.5461309523809523,8.463095238095237,4.173809523809524,4.826190476190476,9.764285714285714,4.079761904761905,3.619047619047619,17.46309523809524,37.02023809523809,26.626190476190477,46.85357142857143,1.8833333333333335,25.49642857142857,5.655952380952381,5.867857142857143,27.052380952380954,4.751190476190477,5.216666666666667,0.0,0.8761904761904762,0.23690476190476187,0.047619047619047616,1.0123214285714286,7.377380952380952,2.6392857142857142,1.6964285714285714,8.497619047619047,1.7154761904761904,1.5,11.713095238095237,27.916666666666668,15.495238095238095,32.905952380952385,1.1547619047619049,22.19047619047619,3.8464285714285715,1.8797619047619047,23.504761904761907,2.363095238095238,2.0488095238095236,0.2785714285714285,14.813095238095238,1.207142857142857,0.18333333333333335,15.007142857142858,0.6476190476190476,0.5488095238095237,16.20357142857143,17.41071428571429,0.5404551201011378,0.3319325769248727,0.7379499052830983,0.1734631771150335,0.3609399753564513,0.8586820345778,0.6937471474212689,0.47171752902209224,0.5682851843382372,0.2412371134020619,0.6675429184549356,0.3138347260909935,0.5338822039265358,0.6384724473257699,0.27405541561712854,0.26786751888436944,0.5804264392324094,0.5291053145689375
Askar Askarov,Orthodox,No,No,No,Askar Askarov,0.0,0.8666666666666667,0.13333333333333333,0.13333333333333333,1.5655555555555558,11.733333333333334,1.6000000000000003,1.9333333333333336,11.6,1.5999999999999999,2.0666666666666664,15.266666666666666,28.266666666666666,20.066666666666666,34.13333333333333,3.533333333333333,24.0,2.2,2.066666666666667,23.600000000000005,1.8,2.8666666666666667,0.06666666666666667,0.3333333333333333,0.0,0.06666666666666667,0.7144444444444445,6.6000000000000005,4.466666666666667,2.9333333333333336,11.333333333333334,1.4666666666666668,1.2,14.0,33.26666666666667,21.400000000000002,41.53333333333334,1.0,21.933333333333334,7.599999999999999,3.733333333333333,29.2,2.1333333333333333,1.9333333333333333,0.6666666666666666,15.333333333333334,3.1333333333333333,0.8000000000000002,17.866666666666667,0.6666666666666666,0.7333333333333334,19.266666666666666,20.133333333333333,0.24528301886792456,0.48888888888888893,0.7272727272727274,0.4193548387096774,0.4915254237288134,0.8888888888888888,0.7209302325581395,0.5400943396226415,0.587890625,0.6666666666666667,0.6990881458966565,0.4122807017543858,0.9107142857142857,0.6118721461187214,0.3124999999999999,0.3793103448275862,0.5791583166332666,0.4847512038523275
Bruno Souza,Orthodox,No,No,No,Bruno Souza,0.0,0.16666666666666666,0.0,0.0,0.1583333333333333,10.666666666666666,5.0,3.0,17.5,1.1666666666666667,0.0,18.666666666666668,46.833333333333336,19.166666666666668,47.333333333333336,1.0,34.0,9.0,3.8333333333333335,45.0,1.8333333333333333,0.0,0.0,0.3333333333333333,0.0,0.0,0.29444444444444445,11.166666666666666,6.5,8.833333333333334,24.333333333333332,1.6666666666666667,0.5,26.5,48.666666666666664,27.5,49.833333333333336,0.8333333333333334,28.666666666666668,9.0,11.0,46.333333333333336,1.8333333333333333,0.5,0.5,17.5,2.5,2.1666666666666665,22.0,0.16666666666666666,0.0,22.166666666666668,22.333333333333332,0.16666666666666666,0.3137254901960784,0.5555555555555556,0.043478260869565216,0.3888888888888889,0.6363636363636365,,0.398576512455516,0.40492957746478875,0.6000000000000001,0.6104651162790697,0.2777777777777778,0.9696969696969697,0.47482014388489213,0.09090909090909083,0.0,0.45547945205479445,0.4481605351170569
Sara McMann,Orthodox,No,No,Yes,Sara McMann,0.025641025641025644,0.9743589743589745,0.14387464387464388,0.0,2.459520417853751,5.762108262108263,2.168091168091168,1.0612535612535614,3.2108262108262107,1.9387464387464386,3.841880341880342,8.991452991452993,19.987179487179485,18.85897435897436,31.4985754985755,1.7991452991452992,15.605413105413106,3.0840455840455836,1.2977207977207976,12.243589743589743,2.314814814814815,5.428774928774928,0.05128205128205129,0.14814814814814814,0.29914529914529914,0.07407407407407407,0.8817663817663816,7.3076923076923075,1.5356125356125354,0.6937321937321937,4.054131054131054,2.024216524216524,3.458689458689459,9.537037037037036,17.07264957264957,28.997150997150996,38.93732193732193,0.20370370370370372,14.534188034188034,1.7891737891737893,0.7492877492877493,10.552706552706553,2.314814814814815,4.205128205128205,0.05555555555555555,7.226495726495727,0.25356125356125353,0.05555555555555555,6.498575498575499,0.2905982905982906,0.7464387464387464,7.535612535612536,9.940170940170939,0.5415676959619953,0.3692377909630306,0.7030023094688223,0.7508232711306259,0.2622454915648633,0.8375384615384615,0.707688270795067,0.4498610220226642,0.5987246743849494,0.2727272727272728,0.4972067039106145,0.14171974522293007,0.8022813688212929,0.6158207343412527,0.1255384615384617,0.1775067750677506,0.4413850646641635,0.25528645642789194
Timur Valiev,Orthodox,No,No,No,Timur Valiev,0.08333333333333333,0.5555555555555555,0.1111111111111111,0.0,1.2999999999999998,11.75,6.444444444444444,6.361111111111111,19.86111111111111,1.5277777777777777,3.1666666666666665,24.555555555555557,47.083333333333336,30.027777777777775,53.916666666666664,1.388888888888889,30.472222222222218,9.222222222222223,7.388888888888889,41.083333333333336,1.8055555555555556,4.194444444444444,0.47222222222222215,0.38888888888888884,0.0,0.08333333333333333,0.6648148148148149,11.472222222222221,2.305555555555556,2.0833333333333335,11.444444444444445,0.611111111111111,3.8055555555555554,15.861111111111109,28.916666666666668,20.305555555555557,34.02777777777778,0.8333333333333334,23.75,2.8333333333333335,2.3333333333333335,23.527777777777775,0.9166666666666666,4.472222222222222,0.4444444444444444,12.277777777777779,0.5277777777777778,0.25,12.083333333333334,0.3055555555555555,0.6666666666666666,13.055555555555555,13.722222222222221,0.3999999999999999,0.38559708295350964,0.6987951807228914,0.07518796992481201,0.48343475321162943,0.846153846153846,0.7549668874172186,0.5215339233038349,0.5569294178258629,0.5333333333333334,0.5169590643274854,0.18627450980392157,0.8333333333333334,0.5135773317591499,0.33333333333333337,0.14906832298136652,0.45148895292987523,0.40326530612244893
Mike Grundy,Orthodox,No,No,No,Mike Grundy,0.1111111111111111,1.1944444444444444,0.08333333333333333,0.0,0.6949074074074074,7.3055555555555545,3.1388888888888893,0.0,8.416666666666666,1.472222222222222,0.5555555555555555,10.444444444444445,23.055555555555557,11.583333333333334,25.194444444444443,4.444444444444444,18.333333333333332,4.555555555555555,0.16666666666666666,20.694444444444443,1.6944444444444446,0.6666666666666666,0.0,0.16666666666666666,0.08333333333333333,0.0,0.20787037037037037,13.111111111111109,4.805555555555556,3.7222222222222228,20.0,1.6388888888888886,0.0,21.63888888888889,49.083333333333336,24.166666666666668,52.611111111111114,0.25,38.333333333333336,6.416666666666667,4.333333333333333,47.138888888888886,1.9444444444444446,0.0,0.08333333333333333,25.222222222222225,1.611111111111111,0.611111111111111,27.138888888888886,0.3055555555555555,0.0,27.444444444444446,28.444444444444446,0.26875000000000004,0.39848484848484844,0.6890243902439026,7.166666666666667,0.40671140939597317,0.8688524590163933,0.8333333333333333,0.4530120481927711,0.45975744211686886,0.33333333333333337,0.6579710144927537,0.251082251082251,0.9615384615384616,0.5757218621096052,0.15714285714285736,,0.5591397849462365,0.5406546990496304
Kazula Vargas,Southpaw,No,No,No,Kazula Vargas,0.0,0.08333333333333333,0.16666666666666666,0.25,0.7069444444444445,9.833333333333334,4.25,2.5,14.666666666666666,0.5833333333333334,1.3333333333333333,16.583333333333332,31.666666666666668,28.166666666666668,44.916666666666664,0.5,23.166666666666668,5.416666666666667,3.0833333333333335,29.5,0.75,1.4166666666666667,0.0,1.0,0.16666666666666666,0.0,2.1569444444444446,8.166666666666666,0.3333333333333333,0.6666666666666666,7.166666666666667,0.16666666666666666,1.8333333333333333,9.166666666666666,22.083333333333332,21.333333333333332,37.416666666666664,1.4166666666666667,20.583333333333332,0.75,0.75,19.25,0.3333333333333333,2.5,0.4166666666666667,12.416666666666666,0.4166666666666667,0.08333333333333333,12.083333333333334,0.16666666666666666,0.6666666666666666,12.916666666666666,16.083333333333332,0.16666666666666666,0.4244604316546763,0.7846153846153846,0.027027027027027025,0.4971751412429378,0.7777777777777778,0.9411764705882352,0.5236842105263158,0.62708719851577,0.2941176470588236,0.6032388663967612,0.5555555555555556,-0.33333333333333326,0.6277056277056277,0.5,0.2666666666666667,0.5849056603773585,0.4298440979955457
Kris Moutinho,Southpaw,No,No,No,Kris Moutinho,0.0,0.0,0.0,0.0,0.049999999999999996,12.5,2.1666666666666665,6.5,20.833333333333332,0.3333333333333333,0.0,21.166666666666668,65.66666666666667,21.166666666666668,65.66666666666667,0.0,50.833333333333336,7.0,7.833333333333333,65.33333333333333,0.3333333333333333,0.0,0.16666666666666666,0.0,0.0,0.0,0.013888888888888867,52.166666666666664,13.333333333333334,3.0,66.66666666666667,1.8333333333333333,0.0,68.5,95.66666666666667,68.5,95.66666666666667,0.0,75.5,17.0,3.1666666666666665,93.33333333333333,2.1666666666666665,0.16666666666666666,0.0,23.333333333333332,3.6666666666666665,0.16666666666666666,26.666666666666668,0.3333333333333333,0.16666666666666666,27.166666666666668,27.166666666666668,,0.2459016393442623,0.3095238095238095,0.0,0.31887755102040816,1.0,,0.3223350253807106,0.3223350253807106,,0.3090507726269316,0.21568627450980393,1.0,0.2857142857142856,0.15384615384615385,1.0,0.28397212543554007,0.28397212543554007
Marlon Moraes,Orthodox,No,No,Yes,Marlon Moraes,0.15151515151515152,0.17676767676767677,0.11363636363636365,0.0,0.23118686868686866,8.997474747474747,2.277777777777778,2.6590909090909087,13.106060606060607,0.1994949494949495,0.6287878787878788,13.934343434343434,34.77525252525252,14.494949494949495,35.36616161616161,0.6515151515151515,27.684343434343436,3.527777777777778,3.563131313131313,33.734848484848484,0.2601010101010101,0.7803030303030303,0.14646464646464644,0.3661616161616162,0.08333333333333333,0.030303030303030304,0.5469276094276094,14.363636363636365,3.762626262626263,2.143939393939394,13.204545454545453,1.5858585858585859,5.47979797979798,20.27020202020202,43.40404040404041,29.421717171717177,53.69191919191919,0.7323232323232324,34.69949494949495,5.873737373737374,2.830808080808081,34.69444444444445,1.921717171717172,6.787878787878788,0.3661616161616162,20.335858585858585,2.111111111111111,0.6868686868686869,21.48989898989899,0.33585858585858586,1.308080808080808,23.133838383838384,24.27020202020202,0.2713178294573644,0.32500228039770135,0.6456692913385828,0.04961020552799433,0.3885021333932181,0.7669902912621359,0.8058252427184466,0.40069711713020123,0.4098536237058194,0.5,0.5860563277781821,0.3594153052450558,0.8706512042818911,0.6194046146007717,0.17477003942181346,0.19270833333333326,0.5329881312543636,0.4520270905841406
Sabina Mazo,Orthodox,No,No,No,Sabina Mazo,0.05555555555555555,0.1984126984126984,0.05555555555555555,0.0,0.6917989417989419,13.817460317460316,7.285714285714286,7.238095238095238,23.063492063492063,3.920634920634921,1.357142857142857,28.34126984126984,64.26190476190476,32.888888888888886,70.05555555555556,0.24603174603174602,44.888888888888886,9.595238095238095,9.777777777777779,57.166666666666664,5.333333333333333,1.7619047619047619,0.05555555555555555,0.4365079365079365,0.10317460317460318,0.0,1.0289682539682536,9.047619047619047,4.968253968253968,5.825396825396825,17.404761904761905,1.6666666666666667,0.7698412698412698,19.841269841269842,46.84920634920635,30.476190476190478,60.18253968253968,1.0634920634920635,32.44444444444445,7.484126984126984,6.920634920634921,42.8968253968254,2.698412698412698,1.253968253968254,0.626984126984127,23.396825396825395,2.515873015873016,1.0952380952380951,25.492063492063494,1.0317460317460319,0.4841269841269842,27.007936507936506,29.706349206349206,0.8064516129032258,0.3078147100424328,0.7593052109181142,0.02029220779220779,0.40344300985700404,0.7351190476190477,0.7702702702702702,0.4410275410645918,0.4694686756542426,0.5895522388059702,0.7211350293542075,0.3361611876988335,0.9369266055045872,0.5942645698427382,0.38235294117647045,0.38607594936708867,0.5764865322717262,0.49360411446656993
Devonte Smith,Orthodox,No,No,No,Devonte Smith,0.1111111111111111,0.1111111111111111,0.1111111111111111,0.0,0.3768518518518518,9.0,5.222222222222222,2.1666666666666665,10.666666666666666,4.388888888888888,1.3333333333333333,16.38888888888889,32.111111111111114,21.833333333333332,37.666666666666664,0.6666666666666666,23.166666666666668,6.333333333333333,2.611111111111111,24.944444444444446,5.222222222222222,1.9444444444444444,0.16666666666666666,0.05555555555555555,0.0,0.1111111111111111,1.2,8.222222222222223,7.111111111111112,3.8333333333333335,14.5,3.722222222222222,0.9444444444444445,19.166666666666668,33.5,23.444444444444446,38.22222222222222,0.9444444444444443,20.277777777777775,8.777777777777777,4.444444444444444,26.944444444444446,4.944444444444444,1.6111111111111114,0.8888888888888888,12.055555555555555,1.6666666666666667,0.611111111111111,12.444444444444445,1.2222222222222223,0.6666666666666666,14.333333333333334,14.777777777777779,0.16666666666666666,0.3884892086330935,0.8245614035087719,0.0425531914893617,0.4276169265033407,0.8404255319148936,0.6857142857142857,0.5103806228373702,0.5796460176991151,0.9411764705882353,0.5945205479452054,0.1898734177215189,0.9875,0.4618556701030928,0.247191011235955,0.4137931034482759,0.4278606965174129,0.3866279069767441
Alex Oliveira,Orthodox,No,No,No,Alex Oliveira,0.11742424242424243,0.7234848484848485,0.1534090909090909,0.015151515151515152,1.450820707070707,7.393939393939394,3.2253787878787876,2.3541666666666665,7.850378787878788,2.547348484848485,2.5757575757575757,12.97348484848485,25.037878787878793,19.12121212121212,32.28598484848485,1.7670454545454544,17.901515151515152,4.481060606060606,2.6553030303030303,17.700757575757574,3.7670454545454546,3.570075757575758,0.08143939393939394,0.32765151515151514,0.14204545454545456,0.14772727272727273,1.0418876262626262,7.009469696969696,1.7424242424242424,2.2518939393939394,6.28219696969697,2.0492424242424243,2.672348484848485,11.00378787878788,20.892045454545453,17.893939393939394,28.787878787878785,0.9166666666666666,15.732954545454547,2.598484848484848,2.5606060606060606,14.774621212121213,2.647727272727273,3.4696969696969693,0.5890151515151515,8.72348484848485,0.8560606060606061,0.3087121212121212,8.492424242424242,0.5984848484848485,0.7973484848484849,9.888257575757576,10.893939393939393,0.4094319399785638,0.41303427845958524,0.7197802197802197,0.27246790299572043,0.4435052428846566,0.6762192056309704,0.7214854111405835,0.5181543116490166,0.5922449697894057,0.6425619834710744,0.5544721319369208,0.3294460641399416,0.8720414201183432,0.5747981028073323,0.22603719599427752,0.22980349344978157,0.4733025111050674,0.3784210526315789
Greg Hardy,Orthodox,No,No,No,Greg Hardy,0.05555555555555555,0.03333333333333333,0.0,0.0,0.25740740740740736,9.122222222222222,2.8555555555555556,5.477777777777778,14.166666666666666,0.5111111111111111,2.777777777777778,17.455555555555556,37.15555555555556,19.477777777777778,39.21111111111111,0.12222222222222223,26.45555555555556,4.011111111111112,6.688888888888889,33.03333333333334,0.611111111111111,3.511111111111111,0.03333333333333333,0.18888888888888888,0.03333333333333333,0.0,0.20814814814814817,8.133333333333333,2.8222222222222224,2.7222222222222228,11.97777777777778,0.03333333333333333,1.6666666666666667,13.677777777777777,30.38888888888889,14.411111111111111,31.177777777777777,0.5555555555555555,22.96666666666667,4.222222222222222,3.1999999999999997,27.86666666666667,0.12222222222222223,2.4,0.3666666666666667,14.833333333333334,1.4000000000000001,0.4777777777777777,15.888888888888888,0.08888888888888889,0.7333333333333334,16.711111111111112,16.766666666666666,0.2727272727272727,0.3448131037379252,0.7119113573407201,0.0049833887043189366,0.42885973763874863,0.8363636363636364,0.7911392405063292,0.4697966507177033,0.4967412864834231,0.6599999999999999,0.6458635703918723,0.331578947368421,0.9409722222222222,0.5701754385964912,0.7272727272727273,0.30555555555555547,0.549908592321755,0.537776193870278
Alejandro Perez,Orthodox,No,No,No,Alejandro Perez,0.025641025641025644,0.2238095238095238,0.11428571428571428,0.0,0.32384004884004886,10.295238095238096,2.0901098901098902,4.172527472527473,13.452380952380954,1.050915750915751,2.054578754578755,16.557875457875458,46.95494505494506,21.906227106227107,52.77655677655678,0.8728937728937729,38.08717948717949,2.785714285714286,6.082051282051282,42.030402930402936,1.9483516483516485,2.9761904761904763,0.1358974358974359,0.26043956043956046,0.1978021978021978,0.047619047619047616,0.3790476190476191,7.8739926739926736,4.302930402930403,3.2641025641025636,14.391208791208792,0.4597069597069597,0.5901098901098901,15.441025641025641,40.659340659340664,16.616483516483516,42.05091575091575,0.9750915750915751,29.69010989010989,6.614652014652015,4.354578754578754,38.47216117216117,1.321978021978022,0.8652014652014652,0.7146520146520147,21.816117216117217,2.311721611721612,1.0904761904761904,24.080952380952382,0.8622710622710623,0.27509157509157506,25.21831501831502,25.434432234432233,0.25639949643306753,0.2703071803650772,0.7502958579881657,0.036798361840520356,0.3200630975310041,0.5393871028388795,0.6903384615384616,0.35263326234329534,0.4150749583564686,0.7329075882794891,0.7347940878920226,0.34948499280097467,0.9401917900403769,0.6259318854792486,0.6522582432806872,0.3179508890770534,0.6202342342342343,0.6048484742898457
Micheal Gillmore,Orthodox,No,No,No,Micheal Gillmore,0.0,0.0,0.0,0.0,0.016666666666666666,4.166666666666667,1.3333333333333333,4.0,8.666666666666666,0.0,0.8333333333333334,9.5,16.5,11.666666666666666,18.666666666666668,0.0,10.666666666666666,1.3333333333333333,4.5,15.666666666666666,0.0,0.8333333333333334,0.0,1.1666666666666667,0.6666666666666666,0.0,2.152777777777778,10.666666666666666,3.0,0.0,5.166666666666667,0.0,8.5,13.666666666666666,23.166666666666668,26.666666666666668,38.166666666666664,2.5,19.833333333333332,3.3333333333333335,0.0,12.833333333333334,0.0,10.333333333333334,1.3333333333333333,9.166666666666666,0.3333333333333333,0.0,7.666666666666667,0.0,1.8333333333333333,9.5,11.5,,0.39062500000000006,1.0,0.0,0.5531914893617021,,1.0,0.5757575757575758,0.6249999999999999,0.5333333333333333,0.46218487394957986,0.10000000000000009,-inf,0.5974025974025974,,0.17741935483870974,0.41007194244604317,0.3013100436681222
Ramiz Brahimaj,Orthodox,No,No,No,Ramiz Brahimaj,0.0,0.4166666666666667,0.5,0.0,0.4138888888888889,8.916666666666666,1.75,0.5,10.166666666666666,1.0,0.0,11.166666666666666,25.833333333333332,11.916666666666666,26.75,0.75,22.833333333333332,2.5,0.5,24.583333333333332,1.25,0.0,0.08333333333333333,0.6666666666666666,0.16666666666666666,0.0,1.6666666666666667,11.75,4.0,2.25,16.666666666666668,0.75,0.5833333333333334,18.0,35.333333333333336,22.083333333333332,39.583333333333336,1.5833333333333333,27.416666666666668,5.416666666666667,2.5,33.75,1.0,0.5833333333333334,0.9166666666666666,15.666666666666666,1.4166666666666667,0.25,17.083333333333332,0.25,0.0,17.333333333333332,17.5,0.5555555555555556,0.39051094890510946,0.7,0.8333333333333334,0.4135593220338983,0.8,,0.432258064516129,0.4454828660436137,0.5789473684210527,0.5714285714285714,0.2615384615384616,0.7333333333333334,0.5061728395061729,0.25,0.0,0.49056603773584906,0.4421052631578948
Rong Zhu,Orthodox,No,No,No,Rong Zhu,0.1111111111111111,1.111111111111111,0.0,0.0,1.3907407407407408,16.11111111111111,2.111111111111111,1.3333333333333333,14.333333333333334,0.2222222222222222,5.0,19.555555555555557,40.88888888888889,25.777777777777782,49.111111111111114,1.7777777777777777,37.0,2.555555555555556,1.3333333333333333,33.333333333333336,0.3333333333333333,7.222222222222222,0.0,0.0,0.3333333333333333,0.2222222222222222,0.28703703703703703,17.0,6.777777777777778,5.444444444444444,27.444444444444446,0.7777777777777777,1.0,29.222222222222225,52.77777777777778,34.55555555555556,59.333333333333336,0.1111111111111111,37.888888888888886,8.666666666666666,6.222222222222222,50.0,1.0,1.777777777777778,0.1111111111111111,20.88888888888889,1.888888888888889,0.7777777777777777,22.555555555555557,0.2222222222222222,0.7777777777777778,23.555555555555557,24.777777777777782,0.6249999999999999,0.43543543543543545,0.826086956521739,0.8333333333333333,0.43,0.6666666666666666,0.6923076923076923,0.4782608695652174,0.5248868778280543,1.0,0.5513196480938416,0.21794871794871795,1.0,0.451111111111111,0.22222222222222232,0.4375,0.4463157894736842,0.41760299625468167
Jesse Strader,Orthodox,No,No,No,Jesse Strader,0.0,0.8333333333333334,0.0,0.0,0.7388888888888889,5.0,7.0,7.333333333333333,15.666666666666666,3.3333333333333335,0.3333333333333333,19.333333333333332,37.833333333333336,21.333333333333332,39.833333333333336,1.8333333333333333,18.166666666666668,11.333333333333334,8.333333333333334,33.666666666666664,3.8333333333333335,0.3333333333333333,1.0,0.0,0.3333333333333333,0.0,0.4777777777777777,17.666666666666668,2.3333333333333335,2.5,12.333333333333334,4.333333333333333,5.833333333333333,22.5,42.0,30.666666666666668,50.5,0.3333333333333333,35.333333333333336,4.166666666666667,2.5,27.666666666666668,6.666666666666667,7.666666666666667,0.3333333333333333,17.666666666666668,1.8333333333333333,0.0,15.333333333333334,2.3333333333333335,1.8333333333333333,19.5,19.833333333333332,0.4545454545454546,0.2752293577981651,0.6176470588235293,0.09999999999999999,0.46534653465346537,0.8695652173913043,1.0,0.5110132158590308,0.5355648535564853,1.0,0.5,0.44000000000000006,1.0,0.5542168674698795,0.3500000000000001,0.23913043478260876,0.4642857142857143,0.3927392739273927
Chas Skelly,Orthodox,No,No,No,Chas Skelly,0.06666666666666667,0.4166666666666667,0.6166666666666667,0.2611111111111111,1.5747222222222224,6.516666666666667,0.7833333333333333,0.18333333333333335,4.944444444444445,1.6055555555555554,0.9333333333333332,7.483333333333333,19.45,15.172222222222222,28.266666666666666,1.3055555555555556,17.644444444444446,1.6222222222222225,0.18333333333333335,16.08888888888889,2.15,1.211111111111111,0.09444444444444444,0.65,0.3055555555555556,0.33888888888888885,1.1132407407407408,10.583333333333334,1.6166666666666665,1.261111111111111,6.716666666666666,1.9222222222222223,4.822222222222223,13.461111111111114,26.133333333333336,23.883333333333336,38.03888888888889,0.9666666666666667,22.222222222222225,2.4944444444444445,1.4166666666666667,17.599999999999998,2.511111111111111,6.022222222222222,0.31666666666666665,11.638888888888888,0.8777777777777778,0.15555555555555553,10.883333333333333,0.5888888888888889,1.2,12.672222222222222,14.155555555555553,0.3191489361702128,0.36933249370277077,0.48287671232876705,2.2727272727272725,0.3073204419889503,0.7467700258397932,0.7706422018348623,0.3847472150814053,0.5367531446540881,0.3275862068965517,0.52375,0.35189309576837424,0.5411764705882354,0.6183712121212122,0.2345132743362831,0.19926199261992605,0.484906462585034,0.37213378121805163
Mark Striegl,Southpaw,No,No,No,Mark Striegl,0.0,0.0,0.0,0.0,0.3708333333333333,2.0,0.25,1.5,3.5,0.0,0.25,3.75,8.5,10.5,15.5,0.75,5.75,1.25,1.5,7.75,0.25,0.5,0.5,0.25,0.0,0.0,1.1666666666666667,9.75,0.75,0.25,4.0,2.25,4.5,10.75,19.0,18.5,27.25,1.0,17.5,1.0,0.5,10.0,2.25,6.75,0.75,7.75,0.25,0.25,6.0,0.0,2.25,8.25,8.75,0.0,0.34782608695652173,0.2,0.0,0.45161290322580644,0.0,0.5,0.4411764705882353,0.6774193548387096,0.75,0.44285714285714284,0.25,0.5,0.6,0.0,0.33333333333333337,0.4342105263157895,0.3211009174311926
Fabio Cherant,Southpaw,No,No,No,Fabio Cherant,0.0,0.0,0.0,0.0,0.04074074074074073,2.0,2.888888888888889,0.2222222222222222,5.111111111111111,0.0,0.0,5.111111111111111,13.0,5.111111111111111,13.0,0.0,8.666666666666666,3.7777777777777772,0.5555555555555555,13.0,0.0,0.0,0.1111111111111111,0.5555555555555555,0.1111111111111111,0.0,0.4296296296296296,7.444444444444444,4.444444444444444,7.777777777777778,19.333333333333332,0.0,0.3333333333333333,19.666666666666668,33.0,20.666666666666668,34.0,0.5555555555555555,19.11111111111111,5.777777777777779,8.11111111111111,32.55555555555556,0.0,0.4444444444444444,0.0,11.666666666666666,1.3333333333333333,0.3333333333333333,13.222222222222223,0.0,0.1111111111111111,13.333333333333334,13.333333333333334,,0.23076923076923078,0.7647058823529412,0.0,0.39316239316239315,,,0.39316239316239315,0.39316239316239315,0.0,0.6104651162790697,0.23076923076923095,0.9315068493150684,0.40614334470989766,,0.25,0.404040404040404,0.392156862745098
Roxanne Modafferi,Orthodox,No,No,Yes,Roxanne Modafferi,0.016666666666666666,0.27424242424242423,0.2,0.0696969696969697,1.0615656565656564,17.01212121212121,2.3515151515151516,0.8106060606060606,17.54090909090909,1.340909090909091,1.2924242424242425,20.174242424242426,58.31666666666668,29.404545454545456,69.84242424242424,1.9075757575757577,53.54090909090909,3.7954545454545454,0.9803030303030302,54.91969696969697,1.6666666666666665,1.7303030303030305,0.03484848484848485,0.7257575757575758,0.0696969696969697,0.32272727272727275,1.4472222222222222,22.893939393939394,2.9,4.503030303030303,25.457575757575757,1.9590909090909094,2.8803030303030304,30.2969696969697,65.77272727272728,39.61212121212121,76.51969696969698,1.062121212121212,56.781818181818174,4.221212121212121,4.7696969696969695,59.3469696969697,2.7045454545454546,3.721212121212121,0.33636363636363636,33.88787878787879,1.3212121212121213,0.26666666666666666,33.88939393939394,0.7454545454545455,0.840909090909091,35.47575757575758,36.907575757575756,0.1437648927720413,0.3177406118233014,0.619560878243513,0.2797527047913447,0.319391949678594,0.8045454545454547,0.7469352014010507,0.3459429967003559,0.42101266921207914,0.3166904422253922,0.5968086241861457,0.31299353912419237,0.8478398983481575,0.5710383211212949,0.27563025210084025,0.22597719869706834,0.5393688090301774,0.4823277825079699
Alexis Davis,Orthodox,No,No,Yes,Alexis Davis,0.0,0.3115218115218115,0.2374292374292374,0.1356976356976357,1.5095043845043845,10.078421578421578,3.603729603729603,6.349150849150849,15.12853812853813,2.3564768564768563,2.546287046287046,20.031302031302033,42.205461205461205,38.43573093573094,64.05994005994006,0.6791541791541791,29.32883782883783,5.195138195138195,7.681485181485182,35.25374625374625,3.604229104229104,3.3474858474858475,0.0,0.4179154179154179,0.09706959706959706,0.030303030303030304,0.6554112554112553,14.482184482184481,3.0153180153180155,2.0494505494505497,16.33200133200133,1.537795537795538,1.6771561771561772,19.546953046953046,43.84365634365634,30.38777888777889,55.976856476856476,0.5699300699300699,37.18331668331668,4.031635031635032,2.6287046287046287,39.81202131202131,2.1996336996336994,1.832001332001332,0.152014652014652,22.7011322011322,1.0163170163170163,0.5792540792540792,23.48001998001998,0.6618381618381619,0.15484515484515485,24.296703296703296,25.58907758907759,0.45869085560186323,0.34363521791210844,0.6936734824690723,0.0405548932480763,0.4291327798086279,0.6538088418718528,0.7606565530962447,0.4746139826262595,0.5999963612168091,0.26672509494595376,0.6105192926836913,0.25208557033121337,0.8410184950595389,0.5897721142063728,0.30088562561501764,0.08452240298100522,0.5541669040159498,0.4571367382814242
Danilo Marques,Orthodox,No,No,No,Danilo Marques,0.0,1.0833333333333333,0.2222222222222222,0.0,2.280092592592592,4.527777777777778,1.5833333333333333,0.3611111111111111,3.3888888888888893,0.0,3.0833333333333335,6.472222222222221,8.138888888888888,11.611111111111109,15.166666666666666,3.805555555555556,6.0,1.777777777777778,0.3611111111111111,4.972222222222222,0.08333333333333333,3.0833333333333335,0.0,0.16666666666666666,0.16666666666666666,0.16666666666666666,0.4777777777777777,8.944444444444445,0.9166666666666666,1.1111111111111112,6.9444444444444455,0.9444444444444443,3.0833333333333335,10.972222222222221,23.583333333333332,14.972222222222221,28.166666666666668,0.16666666666666666,21.027777777777775,1.138888888888889,1.4166666666666667,17.63888888888889,0.9444444444444443,5.0,0.0,12.083333333333334,0.2222222222222222,0.3055555555555555,10.694444444444445,0.0,1.9166666666666667,12.611111111111112,13.194444444444445,0.2846715328467153,0.7546296296296297,0.8906249999999999,3.0,0.6815642458100559,0.0,1.0,0.795221843003413,0.7655677655677654,0.0,0.5746367239101717,0.19512195121951237,0.8823529411764706,0.6062992125984251,0.0,0.3833333333333333,0.5347467608951708,0.4684418145956608
Francis Ngannou,Orthodox,Yes,No,Yes,Francis Ngannou,0.17142857142857143,0.3476190476190476,0.11428571428571428,0.1,0.766904761904762,3.6142857142857148,1.5523809523809524,1.2095238095238094,4.704761904761905,0.8095238095238095,0.8619047619047618,6.376190476190476,17.21904761904762,10.095238095238095,21.82857142857143,0.49523809523809526,13.447619047619048,2.4857142857142858,1.2857142857142858,14.647619047619049,1.138095238095238,1.4333333333333333,0.0,0.43809523809523815,0.26666666666666666,0.0,1.3423809523809525,4.180952380952381,1.9714285714285715,3.576190476190476,6.885714285714286,0.6142857142857142,2.2285714285714286,9.728571428571428,14.99047619047619,21.276190476190475,28.166666666666664,1.280952380952381,8.142857142857142,2.757142857142857,4.09047619047619,11.395238095238096,0.7904761904761906,2.8047619047619046,0.8428571428571429,3.961904761904762,0.7857142857142858,0.5142857142857142,4.5095238095238095,0.17619047619047618,0.5761904761904761,5.261904761904762,6.89047619047619,0.7019230769230769,0.2687677053824363,0.6245210727969349,0.2703703703703703,0.3211963589076723,0.7112970711297072,0.601328903654485,0.37029867256637167,0.46247818499127397,0.6579925650557621,0.48654970760233907,0.2849740932642486,0.8928987194412107,0.3957375679063936,0.22289156626506046,0.20543293718166378,0.3510165184243965,0.2446322907861369
Rogerio Bontorin,Orthodox,No,No,No,Rogerio Bontorin,0.0,0.9444444444444445,0.2222222222222222,0.05555555555555555,1.3249999999999997,8.36111111111111,1.638888888888889,1.8055555555555554,9.5,1.0277777777777777,1.2777777777777777,11.805555555555555,22.61111111111111,16.944444444444443,28.38888888888889,1.4722222222222223,18.5,2.055555555555556,2.0555555555555554,19.666666666666668,1.2777777777777777,1.6666666666666667,0.05555555555555555,1.027777777777778,0.25,0.08333333333333333,1.2087962962962964,9.416666666666666,5.4444444444444455,1.0555555555555556,10.333333333333334,2.8611111111111107,2.7222222222222228,15.916666666666666,32.52777777777778,26.305555555555557,43.583333333333336,2.0277777777777777,24.277777777777775,6.777777777777778,1.472222222222222,24.777777777777775,3.444444444444444,4.305555555555556,1.0,14.861111111111112,1.3333333333333333,0.4166666666666667,14.444444444444443,0.5833333333333334,1.5833333333333333,16.61111111111111,17.277777777777775,0.6415094339622641,0.4519519519519519,0.7972972972972973,0.45945945945945954,0.4830508474576271,0.8043478260869565,0.7666666666666666,0.5221130221130221,0.5968688845401173,0.4931506849315067,0.6121281464530892,0.1967213114754096,0.30188679245283,0.5829596412556053,0.1693548387096775,0.3677419354838709,0.5106746370623398,0.39643084767367753
Giga Chikadze,Orthodox,No,No,No,Giga Chikadze,0.18333333333333332,0.05833333333333333,0.06666666666666667,0.08333333333333333,0.09249999999999999,15.433333333333332,5.8,2.15,21.825,0.26666666666666666,1.2916666666666665,23.383333333333333,59.3,24.241666666666667,60.341666666666676,0.14166666666666666,47.45833333333333,9.166666666666668,2.675,56.48333333333333,0.825,1.9916666666666667,0.2,0.21666666666666665,0.025,0.025,0.31847222222222216,20.6,3.25,1.5083333333333333,24.09166666666667,0.29166666666666663,0.975,25.358333333333334,68.55,25.958333333333332,69.30833333333332,1.3333333333333335,60.616666666666674,6.0,1.9333333333333331,66.84166666666667,0.3416666666666667,1.3666666666666667,1.1166666666666667,40.016666666666666,2.75,0.425,42.75,0.05,0.39166666666666666,43.19166666666666,43.35,0.4117647058823529,0.32519754170324844,0.6327272727272726,0.021806853582554516,0.38639716730599,0.32323232323232326,0.6485355648535565,0.39432265317594156,0.4017400911476315,0.8375,0.6601594720923838,0.45833333333333337,0.8879310344827587,0.6395711257947887,0.14634146341463428,0.28658536585365857,0.6300753707755895,0.6254659131898521
Dakota Bush,Orthodox,No,No,No,Dakota Bush,0.0,0.6666666666666666,0.0,0.3333333333333333,0.7555555555555555,5.333333333333333,1.6666666666666667,3.5,10.0,0.3333333333333333,0.16666666666666666,10.5,27.5,14.833333333333334,33.5,2.5,17.666666666666668,4.666666666666667,5.166666666666667,27.0,0.3333333333333333,0.16666666666666666,0.16666666666666666,0.16666666666666666,0.0,0.8333333333333334,2.3055555555555554,10.333333333333334,3.5,5.5,12.0,1.0,6.333333333333333,19.333333333333332,32.0,39.166666666666664,54.166666666666664,0.16666666666666666,22.166666666666668,3.8333333333333335,6.0,22.333333333333332,1.3333333333333333,8.333333333333334,0.0,11.833333333333334,0.3333333333333333,0.5,10.333333333333334,0.3333333333333333,2.0,12.666666666666666,15.0,0.26666666666666666,0.3018867924528302,0.35714285714285715,0.12903225806451613,0.37037037037037035,1.0,1.0,0.38181818181818183,0.44278606965174133,0.0,0.5338345864661654,0.08695652173913049,0.9722222222222222,0.4626865671641791,0.25,0.2400000000000001,0.39583333333333337,0.27692307692307694
Andre Ewell,Southpaw,No,No,No,Andre Ewell,0.037037037037037035,0.1111111111111111,0.037037037037037035,0.0,0.17098765432098764,12.277777777777779,6.3055555555555545,2.217592592592593,20.347222222222225,0.4166666666666667,0.037037037037037035,20.800925925925927,51.98611111111111,22.171296296296294,53.69444444444445,0.14814814814814814,39.48148148148148,9.699074074074074,2.8055555555555554,50.84259259259259,0.9953703703703702,0.14814814814814814,0.07407407407407407,0.35185185185185186,0.19444444444444442,0.037037037037037035,0.9426697530864198,12.458333333333334,5.162037037037037,6.25,18.287037037037035,2.425925925925926,3.157407407407408,23.87037037037037,48.90740740740741,31.574074074074076,57.43981481481482,1.2731481481481481,32.875,7.75,8.282407407407407,41.76388888888889,3.092592592592593,4.0509259259259265,0.9212962962962963,20.416666666666668,2.5879629629629632,2.032407407407407,23.47685185185185,0.6666666666666666,0.8935185185185185,25.037037037037038,25.865740740740744,0.75,0.31097560975609756,0.6501193317422433,0.039603960396039604,0.40020032780914233,0.4186046511627908,0.25,0.4001246771751715,0.4129160200034488,0.7236363636363636,0.6210392902408111,0.3339307048984468,0.9575181665735047,0.5621328012415476,0.21556886227544914,0.22057142857142853,0.5119273002650512,0.4503103086967034
Matt Sayles,Orthodox,No,No,No,Matt Sayles,0.0,0.1111111111111111,0.25,0.16666666666666666,0.5125,10.166666666666666,5.5,3.611111111111111,15.5,1.611111111111111,2.1666666666666665,19.27777777777778,49.0,22.972222222222218,53.02777777777778,0.4166666666666667,37.333333333333336,6.888888888888889,4.777777777777778,43.388888888888886,2.361111111111111,3.25,0.0,0.38888888888888884,0.7777777777777777,0.0,1.0125,6.416666666666667,5.916666666666667,0.5833333333333334,11.305555555555555,1.111111111111111,0.5,12.916666666666666,33.55555555555555,16.75,38.583333333333336,2.638888888888889,24.416666666666668,8.388888888888888,0.75,30.916666666666668,2.055555555555556,0.5833333333333334,2.25,18.0,2.472222222222222,0.16666666666666666,19.61111111111111,0.9444444444444443,0.08333333333333333,20.63888888888889,21.833333333333332,0.26666666666666666,0.27232142857142855,0.7983870967741935,0.023255813953488372,0.3572343149807939,0.6823529411764705,0.6666666666666666,0.39342403628117917,0.43321110529072804,0.8526315789473684,0.7372013651877133,0.2947019867549667,0.4814814814814815,0.6343216531895777,0.45945945945945965,0.1428571428571429,0.6150662251655629,0.5658747300215983
Sijara Eubanks,Orthodox,No,No,No,Sijara Eubanks,0.037037037037037035,0.6,0.1111111111111111,0.06666666666666667,1.657469135802469,15.651851851851852,3.5962962962962965,1.4333333333333333,15.025925925925925,1.4296296296296298,4.225925925925925,20.68148148148148,47.86296296296297,27.614814814814817,55.92962962962963,1.3518518518518519,40.781481481481485,5.511111111111112,1.5703703703703704,39.34814814814815,2.088888888888889,6.4259259259259265,0.037037037037037035,0.24444444444444446,0.1074074074074074,0.037037037037037035,0.7497530864197531,12.414814814814816,2.6370370370370373,1.6074074074074076,13.603703703703703,2.174074074074074,0.8814814814814816,16.659259259259258,38.629629629629626,27.400000000000002,51.025925925925925,0.7555555555555555,32.74814814814815,3.9555555555555557,1.9259259259259258,34.58518518518519,2.9037037037037035,1.1407407407407408,0.5111111111111111,20.333333333333332,1.3185185185185186,0.3185185185185185,20.98148148148148,0.7296296296296297,0.25925925925925924,21.97037037037037,23.625925925925927,0.4438356164383561,0.3837980201616565,0.6525537634408601,0.3820754716981132,0.381871234939759,0.6843971631205674,0.657636887608069,0.43209781010601245,0.49374213628236546,0.6764705882352942,0.6209002488124857,0.33333333333333326,0.8730769230769231,0.6066609552366675,0.25127551020408156,0.22727272727272718,0.5687440076701822,0.46301807360092906
Ryan Hall,Southpaw,No,No,No,Ryan Hall,0.13888888888888887,0.08333333333333333,0.6944444444444445,0.25,0.922685185185185,5.25,4.083333333333333,2.638888888888889,7.805555555555556,0.19444444444444442,3.9722222222222228,11.972222222222221,23.805555555555557,33.11111111111111,47.05555555555555,0.7777777777777778,12.055555555555555,8.38888888888889,3.361111111111111,18.722222222222225,0.4166666666666667,4.666666666666667,0.0,0.05555555555555555,0.0,0.05555555555555555,1.3212962962962962,2.777777777777778,1.8333333333333333,1.5,3.361111111111111,0.2222222222222222,2.527777777777778,6.111111111111112,18.61111111111111,10.055555555555555,23.444444444444443,0.05555555555555555,12.972222222222221,2.8611111111111107,2.7777777777777772,12.638888888888888,0.38888888888888884,5.583333333333333,0.0,10.194444444444445,1.0277777777777777,1.277777777777778,9.277777777777777,0.16666666666666666,3.055555555555556,12.5,13.388888888888888,0.10714285714285714,0.43548387096774194,0.48675496688741715,0.024793388429752063,0.41691394658753705,0.46666666666666656,0.8511904761904763,0.5029171528588098,0.7036599763872491,0.0,0.7858672376873661,0.35922330097087374,0.98,0.734065934065934,0.4285714285714285,0.5472636815920398,0.6716417910447761,0.5710900473933649
Mallory Martin,Orthodox,No,No,No,Mallory Martin,0.0,0.19444444444444442,0.1111111111111111,0.0,0.9814814814814815,15.25,3.4722222222222228,0.1111111111111111,15.777777777777777,2.5,0.5555555555555556,18.833333333333332,45.305555555555564,28.583333333333332,55.611111111111114,1.5,40.63888888888889,4.444444444444445,0.2222222222222222,41.833333333333336,2.8055555555555554,0.6666666666666666,0.08333333333333333,0.27777777777777773,0.7222222222222222,0.0,0.4791666666666667,25.305555555555554,5.9444444444444455,1.0277777777777777,28.555555555555554,3.388888888888889,0.3333333333333333,32.27777777777778,62.333333333333336,42.61111111111111,73.66666666666667,0.3611111111111111,51.555555555555564,9.666666666666666,1.111111111111111,57.36111111111111,4.472222222222222,0.5,0.08333333333333333,26.25,3.7222222222222228,0.08333333333333333,28.805555555555554,1.0833333333333333,0.16666666666666666,30.055555555555554,31.055555555555554,0.12962962962962962,0.3752563226247436,0.7812500000000001,0.8749999999999999,0.3771580345285524,0.8910891089108911,0.8333333333333334,0.41569589209074176,0.513986013986014,0.23076923076923084,0.5091594827586208,0.3850574712643676,0.75,0.502179176755448,0.2422360248447205,0.33333333333333337,0.482174688057041,0.42156862745098045
Chris Gruetzemacher,Orthodox,No,No,No,Chris Gruetzemacher,0.0,0.08333333333333333,0.0,0.0,0.31044973544973536,13.603174603174603,7.3730158730158735,4.777777777777778,17.5,6.678571428571428,1.5753968253968254,25.753968253968253,45.11507936507937,39.964285714285715,60.730158730158735,0.13095238095238096,31.05952380952381,8.873015873015873,5.182539682539683,34.48015873015873,8.511904761904761,2.123015873015873,0.047619047619047616,0.9325396825396824,0.27777777777777773,0.0,1.3930555555555557,14.746031746031747,3.6666666666666665,1.392857142857143,15.123015873015873,3.2261904761904763,1.4563492063492063,19.805555555555557,42.25,24.047619047619047,47.019841269841265,2.6666666666666665,35.55555555555555,5.051587301587301,1.642857142857143,34.75,5.3769841269841265,2.123015873015873,1.7341269841269842,20.80952380952381,1.384920634920635,0.25,19.626984126984127,2.1507936507936507,0.6666666666666666,22.444444444444443,22.972222222222225,0.6363636363636362,0.4379711255909033,0.8309481216457961,0.016079632465543642,0.5075382667740822,0.7846153846153846,0.7420560747663552,0.5708505585363708,0.6580632514375326,0.6502976190476191,0.5852678571428571,0.27415553809897875,0.43236714975845425,0.5648052986182482,0.3999999999999999,0.31401869158878504,0.5312294543063774,0.4885644358173685
Maki Pitolo,Orthodox,No,No,No,Maki Pitolo,0.0,0.6666666666666666,0.2222222222222222,0.19444444444444442,0.9462962962962962,11.611111111111109,3.9444444444444446,1.0,14.777777777777779,0.9166666666666666,0.8611111111111112,16.555555555555554,39.583333333333336,23.13888888888889,46.75,1.388888888888889,32.44444444444444,5.916666666666667,1.2222222222222223,37.02777777777778,1.0277777777777777,1.527777777777778,0.0,0.38888888888888884,0.38888888888888884,0.2222222222222222,1.2726851851851853,15.277777777777779,1.7222222222222223,0.8333333333333334,13.388888888888888,2.027777777777778,2.4166666666666665,17.833333333333332,39.861111111111114,29.333333333333332,54.333333333333336,0.6944444444444445,35.52777777777778,3.4166666666666665,0.9166666666666666,33.80555555555555,2.5833333333333335,3.472222222222222,0.3055555555555555,20.25,1.6944444444444444,0.08333333333333333,20.416666666666668,0.5555555555555555,1.0555555555555556,22.027777777777775,25.0,0.4799999999999999,0.35787671232876705,0.6666666666666666,0.5454545454545454,0.39909977494373594,0.891891891891892,0.5636363636363636,0.41824561403508764,0.494949494949495,0.44000000000000017,0.5699765441751368,0.4959349593495934,0.5757575757575758,0.6039441248972883,0.21505376344086014,0.30399999999999994,0.5526132404181185,0.4601226993865031
Sean Soriano,Orthodox,No,No,No,Sean Soriano,0.0,0.3333333333333333,0.0,0.37777777777777777,0.6562962962962963,8.266666666666667,2.3555555555555556,3.111111111111111,9.6,2.3777777777777778,1.7555555555555555,13.733333333333334,21.644444444444446,16.644444444444442,25.333333333333332,0.6444444444444444,15.444444444444445,2.9555555555555557,3.244444444444445,15.71111111111111,3.2222222222222228,2.711111111111111,0.0,1.488888888888889,1.0444444444444443,0.3111111111111111,2.2977777777777777,6.733333333333333,1.0444444444444445,0.9555555555555556,5.311111111111111,0.6444444444444445,2.777777777777778,8.733333333333333,20.466666666666665,23.0,40.044444444444444,2.9333333333333336,17.31111111111111,1.9555555555555557,1.2,16.2,1.2,3.0666666666666664,1.4444444444444444,10.577777777777778,0.9111111111111111,0.24444444444444446,10.888888888888891,0.5555555555555555,0.2888888888888889,11.733333333333334,17.044444444444444,0.5172413793103449,0.5352517985611511,0.7969924812030075,0.10273972602739724,0.611032531824611,0.7379310344827585,0.6475409836065574,0.6344969199178645,0.6570175438596491,0.49242424242424243,0.6110397946084724,0.46590909090909094,-0.24074074074074092,0.6721536351165981,0.4629629629629629,0.0942028985507245,0.5732899022801303,0.425638179800222
Ben Rothwell,Orthodox,No,No,No,Ben Rothwell,0.06391402714932126,0.1167420814479638,0.0910633484162896,0.0,0.550537330316742,12.288914027149321,2.0755656108597287,1.989027149321267,13.975452488687784,1.4476244343891402,0.9304298642533937,16.353506787330318,40.92002262443439,19.234162895927604,44.486312217194566,0.4245475113122172,36.110407239819004,2.5316742081447963,2.2779411764705886,37.30429864253394,2.215723981900452,1.4,0.015384615384615385,0.16312217194570136,0.0579185520361991,0.03891402714932127,0.3386915535444947,15.582579185520363,10.711538461538462,1.229864253393665,25.23834841628959,0.8970588235294118,1.3885746606334841,27.523981900452487,47.03088235294118,31.904411764705884,52.37907239819005,0.4091628959276018,33.379185520361986,12.332239819004524,1.3194570135746606,43.56730769230769,1.4106334841628958,2.0529411764705885,0.24604072398190047,17.79660633484163,1.6207013574660636,0.08959276018099548,18.3289592760181,0.5135746606334841,0.6643665158371042,19.506900452488686,20.474660633484163,0.2749800159872102,0.3403150218034184,0.8198391420911529,0.05124894472860902,0.3746338357036723,0.6533415020166438,0.6645927601809956,0.3996455949553953,0.4323613699877181,0.6013270666298036,0.5331647868994684,0.13141987029545843,0.8763717421124828,0.42070442831734334,0.3640737770649558,0.3236169274851224,0.4147679030578253,0.3908939142303647
Liana Jojua,Orthodox,No,No,No,Liana Jojua,0.0,0.5833333333333334,0.25,0.0,0.6763888888888889,7.916666666666667,1.8333333333333333,0.25,9.0,0.3333333333333333,0.6666666666666666,10.0,34.0,17.0,42.916666666666664,0.9166666666666666,30.583333333333332,2.9166666666666665,0.5,32.166666666666664,0.5,1.3333333333333333,0.0,0.08333333333333333,0.16666666666666666,0.16666666666666666,0.9833333333333334,16.083333333333332,3.9166666666666665,3.25,18.0,0.5833333333333334,4.666666666666667,23.25,51.166666666666664,38.25,69.33333333333333,0.16666666666666666,40.75,6.666666666666667,3.75,43.916666666666664,0.9166666666666666,6.333333333333333,0.08333333333333333,24.666666666666668,2.75,0.5,25.916666666666668,0.3333333333333333,1.6666666666666667,27.916666666666668,31.083333333333332,0.6363636363636365,0.25885558583106266,0.6285714285714286,1.1666666666666667,0.27979274611398963,0.6666666666666666,0.5,0.29411764705882354,0.39611650485436894,0.5,0.6053169734151329,0.4125000000000001,0.9777777777777777,0.5901328273244781,0.36363636363636354,0.26315789473684204,0.5456026058631922,0.4483173076923077
Felicia Spencer,Orthodox,No,No,Yes,Felicia Spencer,0.0,0.26666666666666666,0.03333333333333333,0.05,0.9938888888888888,8.8,2.3,2.3,7.916666666666666,2.85,2.6333333333333337,13.4,29.46666666666666,28.51666666666667,46.65,1.8666666666666665,22.916666666666664,3.65,2.9,22.21666666666667,3.9,3.35,0.0,0.8333333333333333,0.2,0.0,1.1991666666666667,15.3,3.8166666666666664,4.066666666666667,16.93333333333333,2.0833333333333335,4.166666666666666,23.183333333333334,40.95,28.116666666666664,46.03333333333333,1.1333333333333333,31.733333333333338,4.766666666666667,4.45,32.88333333333334,2.8,5.2666666666666675,0.3,16.43333333333333,0.95,0.3833333333333333,15.95,0.7166666666666667,1.1,17.76666666666667,17.916666666666664,0.14285714285714288,0.38400000000000006,0.6301369863013698,0.09195402298850575,0.35633908477119275,0.7307692307692308,0.7860696517412936,0.45475113122171956,0.611289746337978,0.26470588235294124,0.5178571428571429,0.19930069930069938,0.8127340823970037,0.4850481500253423,0.2559523809523808,0.2088607594936711,0.43386243386243395,0.38921071687183206
Leah Letson,,No,No,No,Leah Letson,0.0,0.16666666666666666,0.0,0.0,0.6638888888888889,8.333333333333334,4.166666666666667,2.5,13.166666666666666,1.6666666666666667,0.16666666666666666,15.0,35.833333333333336,26.166666666666668,47.666666666666664,0.3333333333333333,27.333333333333332,5.666666666666667,2.8333333333333335,33.0,2.6666666666666665,0.16666666666666666,0.0,0.6666666666666666,0.16666666666666666,0.16666666666666666,2.0,13.833333333333334,3.1666666666666665,1.8333333333333333,9.166666666666666,7.333333333333333,2.3333333333333335,18.833333333333332,39.333333333333336,48.833333333333336,73.83333333333333,2.8333333333333335,31.833333333333332,4.5,3.0,27.666666666666668,8.666666666666666,3.0,2.1666666666666665,18.0,1.3333333333333333,1.1666666666666667,18.5,1.3333333333333333,0.6666666666666666,20.5,25.0,0.5,0.30487804878048785,0.7352941176470589,0.0588235294117647,0.39898989898989895,0.6250000000000001,1.0,0.41860465116279066,0.548951048951049,0.7647058823529412,0.5654450261780104,0.2962962962962963,0.7777777777777778,0.6686746987951808,0.15384615384615385,0.2222222222222222,0.5211864406779662,0.3386004514672686
Da-Un Jung,Orthodox,No,No,No,Da-Un Jung,0.24444444444444446,0.7999999999999999,0.1111111111111111,0.0,1.4562962962962962,14.222222222222221,1.7333333333333334,1.511111111111111,12.955555555555556,1.888888888888889,2.6222222222222222,17.466666666666665,38.733333333333334,23.04444444444444,45.42222222222222,1.3111111111111111,34.62222222222223,2.6,1.511111111111111,33.06666666666667,2.3777777777777778,3.288888888888889,0.0,0.1111111111111111,0.0,0.0,0.3503703703703704,11.200000000000001,0.9333333333333335,2.888888888888889,13.488888888888889,1.4222222222222223,0.1111111111111111,15.02222222222222,33.644444444444446,18.48888888888889,37.333333333333336,0.9111111111111111,28.86666666666667,1.4222222222222223,3.3555555555555556,30.866666666666664,2.6666666666666665,0.1111111111111111,0.7999999999999999,17.666666666666668,0.48888888888888893,0.4666666666666666,17.377777777777776,1.2444444444444445,0.0,18.622222222222224,18.844444444444445,0.6101694915254237,0.41078305519897296,0.6666666666666666,0.5294117647058824,0.3918010752688172,0.7943925233644861,0.7972972972972973,0.450946643717728,0.5073385518590998,0.8780487804878049,0.6120092378752887,0.3437499999999999,0.9668874172185431,0.5629949604031677,0.46666666666666656,0.0,0.5535006605019817,0.5047619047619047
Collin Anglin,Orthodox,No,No,No,Collin Anglin,0.0,0.25,0.0,0.0,0.12916666666666665,4.75,3.5,1.25,7.75,1.75,0.0,9.5,25.5,10.25,27.0,0.5,16.5,7.25,1.75,23.25,2.25,0.0,0.75,0.0,0.0,0.0,0.3958333333333333,14.5,7.75,3.75,22.25,3.0,0.75,26.0,48.75,30.0,52.75,0.0,32.25,10.75,5.75,44.25,3.0,1.5,0.0,17.75,3.0,2.0,22.0,0.0,0.75,22.75,22.75,0.5,0.2878787878787879,0.4827586206896552,0.14285714285714285,0.3333333333333333,0.7777777777777778,,0.37254901960784315,0.37962962962962965,,0.5503875968992248,0.2790697674418605,1.0,0.4971751412429378,0.0,0.5,0.4666666666666667,0.4312796208530806
Al Iaquinta,Orthodox,No,No,Yes,Al Iaquinta,0.11222222222222222,0.13999999999999999,0.043333333333333335,0.0,0.19112962962962962,13.318888888888889,3.513333333333333,2.2377777777777776,18.043333333333333,0.5900000000000001,0.43666666666666665,19.07,45.70777777777778,19.65888888888889,46.38333333333333,0.9022222222222223,37.67444444444444,5.523333333333333,2.51,44.14222222222222,0.9422222222222223,0.6233333333333333,0.11888888888888889,0.2833333333333333,0.12999999999999998,0.0,0.6389444444444444,17.833333333333336,2.3722222222222222,2.8600000000000003,20.56111111111111,0.3688888888888889,2.1355555555555554,23.065555555555555,59.766666666666666,25.56111111111111,62.62555555555555,1.238888888888889,52.94,3.677777777777778,3.1488888888888886,56.18888888888889,0.6599999999999999,2.917777777777778,0.9555555555555555,35.10666666666667,1.3055555555555556,0.28888888888888886,35.62777777777778,0.29111111111111115,0.7822222222222222,36.70111111111111,37.06444444444445,0.15517241379310343,0.3535258206270092,0.636089318044659,0.055776892430278883,0.40875453080950463,0.6261792452830189,0.7005347593582888,0.4172156452828354,0.423835189843095,0.7713004484304933,0.66314066238509,0.35498489425981883,0.9100211714890614,0.6340715839430493,0.44107744107744107,0.2680883472962682,0.614073247815579,0.5918421659599382
John Allan,Orthodox,No,No,No,John Allan,0.0,0.5555555555555555,0.3333333333333333,0.0,0.45370370370370366,10.666666666666666,2.8888888888888893,4.333333333333333,15.0,1.2222222222222223,1.6666666666666667,17.88888888888889,44.77777777777778,22.333333333333332,51.22222222222222,0.7777777777777777,35.44444444444444,4.555555555555555,4.777777777777778,40.22222222222222,2.3333333333333335,2.2222222222222223,0.0,0.3333333333333333,0.3333333333333333,0.0,1.0999999999999999,18.88888888888889,6.4444444444444455,5.111111111111112,29.555555555555557,0.4444444444444444,0.4444444444444444,30.444444444444443,65.66666666666667,40.666666666666664,79.1111111111111,0.5555555555555555,50.666666666666664,9.333333333333334,5.666666666666667,63.666666666666664,0.6666666666666666,1.3333333333333333,0.2222222222222222,31.777777777777782,2.888888888888889,0.5555555555555555,34.11111111111111,0.2222222222222222,0.888888888888889,35.22222222222222,38.44444444444445,0.7142857142857143,0.30094043887147337,0.6341463414634148,0.11627906976744184,0.3729281767955801,0.5238095238095238,0.75,0.39950372208436724,0.4360086767895878,0.3999999999999999,0.6271929824561403,0.3095238095238094,0.9411764705882353,0.5357766143106457,0.33333333333333337,0.6666666666666667,0.5363790186125212,0.4859550561797752
Gian Villante,Orthodox,No,No,No,Gian Villante,0.08564814814814814,0.0949074074074074,0.0,0.0,0.24656635802469137,13.194444444444445,2.7268518518518516,3.8379629629629632,17.53935185185185,1.0486111111111112,1.1712962962962963,19.75925925925926,45.84722222222222,22.261574074074076,48.60185185185185,0.5,37.13425925925926,4.238425925925926,4.474537037037037,42.833333333333336,1.4907407407407407,1.5231481481481481,0.14583333333333334,0.125,0.08333333333333333,0.0,0.2972222222222222,18.064814814814813,3.939814814814815,3.513888888888889,23.85648148148148,1.3657407407407407,0.29629629629629634,25.51851851851852,54.16435185185185,27.877314814814813,56.72453703703704,0.8564814814814815,44.31018518518518,5.851851851851852,4.002314814814815,51.44444444444445,2.0833333333333335,0.6365740740740741,0.7314814814814815,26.24537037037037,1.912037037037037,0.488425925925926,27.587962962962962,0.7175925925925926,0.34027777777777773,28.645833333333332,28.847222222222225,0.1898148148148148,0.35531729210821594,0.6433642818132168,0.02121055354371443,0.4094790315607436,0.7034161490683231,0.7689969604863222,0.4309805109562759,0.4580396265955421,0.854054054054054,0.5923101034374674,0.3267405063291139,0.9687680740312319,0.5362670986321094,0.34444444444444455,0.5345454545454544,0.5288687550750031,0.508549275658029
Jordan Williams,Southpaw,No,No,No,Jordan Williams,0.0,0.1111111111111111,0.0,0.0,0.6314814814814814,8.444444444444445,1.3333333333333333,1.0,9.777777777777779,1.0,0.0,10.777777777777777,36.333333333333336,17.0,44.666666666666664,1.0,32.77777777777778,2.5555555555555554,1.0,34.44444444444445,1.8888888888888886,0.0,0.1111111111111111,0.2222222222222222,1.111111111111111,0.1111111111111111,1.4185185185185183,17.333333333333332,4.555555555555555,1.7777777777777777,17.0,4.0,2.6666666666666665,23.666666666666668,38.22222222222222,28.0,43.555555555555564,1.777777777777778,31.11111111111111,4.888888888888888,2.2222222222222223,29.0,4.555555555555555,4.666666666666667,1.5555555555555556,13.777777777777779,0.3333333333333333,0.4444444444444444,12.0,0.5555555555555555,2.0,14.555555555555555,15.555555555555555,0.1111111111111111,0.2576271186440678,0.5217391304347826,0.1111111111111111,0.2838709677419355,0.5294117647058825,,0.2966360856269113,0.3805970149253732,0.875,0.44285714285714284,0.06818181818181812,0.9,0.4137931034482759,0.12195121951219512,0.4285714285714286,0.3808139534883721,0.3571428571428573
Hu Yaozong,Orthodox,No,No,No,Hu Yaozong,0.0,0.0,0.1111111111111111,0.0,0.7388888888888889,7.111111111111112,4.111111111111112,5.111111111111111,13.055555555555555,3.0555555555555554,0.2222222222222222,16.333333333333332,32.77777777777778,17.61111111111111,34.5,0.1111111111111111,21.444444444444443,4.777777777777778,6.555555555555556,27.777777777777775,4.777777777777778,0.2222222222222222,0.1111111111111111,1.0,0.8333333333333334,0.1111111111111111,1.9935185185185185,20.666666666666668,2.8333333333333335,1.1666666666666667,14.611111111111112,3.7777777777777772,6.277777777777778,24.666666666666668,37.666666666666664,34.666666666666664,49.44444444444445,1.5555555555555556,33.333333333333336,3.1666666666666665,1.1666666666666667,26.0,4.611111111111111,7.0555555555555545,0.5555555555555555,12.666666666666666,0.3333333333333333,0.0,11.388888888888888,0.8333333333333334,0.7777777777777777,13.0,14.777777777777779,0.0,0.3316062176165804,0.8604651162790699,0.0,0.47000000000000003,0.6395348837209303,1.0,0.4983050847457627,0.5104669887278582,0.3571428571428572,0.38,0.10526315789473673,0.1428571428571429,0.43803418803418803,0.1807228915662651,0.11023622047244086,0.34513274336283184,0.29887640449438213
Shamil Gamzatov,Orthodox,No,No,No,Shamil Gamzatov,0.0,0.0,0.0,0.0,0.061111111111111095,5.166666666666667,8.666666666666666,8.333333333333334,22.0,0.16666666666666666,0.0,22.166666666666668,47.166666666666664,28.166666666666668,53.833333333333336,0.6666666666666666,23.0,12.333333333333334,11.833333333333334,46.833333333333336,0.3333333333333333,0.0,0.16666666666666666,0.3333333333333333,0.0,0.0,0.5972222222222222,7.666666666666667,2.6666666666666665,4.0,13.5,0.3333333333333333,0.5,14.333333333333334,30.666666666666668,19.333333333333332,36.333333333333336,0.6666666666666666,21.333333333333332,5.0,4.333333333333333,28.833333333333332,0.3333333333333333,1.5,0.3333333333333333,13.666666666666666,2.3333333333333335,0.3333333333333333,15.333333333333334,0.0,1.0,16.333333333333332,17.0,0.0,0.22463768115942032,0.7027027027027026,0.0,0.4697508896797153,0.5,,0.4699646643109541,0.5232198142414861,0.5,0.640625,0.4666666666666667,0.9230769230769231,0.5317919075144508,0.0,0.6666666666666667,0.5326086956521738,0.4678899082568808
Laureano Staropoli,Orthodox,No,No,No,Laureano Staropoli,0.0,0.27777777777777773,0.0,0.0,0.3814814814814815,11.0,4.0,1.5555555555555554,15.722222222222221,0.7777777777777777,0.05555555555555555,16.555555555555554,48.666666666666664,19.61111111111111,52.27777777777778,1.0555555555555556,39.55555555555555,7.388888888888888,1.722222222222222,47.27777777777777,1.277777777777778,0.1111111111111111,0.05555555555555555,0.7222222222222223,0.0,0.0,1.1120370370370372,11.111111111111112,4.055555555555556,3.5,14.333333333333334,4.055555555555555,0.2777777777777778,18.666666666666668,40.611111111111114,23.944444444444443,46.666666666666664,1.388888888888889,30.944444444444443,5.611111111111111,4.055555555555556,34.05555555555555,6.0555555555555545,0.5,0.6666666666666666,19.833333333333332,1.5555555555555554,0.5555555555555556,19.722222222222225,2.0,0.2222222222222222,21.944444444444443,22.722222222222225,0.26315789473684204,0.27808988764044945,0.5413533834586467,0.16129032258064516,0.33254994124559345,0.6086956521739129,0.5,0.34018264840182644,0.3751328374070138,0.48,0.6409335727109515,0.27722772277227703,0.821917808219178,0.5791190864600325,0.3302752293577981,0.4444444444444444,0.5403556771545828,0.48690476190476195
Zviad Lazishvili,Orthodox,No,No,No,Zviad Lazishvili,0.0,0.0,0.0,0.0,0.5,8.333333333333334,5.666666666666667,7.0,20.0,1.0,0.0,21.0,53.333333333333336,22.0,54.333333333333336,2.0,38.333333333333336,7.333333333333333,7.666666666666667,51.0,2.3333333333333335,0.0,0.0,0.0,0.0,0.0,0.0,21.666666666666668,4.666666666666667,4.333333333333333,30.666666666666668,0.0,0.0,30.666666666666668,62.666666666666664,31.333333333333332,63.666666666666664,0.0,51.333333333333336,6.333333333333333,5.0,62.666666666666664,0.0,0.0,0.0,29.666666666666668,1.6666666666666667,0.6666666666666666,32.0,0.0,0.0,32.0,32.333333333333336,0.0,0.21739130434782608,0.7727272727272728,0.0,0.39215686274509803,0.42857142857142855,,0.39375,0.4049079754601227,,0.577922077922078,0.26315789473684204,1.0,0.5106382978723404,,,0.5106382978723404,0.5078534031413613
Khama Worthy,Orthodox,No,No,No,Khama Worthy,0.06666666666666667,0.0,0.3333333333333333,0.6666666666666666,0.21777777777777774,5.933333333333334,3.0666666666666664,3.3333333333333335,10.799999999999999,0.3333333333333333,1.2,12.333333333333334,23.733333333333334,16.0,28.066666666666666,0.0,15.799999999999999,3.6,4.333333333333333,21.666666666666668,0.7333333333333334,1.3333333333333333,0.13333333333333333,1.0,1.0,0.0,1.4222222222222218,8.933333333333334,1.6666666666666667,1.8666666666666665,9.4,0.5333333333333333,2.533333333333333,12.466666666666667,24.599999999999998,13.200000000000001,25.333333333333332,2.066666666666667,20.2,1.8666666666666665,2.533333333333333,20.400000000000002,0.7999999999999999,3.4,1.0666666666666667,11.266666666666666,0.19999999999999998,0.6666666666666666,11.0,0.26666666666666666,0.8666666666666667,12.133333333333333,12.133333333333333,,0.3755274261603376,0.8518518518518517,0.0,0.4984615384615384,0.4545454545454545,0.9,0.5196629213483146,0.5700712589073634,0.5161290322580645,0.5577557755775577,0.10714285714285698,0.6052631578947368,0.5392156862745099,0.33333333333333326,0.2549019607843137,0.4932249322493224,0.47894736842105257
Livinha Souza,Orthodox,No,No,No,Livinha Souza,0.0,0.8055555555555555,0.36111111111111116,0.0,0.7976851851851853,3.555555555555556,1.9444444444444446,2.694444444444444,5.972222222222221,1.277777777777778,0.9444444444444443,8.194444444444445,18.583333333333332,16.916666666666668,27.75,1.7222222222222223,12.25,3.027777777777778,3.3055555555555554,14.583333333333334,1.8333333333333333,2.1666666666666665,0.1111111111111111,0.2222222222222222,0.0,0.16666666666666666,1.6574074074074074,12.944444444444445,2.777777777777778,1.4722222222222223,11.25,2.9444444444444446,3.0,17.194444444444446,40.11111111111111,32.75,57.80555555555555,0.38888888888888884,33.166666666666664,4.527777777777778,2.4166666666666665,32.11111111111111,4.5,3.5,0.16666666666666666,20.22222222222222,1.75,0.9444444444444445,20.86111111111111,1.5555555555555556,0.5,22.916666666666668,25.055555555555557,0.4677419354838709,0.29024943310657597,0.6422018348623854,0.24369747899159663,0.40952380952380946,0.696969696969697,0.43589743589743585,0.44095665171898357,0.6096096096096096,0.4285714285714285,0.6097152428810719,0.38650306748466245,0.9080459770114943,0.6496539792387543,0.345679012345679,0.1428571428571429,0.5713296398891966,0.43344545891398356
Randa Markos,Orthodox,No,No,No,Randa Markos,0.0,0.38359788359788355,0.05555555555555555,0.15079365079365079,1.2571869488536154,11.314814814814815,1.6190476190476193,1.8333333333333333,9.190476190476192,3.0396825396825395,2.5370370370370368,14.767195767195767,34.042328042328045,26.124338624338623,46.904761904761905,1.335978835978836,29.50793650793651,2.1904761904761902,2.3439153439153437,26.775132275132275,4.161375661375661,3.105820105820106,0.0,0.5529100529100529,0.291005291005291,0.15608465608465608,1.2261904761904763,10.108465608465607,2.478835978835979,2.8624338624338623,10.534391534391535,2.164021164021164,2.751322751322751,15.449735449735451,37.88095238095238,25.502645502645503,49.2962962962963,1.2142857142857142,30.626984126984127,3.664021164021164,3.5899470899470898,31.373015873015873,3.0423280423280423,3.465608465608465,0.6613756613756614,20.51851851851852,1.1851851851851851,0.7275132275132276,20.83862433862434,0.8783068783068783,0.7142857142857143,22.431216931216934,23.793650793650794,0.28712871287128705,0.38344988344988346,0.7391304347826089,0.16365688487584648,0.3432467147515068,0.7304513668150031,0.8168654173764904,0.43378924463786134,0.556965595036661,0.5446623093681917,0.669949036883476,0.32346570397111907,0.8459837877671333,0.6642212665486129,0.288695652173913,0.20610687022900753,0.5921502898247084,0.4826660942363422
Carlos Felipe,Orthodox,No,No,No,Carlos Felipe,0.0,0.0,0.0,0.0,0.23666666666666666,15.466666666666669,7.333333333333333,1.5999999999999999,21.266666666666666,2.6666666666666665,0.4666666666666666,24.400000000000002,53.6,25.066666666666666,54.26666666666667,0.06666666666666667,42.333333333333336,9.466666666666667,1.8,49.866666666666674,3.0666666666666664,0.6666666666666666,0.0,0.19999999999999998,0.0,0.0,0.6644444444444445,18.733333333333334,4.0,5.266666666666667,25.133333333333336,1.3333333333333333,1.5333333333333332,28.0,56.666666666666664,40.06666666666667,70.13333333333334,0.7333333333333334,45.93333333333334,5.133333333333333,5.6000000000000005,53.333333333333336,1.6666666666666667,1.6666666666666667,0.5333333333333333,27.2,1.1333333333333333,0.3333333333333333,28.2,0.3333333333333333,0.13333333333333333,28.666666666666668,30.066666666666663,0.0,0.36535433070866147,0.7746478873239436,0.0,0.42647058823529405,0.8695652173913043,0.7,0.45522388059701496,0.46191646191646185,0.7272727272727273,0.5921625544267054,0.22077922077922074,0.9642857142857143,0.5287499999999999,0.20000000000000007,0.08000000000000007,0.5058823529411764,0.42870722433460073
Andrew Sanchez,Orthodox,No,No,No,Andrew Sanchez,0.09999999999999999,0.7851851851851852,0.0,0.0,1.441172839506173,14.559259259259258,3.5407407407407407,1.8111111111111111,15.681481481481482,1.9074074074074074,2.3222222222222224,19.91111111111111,45.625925925925934,30.381481481481483,58.26666666666667,2.1481481481481484,37.74444444444445,5.329629629629629,2.551851851851852,40.3074074074074,2.755555555555556,2.562962962962963,0.041666666666666664,0.0,0.0,0.037037037037037035,0.11203703703703703,16.300925925925927,5.453703703703703,2.050925925925926,18.180555555555554,4.805555555555555,0.8194444444444443,23.805555555555557,48.824074074074076,28.930555555555557,54.58796296296296,0.3194444444444444,39.80555555555555,6.717592592592593,2.300925925925926,41.83796296296296,6.166666666666667,0.8194444444444443,0.3194444444444444,23.50462962962963,1.263888888888889,0.25,23.65740740740741,1.361111111111111,0.0,25.01851851851852,25.65740740740741,0.3655172413793103,0.3857325090766362,0.6643502432244615,0.3076923076923077,0.3890471377377562,0.6922043010752688,0.9060693641618498,0.436399058365127,0.5214213068904144,1.0,0.5904861595719935,0.18814610613370097,1.0,0.5654531371030209,0.2207207207207208,0.0,0.512421771287692,0.4700195064031888
Danaa Batgerel,Orthodox,No,No,No,Danaa Batgerel,0.25,0.0,0.0,0.0,0.04999999999999999,24.0,1.8333333333333333,1.0833333333333333,20.333333333333332,1.6666666666666667,4.916666666666667,26.916666666666668,66.41666666666667,38.333333333333336,79.5,0.3333333333333333,59.25,5.083333333333333,2.0833333333333335,55.583333333333336,3.6666666666666665,7.166666666666667,0.0,1.0,0.0,0.0,0.9500000000000001,8.583333333333334,0.8333333333333334,0.8333333333333334,9.083333333333334,0.16666666666666666,1.0,10.25,26.5,19.0,40.916666666666664,2.3333333333333335,24.166666666666668,1.3333333333333333,1.0,25.333333333333332,0.16666666666666666,1.0,1.3333333333333333,15.583333333333334,0.5,0.16666666666666666,16.25,0.0,0.0,16.25,21.916666666666668,0.0,0.4050632911392405,0.36065573770491804,0.0,0.3658170914542728,0.4545454545454546,0.686046511627907,0.40526976160602257,0.48218029350104824,0.5714285714285714,0.6448275862068966,0.3749999999999999,0.0,0.6414473684210527,0.0,0.0,0.6132075471698113,0.5356415478615071
Johnny Eduardo,Orthodox,No,No,No,Johnny Eduardo,0.09722222222222221,0.05555555555555555,0.20833333333333334,0.0,0.09999999999999999,7.472222222222222,1.4583333333333333,4.625,12.388888888888891,0.5555555555555555,0.611111111111111,13.555555555555555,35.77777777777778,14.236111111111112,36.5,0.23611111111111108,27.027777777777775,2.527777777777778,6.222222222222222,34.44444444444444,0.6111111111111112,0.7222222222222222,0.0,0.4583333333333333,0.2222222222222222,0.0,0.7127314814814815,10.555555555555555,2.277777777777778,2.388888888888889,10.722222222222223,1.0555555555555556,3.4444444444444446,15.222222222222221,41.31944444444444,21.125,47.69444444444445,1.0833333333333333,34.36111111111111,3.861111111111111,3.097222222222222,35.90277777777778,1.0555555555555556,4.361111111111112,0.625,23.805555555555554,1.5833333333333333,0.7083333333333334,25.180555555555554,0.0,0.9166666666666666,26.097222222222225,26.569444444444443,0.23529411764705885,0.27646454265159304,0.5769230769230768,0.008928571428571428,0.35967741935483877,0.9090909090909088,0.846153846153846,0.37888198757763975,0.39003044140030446,0.5769230769230769,0.692805173807599,0.41007194244604306,0.852017937219731,0.7013539651837524,0.0,0.21019108280254784,0.6315966386554621,0.5570762958648807
Bethe Correia,Orthodox,No,No,Yes,Bethe Correia,0.0,0.12474747474747476,0.0,0.06363636363636364,0.5970622895622896,11.656565656565656,4.941919191919191,3.6474747474747478,17.5,2.6272727272727274,0.11868686868686867,20.245959595959594,46.17727272727273,27.151515151515152,53.90656565656567,0.6898989898989899,33.846464646464646,7.53080808080808,4.8,42.13484848484848,3.8328282828282827,0.20959595959595959,0.061111111111111116,0.08888888888888889,0.061111111111111116,0.0,0.39439393939393935,15.553535353535354,4.657575757575757,2.804040404040404,17.884343434343435,3.6176767676767674,1.513131313131313,23.015151515151516,52.05353535353535,28.916666666666668,59.01717171717172,0.6313131313131314,42.74090909090909,6.1313131313131315,3.181313131313131,45.355555555555554,4.915656565656565,1.7823232323232323,0.5424242424242425,27.187373737373736,1.473737373737374,0.37727272727272726,27.47121212121212,1.297979797979798,0.2691919191919192,29.03838383838384,30.10050505050505,0.18081991215226942,0.3443953682702638,0.6562269465495272,0.025989057239057242,0.4153331655219533,0.6854658057715115,0.5662650602409638,0.4384399164397195,0.5036773317093736,0.8592,0.6360972266534322,0.24036243822075787,0.9720590569931735,0.6056857155583271,0.26405013870338023,0.1510342873335222,0.5578561310228397,0.5100296095983021
Gaetano Pirrello,Orthodox,No,No,No,Gaetano Pirrello,0.0,0.0,0.0,0.0,0.0,1.75,0.5,1.5,3.0,0.75,0.0,3.75,7.0,5.5,8.75,0.0,4.5,0.75,1.75,5.75,1.25,0.0,0.25,2.75,0.5,0.0,2.6833333333333336,6.25,1.5,0.5,2.25,1.5,4.5,8.25,14.5,21.25,28.75,4.0,11.75,2.25,0.5,7.25,2.0,5.25,1.25,5.5,0.75,0.0,5.0,0.5,0.75,6.25,7.5,,0.3888888888888889,0.6666666666666666,0.0,0.5217391304347826,0.6,,0.5357142857142857,0.6285714285714286,0.3125,0.46808510638297873,0.33333333333333337,-4.5,0.6896551724137931,0.25,0.1428571428571429,0.43103448275862066,0.26086956521739135
Martin Sano,Orthodox,No,No,No,Martin Sano,0.0,0.0,0.0,0.0,0.0,1.0,0.0,0.0,1.0,0.0,0.0,1.0,3.0,1.0,3.0,0.0,3.0,0.0,0.0,3.0,0.0,0.0,1.0,0.0,0.0,0.0,0.0166666666666666,2.0,1.0,0.0,2.0,0.0,1.0,3.0,5.0,3.0,5.0,0.0,4.0,1.0,0.0,4.0,0.0,1.0,0.0,2.0,0.0,0.0,2.0,0.0,0.0,2.0,2.0,,0.3333333333333333,,,0.3333333333333333,,,0.3333333333333333,0.3333333333333333,,0.5,0.0,,0.5,,0.0,0.4,0.4
Nick Diaz,Southpaw,No,No,Yes,Nick Diaz,0.04205128205128205,0.2675990675990676,0.2647086247086247,0.059487179487179485,0.5545998445998446,10.62032634032634,4.982937062937063,1.567645687645688,13.06853146853147,3.2532400932400933,0.8491375291375292,17.17090909090909,43.5365034965035,31.636550116550115,59.01482517482517,0.7777156177156177,32.700885780885784,7.776876456876456,3.0587412587412586,36.75487179487179,5.132307692307693,1.6493240093240094,0.0,0.6123076923076922,0.05818181818181818,0.03076923076923077,0.9439456099456098,11.735291375291375,3.642983682983683,4.543030303030303,15.61118881118881,2.4287179487179484,1.8813986013986015,19.92130536130536,39.80755244755245,26.48,46.96699300699301,1.588065268065268,29.93911421911422,4.382937062937063,5.485501165501166,31.80755244755245,4.257808857808858,3.7421911421911425,0.9757575757575758,18.20382284382284,0.73995337995338,0.9424708624708625,16.196363636363635,1.8290909090909089,1.8607925407925408,19.886247086247085,20.486993006993007,0.34408344323222634,0.3247718245765104,0.6407375879722327,0.08748666361835086,0.35555916346183125,0.6338747184070924,0.5148397309062129,0.394402575123841,0.5360780112934366,0.6144316580554252,0.6080281036571504,0.1688259195438977,0.888377073701387,0.509198677360349,0.4295850213511444,0.49724679207674105,0.49955965296906335,0.43619980108035994
Emily Whitmire,Orthodox,No,No,No,Emily Whitmire,0.0,0.5,0.05555555555555555,0.1111111111111111,1.9953703703703705,7.833333333333333,1.7222222222222223,1.7222222222222223,6.722222222222222,0.7777777777777778,3.777777777777778,11.277777777777777,31.777777777777775,31.777777777777782,60.333333333333336,0.7222222222222222,27.722222222222225,2.3333333333333335,1.7222222222222223,25.666666666666668,0.8888888888888888,5.222222222222222,0.0,0.27777777777777773,0.38888888888888884,0.0,0.5935185185185186,6.611111111111112,2.611111111111111,2.4444444444444446,9.0,0.8888888888888888,1.777777777777778,11.666666666666666,25.0,25.555555555555557,42.55555555555556,1.0,18.61111111111111,3.8333333333333335,2.5555555555555554,20.22222222222222,1.5,3.2777777777777772,0.7222222222222222,12.0,1.222222222222222,0.1111111111111111,11.222222222222221,0.611111111111111,1.5,13.333333333333334,17.0,0.6923076923076923,0.282565130260521,0.7380952380952381,0.29032258064516125,0.2619047619047619,0.8750000000000001,0.723404255319149,0.3548951048951049,0.5267034990791898,0.7222222222222223,0.6447761194029851,0.3188405797101449,0.8913043478260869,0.554945054945055,0.40740740740740744,0.4576271186440677,0.5333333333333334,0.39947780678851175
Sarah Alpar,Southpaw,No,No,No,Sarah Alpar,0.0,0.3333333333333333,0.0,0.0,0.5777777777777778,4.166666666666667,1.8333333333333333,2.8333333333333335,8.666666666666666,0.16666666666666666,0.0,8.833333333333334,23.833333333333332,11.833333333333334,27.333333333333332,2.0,17.0,3.1666666666666665,3.6666666666666665,23.333333333333332,0.5,0.0,0.0,0.6666666666666666,0.0,0.0,3.0027777777777778,26.666666666666668,4.0,2.0,11.333333333333334,5.833333333333333,15.5,32.666666666666664,52.666666666666664,53.666666666666664,82.16666666666667,0.6666666666666666,46.166666666666664,4.5,2.0,25.166666666666668,6.5,21.0,0.0,19.5,0.5,0.0,13.833333333333334,0.6666666666666666,5.5,20.0,28.5,0.16666666666666666,0.2450980392156863,0.5789473684210527,0.09090909090909091,0.37142857142857144,0.3333333333333333,,0.3706293706293707,0.43292682926829273,0.0,0.4223826714801443,0.11111111111111116,0.6666666666666667,0.5496688741721854,0.10256410256410264,0.26190476190476186,0.379746835443038,0.34685598377281956
Gustavo Lopez,Orthodox,No,No,No,Gustavo Lopez,0.0,0.5,0.19444444444444442,0.0,0.31666666666666665,6.5,2.361111111111111,1.5833333333333333,8.083333333333334,1.0833333333333333,1.277777777777778,10.444444444444445,26.166666666666668,14.666666666666666,31.555555555555554,1.222222222222222,20.75,3.111111111111111,2.3055555555555554,21.555555555555557,2.75,1.8611111111111114,0.2222222222222222,1.3333333333333333,0.2222222222222222,0.0,0.9717592592592593,10.888888888888891,3.5555555555555554,2.027777777777778,10.861111111111112,0.6666666666666666,4.944444444444445,16.47222222222222,38.166666666666664,20.38888888888889,44.47222222222222,1.888888888888889,30.416666666666668,5.5,2.25,29.722222222222218,1.0555555555555556,7.388888888888889,0.5555555555555555,19.527777777777775,1.9444444444444444,0.2222222222222222,18.86111111111111,0.38888888888888884,2.444444444444444,21.694444444444443,24.083333333333332,0.4090909090909091,0.3132530120481928,0.7589285714285714,0.2168674698795181,0.375,0.3939393939393939,0.6865671641791045,0.39915074309978765,0.4647887323943662,0.2941176470588236,0.6420091324200913,0.3535353535353536,0.40740740740740744,0.6345794392523363,0.368421052631579,0.3308270676691729,0.5684133915574964,0.5415365396627108
Impa Kasanganay,Orthodox,No,No,No,Impa Kasanganay,0.0,0.19444444444444442,0.1111111111111111,0.0,0.2726851851851852,14.527777777777779,2.611111111111111,1.6388888888888886,18.22222222222222,0.5555555555555555,0.0,18.77777777777778,44.666666666666664,19.805555555555554,46.27777777777778,0.6666666666666666,37.083333333333336,5.777777777777778,1.8055555555555554,43.38888888888889,1.2777777777777777,0.0,0.19444444444444442,0.08333333333333333,0.0,0.0,0.22407407407407406,13.027777777777777,3.2222222222222228,1.1944444444444444,15.777777777777779,0.6666666666666666,1.0,17.444444444444446,44.694444444444436,19.055555555555554,46.63888888888889,0.25,36.52777777777778,6.5555555555555545,1.611111111111111,42.52777777777778,1.0,1.1666666666666667,0.16666666666666666,23.5,3.3333333333333335,0.4166666666666667,26.75,0.3333333333333333,0.16666666666666666,27.25,27.583333333333332,0.29166666666666663,0.39176029962546816,0.4519230769230769,0.10769230769230768,0.41997439180537766,0.43478260869565216,,0.4203980099502488,0.4279711884753901,0.6666666666666667,0.6433460076045627,0.5084745762711862,0.9482758620689655,0.6290006531678641,0.33333333333333337,0.1428571428571429,0.6096954630205096,0.5914234663490173
Antonio Arroyo,Orthodox,No,No,No,Antonio Arroyo,0.0,0.1111111111111111,0.0,0.1111111111111111,0.6574074074074073,5.888888888888889,2.8888888888888893,1.7777777777777777,9.444444444444445,0.0,1.111111111111111,10.555555555555555,17.222222222222225,16.333333333333332,23.444444444444443,0.1111111111111111,11.333333333333334,4.0,1.888888888888889,15.666666666666666,0.1111111111111111,1.4444444444444446,0.1111111111111111,1.777777777777778,0.2222222222222222,0.0,1.7925925925925927,3.777777777777778,2.7777777777777772,2.6666666666666665,8.0,0.5555555555555555,0.6666666666666666,9.222222222222223,20.22222222222222,21.555555555555554,36.0,3.222222222222222,12.777777777777779,4.333333333333333,3.1111111111111107,18.88888888888889,0.5555555555555555,0.7777777777777777,1.4444444444444444,9.0,1.5555555555555556,0.4444444444444444,10.888888888888888,0.0,0.1111111111111111,11.0,14.444444444444445,1.0,0.5196078431372549,0.7222222222222223,0.0588235294117647,0.6028368794326241,0.0,0.769230769230769,0.6129032258064515,0.6966824644549763,0.4482758620689654,0.7043478260869565,0.35897435897435903,0.4285714285714285,0.5764705882352941,0.0,0.1428571428571428,0.5439560439560439,0.4012345679012346
Mike Rodriguez,Southpaw,No,No,No,Mike Rodriguez,0.25833333333333336,0.0,0.0,0.0,0.5116666666666666,8.575000000000001,6.658333333333334,3.841666666666667,11.366666666666667,6.258333333333333,1.45,19.075,36.141666666666666,25.741666666666664,43.26666666666667,0.06666666666666667,22.983333333333334,8.216666666666667,4.941666666666666,26.775000000000002,7.183333333333334,2.183333333333333,0.041666666666666664,1.2666666666666666,0.39166666666666666,0.08333333333333333,1.9629166666666666,12.616666666666667,4.508333333333334,2.4916666666666667,10.216666666666667,5.016666666666667,4.383333333333334,19.616666666666667,33.78333333333333,33.833333333333336,50.78333333333333,1.9583333333333333,24.55,6.45,2.783333333333333,21.96666666666667,6.766666666666667,5.05,0.6916666666666668,11.933333333333332,1.9416666666666667,0.2916666666666667,11.75,1.75,0.6666666666666666,14.166666666666666,16.95,0.0,0.3730964467005076,0.810344827586207,0.0,0.4245253657018363,0.8712296983758699,0.6641221374045801,0.5277841826147106,0.5949537750385206,0.3531914893617021,0.4860828241683639,0.3010335917312661,0.5449101796407185,0.5349013657056145,0.2586206896551724,0.13201320132013195,0.41933892451899357,0.3337709222185756
David Zawada,Orthodox,No,No,No,David Zawada,0.06666666666666667,0.3333333333333333,0.5333333333333333,0.08333333333333333,0.5061111111111111,10.533333333333333,5.883333333333333,1.9166666666666667,14.799999999999999,3.0500000000000003,0.48333333333333334,18.333333333333332,44.56666666666666,28.066666666666666,55.166666666666664,0.9333333333333332,35.15,7.266666666666667,2.15,38.63333333333333,5.316666666666666,0.6166666666666667,0.08333333333333333,0.43333333333333335,0.06666666666666667,0.08333333333333333,1.316111111111111,16.433333333333334,2.8000000000000003,2.6166666666666667,17.183333333333334,1.6166666666666665,3.0500000000000003,21.849999999999998,49.083333333333336,29.633333333333336,59.06666666666666,1.0666666666666667,42.300000000000004,3.35,3.4333333333333336,42.516666666666666,2.6166666666666667,3.9499999999999997,0.6333333333333333,25.866666666666664,0.5499999999999999,0.8166666666666668,25.333333333333332,1.0,0.9,27.233333333333334,29.433333333333334,0.35714285714285715,0.29966808914177334,0.8096330275229358,0.15503875968992248,0.3830888697152718,0.5736677115987462,0.7837837837837838,0.4113687359760658,0.508761329305136,0.59375,0.61150512214342,0.16417910447761186,0.8737864077669903,0.595844766758134,0.3821656050955414,0.22784810126582267,0.5548387096774194,0.4983069977426636
Luigi Vendramini,Orthodox,No,No,No,Luigi Vendramini,0.08333333333333333,0.4166666666666667,0.08333333333333333,0.0,1.2916666666666667,7.333333333333333,2.9166666666666665,1.4166666666666667,8.5,1.25,1.9166666666666667,11.666666666666666,28.166666666666668,17.75,36.0,1.75,22.25,4.083333333333333,1.8333333333333333,23.25,1.4166666666666667,3.5,0.25,0.0,0.0,0.0,0.026388888888888882,7.5,2.4166666666666665,2.5,11.083333333333334,1.0,0.3333333333333333,12.416666666666666,31.166666666666668,13.75,32.5,0.16666666666666666,26.0,2.6666666666666665,2.5,29.333333333333332,1.3333333333333333,0.5,0.16666666666666666,18.5,0.25,0.0,18.25,0.3333333333333333,0.16666666666666666,18.75,18.75,0.2380952380952381,0.3295880149812734,0.7142857142857143,0.2272727272727273,0.3655913978494624,0.8823529411764706,0.5476190476190477,0.4142011834319526,0.4930555555555556,1.0,0.7115384615384616,0.09375,1.0,0.6221590909090908,0.25,0.33333333333333337,0.6016042780748663,0.5769230769230769
Darren Stewart,Orthodox,No,No,No,Darren Stewart,0.07407407407407407,0.5291005291005292,0.023809523809523808,0.0,0.7282627865961199,8.796296296296296,1.8280423280423281,2.873015873015873,7.661375661375661,3.6005291005291,2.2354497354497354,13.497354497354499,29.933862433862434,19.325396825396826,36.97883597883598,1.150793650793651,24.023809523809522,2.2830687830687832,3.626984126984127,21.48941798941799,4.738095238095238,3.706349206349207,0.023809523809523808,0.9100529100529101,0.1455026455026455,0.1111111111111111,1.5793209876543208,10.235449735449736,1.8386243386243386,1.3518518518518519,7.428571428571428,4.023809523809524,1.9735449735449737,13.425925925925926,26.57936507936508,23.740740740740744,37.902116402116405,2.7566137566137563,21.65608465608466,3.1031746031746033,1.8201058201058202,18.3015873015873,5.719576719576719,2.558201058201058,1.8465608465608465,11.42063492063492,1.2645502645502644,0.4682539682539682,10.873015873015873,1.6957671957671956,0.5846560846560847,13.153439153439153,14.161375661375663,0.45977011494252873,0.3661491025217487,0.8006952491309386,0.14587892049598836,0.3565185276375723,0.7599106644332774,0.6031406138472518,0.4509058771542201,0.5226069537845185,0.6698656429942418,0.5273637918397265,0.4075021312872975,0.5,0.5941023417172593,0.29648473635522665,0.22854188210961734,0.49487409176868713,0.37363020869686603
Bea Malecki,Orthodox,No,No,No,Bea Malecki,0.0,0.0,0.3333333333333333,0.0,1.0083333333333333,22.222222222222218,9.111111111111112,2.2222222222222223,28.61111111111111,2.4444444444444446,2.5,33.55555555555556,67.83333333333333,49.0,86.94444444444444,0.0,52.72222222222222,12.388888888888888,2.7222222222222228,61.0,2.6666666666666665,4.166666666666667,0.1111111111111111,0.3333333333333333,0.0,0.0,0.36574074074074076,22.38888888888889,3.8333333333333335,3.3888888888888893,27.833333333333332,1.5555555555555554,0.2222222222222222,29.611111111111114,76.6111111111111,33.94444444444445,80.94444444444444,2.7777777777777772,63.22222222222223,8.88888888888889,4.5,72.77777777777777,3.6111111111111107,0.2222222222222222,2.4444444444444446,40.833333333333336,5.055555555555555,1.111111111111111,44.944444444444436,2.0555555555555554,0.0,47.0,47.0,,0.4214963119072707,0.7354260089686101,0.0,0.4690346083788707,0.9166666666666667,0.6,0.4946764946764947,0.5635782747603834,0.88,0.6458699472759226,0.56875,0.9259259259259259,0.6175572519083969,0.5692307692307692,0.0,0.6134880348078317,0.5806451612903225
Domingo Pilarte,Southpaw,No,No,No,Domingo Pilarte,0.0,0.3333333333333333,0.16666666666666666,0.16666666666666666,1.2731481481481481,1.1111111111111112,0.8333333333333334,0.27777777777777773,1.0,1.0555555555555556,0.16666666666666666,2.2222222222222223,5.222222222222222,27.222222222222225,36.611111111111114,0.8333333333333334,3.3333333333333335,1.2777777777777777,0.611111111111111,3.611111111111111,1.4444444444444444,0.16666666666666666,0.1111111111111111,0.7222222222222222,0.3333333333333333,0.16666666666666666,2.7527777777777778,6.0,1.0555555555555556,0.611111111111111,1.611111111111111,0.8333333333333334,5.222222222222222,7.666666666666667,12.5,49.72222222222222,62.333333333333336,1.611111111111111,10.333333333333334,1.5555555555555554,0.611111111111111,3.0555555555555554,1.6666666666666667,7.777777777777779,0.8888888888888888,4.333333333333333,0.5,0.0,1.4444444444444446,0.8333333333333334,2.555555555555556,4.833333333333333,12.611111111111112,0.39999999999999997,0.3333333333333333,0.6521739130434784,0.5454545454545455,0.27692307692307694,0.7307692307692308,1.0,0.425531914893617,0.7435508345978756,0.5517241379310345,0.4193548387096775,0.3214285714285713,-0.18181818181818188,0.4727272727272728,0.5,0.3285714285714286,0.3866666666666666,0.20231729055258474
Sasha Palatnikov,Switch,No,No,No,Sasha Palatnikov,0.0,0.1111111111111111,0.0,0.0,0.7435185185185184,18.166666666666668,4.888888888888889,0.4444444444444444,13.611111111111109,5.0,4.888888888888888,23.5,45.166666666666664,32.166666666666664,54.77777777777778,0.1111111111111111,37.611111111111114,7.0,0.5555555555555556,31.722222222222218,7.166666666666667,6.277777777777778,0.1111111111111111,0.611111111111111,0.27777777777777773,0.0,0.7407407407407408,12.277777777777777,2.8333333333333335,2.0,10.722222222222221,3.611111111111111,2.777777777777778,17.11111111111111,36.22222222222222,20.555555555555557,40.44444444444445,3.1666666666666665,29.222222222222218,4.388888888888888,2.611111111111111,28.055555555555557,4.388888888888889,3.777777777777778,2.555555555555556,16.944444444444443,1.5555555555555556,0.611111111111111,17.333333333333332,0.7777777777777777,1.0,19.11111111111111,19.88888888888889,1.0,0.48301329394387,0.6984126984126985,0.19999999999999998,0.4290718038528897,0.6976744186046512,0.7787610619469025,0.5202952029520296,0.5872210953346856,0.8070175438596492,0.579847908745247,0.35443037974683533,0.7659574468085106,0.6178217821782179,0.17721518987341778,0.2647058823529411,0.5276073619631902,0.4917582417582418
Jamey Simmons,Orthodox,No,No,No,Jamey Simmons,0.0,0.0,0.0,0.0,0.18333333333333332,1.5,0.25,0.75,2.25,0.25,0.0,2.5,11.75,4.25,13.5,0.75,10.0,0.75,1.0,11.5,0.25,0.0,0.25,0.75,1.5,0.0,0.9375,3.25,1.0,2.0,4.75,0.0,1.5,6.25,25.5,10.25,31.0,1.25,21.75,1.25,2.5,22.75,0.25,2.5,0.5,18.5,0.25,0.5,18.0,0.25,1.0,19.25,20.75,0.0,0.15,0.3333333333333333,0.0,0.1956521739130435,1.0,,0.2127659574468085,0.3148148148148148,0.4,0.8505747126436781,0.19999999999999996,0.7,0.7912087912087912,1.0,0.4,0.7549019607843137,0.6693548387096775
Anderson Dos Santos,Orthodox,No,No,No,Anderson Dos Santos,0.0,0.3055555555555555,0.19444444444444442,0.0,0.7097222222222221,8.722222222222221,1.5,2.1666666666666665,10.61111111111111,1.0833333333333333,0.6944444444444443,12.388888888888891,48.305555555555564,16.916666666666668,53.166666666666664,2.0833333333333335,43.138888888888886,2.361111111111111,2.805555555555556,45.694444444444436,1.277777777777778,1.3333333333333333,0.1111111111111111,0.19444444444444442,0.0,0.0,0.5430555555555555,18.805555555555554,2.777777777777778,2.9166666666666665,21.333333333333332,1.2777777777777777,1.8888888888888886,24.5,48.388888888888886,28.166666666666668,52.833333333333336,0.6388888888888888,41.55555555555556,3.472222222222222,3.361111111111111,44.111111111111114,1.388888888888889,2.8888888888888893,0.4444444444444444,22.75,0.6944444444444443,0.4444444444444444,22.777777777777775,0.1111111111111111,1.0,23.88888888888889,24.666666666666668,0.14666666666666664,0.20218931101094656,0.6352941176470588,0.1089108910891089,0.23221884498480247,0.8478260869565216,0.5208333333333333,0.2564692351926394,0.31818181818181823,0.6956521739130435,0.5474598930481285,0.19999999999999984,0.9421487603305785,0.5163727959697734,0.08000000000000018,0.34615384615384637,0.49368541905855334,0.4668769716088328
Casey Kenney,Southpaw,No,No,No,Casey Kenney,0.0,0.31547619047619047,0.08928571428571429,0.19047619047619047,0.6500992063492064,12.916666666666666,6.303571428571428,5.0059523809523805,21.857142857142858,1.6309523809523812,0.7380952380952381,24.226190476190478,53.660714285714285,25.976190476190478,55.732142857142854,0.8869047619047619,39.0595238095238,8.892857142857142,5.708333333333333,50.547619047619044,2.2797619047619047,0.8333333333333334,0.0,1.1071428571428572,0.0,0.08928571428571429,0.9649801587301586,13.05952380952381,5.535714285714286,5.208333333333333,20.851190476190478,1.6547619047619049,1.2976190476190477,23.803571428571427,57.833333333333336,28.916666666666668,63.654761904761905,2.505952380952381,43.39880952380952,8.732142857142858,5.7023809523809526,54.13095238095238,2.125,1.5773809523809526,1.3988095238095237,30.33928571428571,3.1964285714285716,0.49404761904761907,33.279761904761905,0.4702380952380952,0.2797619047619047,34.029761904761905,34.738095238095234,0.35570469798657717,0.3306918622371229,0.7088353413654618,0.05526590198123045,0.43240697126707495,0.7154046997389035,0.8857142857142857,0.45146977260122023,0.4660899284417388,0.5581947743467933,0.6990810588396653,0.36605316973415136,0.8058455114822547,0.6148009676709918,0.22128851540616246,0.1773584905660378,0.5884108686702347,0.5457265756498971
Drako Rodriguez,Orthodox,No,No,No,Drako Rodriguez,0.0,1.0,0.0,0.0,0.41111111111111115,14.0,0.8333333333333334,3.0,15.5,2.0,0.3333333333333333,17.833333333333332,47.666666666666664,19.833333333333332,49.666666666666664,1.6666666666666667,43.0,1.3333333333333333,3.3333333333333335,44.666666666666664,2.6666666666666665,0.3333333333333333,0.16666666666666666,0.3333333333333333,0.0,0.0,0.2111111111111111,14.333333333333334,7.0,1.0,20.0,2.0,0.3333333333333333,22.333333333333332,58.166666666666664,24.5,60.333333333333336,1.1666666666666667,45.5,11.166666666666666,1.5,53.666666666666664,3.8333333333333335,0.6666666666666666,0.8333333333333334,31.166666666666668,4.166666666666667,0.5,33.666666666666664,1.8333333333333333,0.3333333333333333,35.833333333333336,35.833333333333336,0.6,0.32558139534883723,0.6250000000000001,0.3,0.34701492537313433,0.75,1.0,0.3741258741258741,0.39932885906040266,0.7142857142857143,0.684981684981685,0.3731343283582089,0.7777777777777778,0.6273291925465838,0.4782608695652174,0.5,0.6160458452722063,0.5939226519337018
Kai Kamaka,Orthodox,No,No,No,Kai Kamaka,0.08333333333333333,0.611111111111111,0.08333333333333333,0.08333333333333333,1.487962962962963,10.416666666666666,10.333333333333334,3.527777777777778,20.194444444444446,3.0833333333333335,1.0,24.277777777777775,42.416666666666664,32.611111111111114,52.333333333333336,1.0833333333333333,26.166666666666668,12.138888888888888,4.111111111111112,37.63888888888889,3.444444444444444,1.3333333333333333,0.0,0.6944444444444445,0.16666666666666666,0.0,0.40324074074074073,16.36111111111111,6.694444444444444,3.388888888888889,18.86111111111111,5.527777777777779,2.055555555555556,26.444444444444443,58.69444444444445,42.55555555555555,76.05555555555556,1.5555555555555556,44.05555555555555,10.194444444444445,4.444444444444445,49.27777777777778,7.1944444444444455,2.2222222222222223,0.861111111111111,27.694444444444443,3.5,1.0555555555555556,30.416666666666668,1.6666666666666667,0.16666666666666666,32.25,33.5,0.5641025641025641,0.39808917197452226,0.8512585812356981,0.14864864864864863,0.5365313653136531,0.8951612903225807,0.75,0.5723641126391618,0.6231422505307856,0.5535714285714286,0.6286254728877679,0.343324250681199,0.84375,0.617249154453213,0.23166023166023164,0.07499999999999996,0.5494557501183153,0.44046749452154865
Ryan Benoit,Orthodox,No,No,No,Ryan Benoit,0.21296296296296294,0.0787037037037037,0.125,0.0787037037037037,0.27021604938271604,10.393518518518519,2.1712962962962963,1.0092592592592593,10.824074074074074,1.8333333333333333,0.9166666666666666,13.574074074074074,34.583333333333336,16.935185185185187,38.416666666666664,0.36574074074074076,29.52314814814815,3.7083333333333335,1.3518518518518519,30.287037037037038,2.7592592592592595,1.5370370370370372,0.0,0.7824074074074074,0.4166666666666667,0.08333333333333333,1.0902777777777777,10.370370370370372,3.282407407407407,2.9953703703703702,13.958333333333334,1.3703703703703702,1.3194444444444444,16.64814814814815,39.68055555555555,24.541666666666668,48.83796296296296,2.986111111111111,30.712962962962962,5.2592592592592595,3.7083333333333335,35.55555555555555,2.1435185185185186,1.9814814814814816,2.2037037037037037,20.34259259259259,1.9768518518518519,0.7129629629629629,21.597222222222225,0.7731481481481483,0.6620370370370371,23.03240740740741,24.296296296296294,0.21518987341772153,0.35204641681041243,0.5855181023720349,0.058219178082191785,0.3573830632833996,0.6644295302013422,0.5963855421686746,0.3925033467202142,0.440829115449506,0.7379844961240309,0.6623454929152848,0.375880281690141,0.7890137328339576,0.607421875,0.36069114470842345,0.3341121495327103,0.5804456889511141,0.4974879135463077
Ian Heinisch,Orthodox,No,No,No,Ian Heinisch,0.10317460317460318,0.3888888888888889,0.19047619047619047,0.06666666666666667,0.6843121693121693,9.433333333333334,2.7793650793650797,3.626984126984127,10.923809523809524,2.011111111111111,2.904761904761905,15.83968253968254,31.733333333333334,23.68095238095238,41.01746031746032,2.058730158730159,22.777777777777775,4.480952380952381,4.474603174603175,24.814285714285717,2.9095238095238094,4.0095238095238095,0.0,1.103174603174603,0.0,0.13333333333333333,1.2589947089947089,9.83174603174603,3.3904761904761904,1.4126984126984128,11.968253968253968,1.938095238095238,0.7285714285714285,14.634920634920633,35.93333333333333,18.817460317460316,41.234920634920634,2.8634920634920635,28.54126984126984,5.757142857142857,1.634920634920635,31.723809523809525,2.496825396825397,1.7126984126984128,1.7603174603174603,18.709523809523812,2.3666666666666667,0.2222222222222222,19.755555555555556,0.5587301587301586,0.9841269841269841,21.2984126984127,22.417460317460314,0.18889745566692365,0.41414634146341467,0.620262132483174,0.08691025186236254,0.4402226060257148,0.6912165848336062,0.7244655581947744,0.4991496598639456,0.5773383382996014,0.6147450110864745,0.655525276680941,0.4110835401157982,0.32524271844660213,0.6227359151405985,0.22377622377622375,0.5746061167747916,0.592720204965103,0.5436523211948572
Montserrat Conejo,Southpaw,No,No,No,Montserrat Conejo,0.0,1.1666666666666667,0.5,0.3333333333333333,2.513888888888889,3.3333333333333335,0.16666666666666666,1.6666666666666667,5.166666666666667,0.0,0.0,5.166666666666667,13.666666666666666,37.166666666666664,47.5,1.5,11.5,0.5,1.6666666666666667,13.666666666666666,0.0,0.0,0.16666666666666666,0.0,0.0,0.8333333333333334,0.3333333333333333,8.833333333333334,1.6666666666666667,0.0,8.833333333333334,0.5,1.1666666666666667,10.5,22.5,16.5,29.833333333333332,0.0,20.666666666666668,1.8333333333333333,0.0,19.5,0.5,2.5,0.0,11.833333333333334,0.16666666666666666,0.0,10.666666666666666,0.0,1.3333333333333333,12.0,13.333333333333334,0.7777777777777778,0.2898550724637681,0.3333333333333333,0.7000000000000001,0.37804878048780494,,,0.37804878048780494,0.7824561403508772,,0.5725806451612903,0.09090909090909083,,0.547008547008547,0.0,0.5333333333333333,0.5333333333333333,0.44692737430167595
Jeremy Stephens,Orthodox,No,No,No,Jeremy Stephens,0.1307486631016043,0.22631779984721162,0.07796027501909855,0.044957983193277304,0.7255366692131398,10.829373567608862,1.578342245989305,2.5926661573720393,12.305500381970969,1.0547364400305577,1.6401451489686785,15.000381970970206,44.95699006875477,19.00359052711994,49.23579067990833,1.1580595874713522,38.36757066462949,2.7238731856378915,3.8655462184873945,40.88949579831933,1.5891520244461421,2.478342245989305,0.03388082505729565,0.2873949579831933,0.1985485103132162,0.03907563025210084,0.6212254901960784,11.173949579831932,1.886401833460657,3.537318563789152,14.459931245225363,1.1594346829640947,0.9783040488922842,16.597669977081743,40.260580595874714,22.147097020626433,46.26073338426279,0.8088617265087853,32.0585179526356,2.95122230710466,5.250840336134454,37.19461420932009,1.503170359052712,1.56279602750191,0.521466768525592,20.884568372803667,1.064820473644003,1.7135217723453018,22.73468296409473,0.3437356760886173,0.5844919786096257,23.66291061879297,24.113636363636363,0.19542845834157926,0.28225330350645067,0.5794477710311173,0.058547430830039535,0.30094527070389454,0.6637102201711373,0.6617912242035664,0.33366072657509854,0.3859710642338632,0.6446921042689837,0.6514514614699056,0.3608065956538058,0.9452668640473714,0.6112358858234361,0.2286737986938734,0.37400400840787995,0.5877438990837003,0.5212549520851189
Marion Reneau,Orthodox,No,No,No,Marion Reneau,0.0,0.19774669774669773,0.2468919968919969,0.030303030303030304,0.5752557627557627,10.32905982905983,3.093045843045843,1.8749028749028749,10.034382284382284,2.869269619269619,2.3933566433566433,15.297008547008545,36.56216006216007,23.844794094794096,46.573232323232325,0.30963480963480966,29.756216006216004,4.493201243201244,2.3127428127428127,28.558663558663557,4.2430069930069925,3.7604895104895104,0.025641025641025644,0.6394716394716394,0.025641025641025644,0.05555555555555555,1.306060606060606,7.988344988344989,5.303418803418803,3.3984071484071485,11.708236208236208,3.464840714840715,1.517094017094017,16.69017094017094,41.592851592851595,25.370435120435122,51.93512043512044,1.2853535353535352,29.3498445998446,7.642579642579643,4.60042735042735,34.77117327117327,4.110916860916861,2.7107614607614607,0.6458818958818958,21.36149961149961,2.339160839160839,1.202020202020202,23.062937062937063,0.646076146076146,1.1936674436674437,24.902680652680655,26.564685314685317,0.6386449184441655,0.3471227600613638,0.688383554537201,0.08550310767680161,0.35136035913481156,0.6762349494117109,0.6364481636448164,0.41838361084251563,0.5119849515555204,0.5024935771497657,0.7278232611702726,0.30606954046360313,0.8609973398640375,0.6632775052792705,0.15716108302225573,0.4403439627373701,0.5987250140108351,0.5114975202160367
Carlos Condit,Orthodox,No,Yes,Yes,Carlos Condit,0.11074561403508772,0.11469298245614035,0.1504385964912281,0.14232456140350877,0.36448830409356725,13.075219298245614,4.314035087719299,4.7010964912280695,18.15,2.1153508771929825,1.825,22.090350877192982,55.710087719298244,34.61184210526316,69.3157894736842,0.325219298245614,42.118201754385964,7.104166666666666,6.487719298245613,48.997587719298245,4.128508771929825,2.5839912280701753,0.05657894736842105,0.9320175438596492,0.15285087719298246,0.07521929824561403,1.3058991228070176,10.393421052631577,3.0892543859649124,1.875,11.35592105263158,1.4050438596491228,2.59671052631579,15.357675438596491,32.449561403508774,21.093421052631577,38.66666666666667,1.5054824561403508,25.30328947368421,4.441447368421053,2.704824561403509,26.588157894736845,2.194517543859649,3.666885964912281,0.5734649122807017,14.90986842105263,1.3521929824561405,0.8298245614035089,15.232236842105262,0.7894736842105263,1.0701754385964912,17.09188596491228,17.573245614035088,0.3526635198921106,0.31044106238187225,0.6072542058959718,0.01767847485127096,0.3704263994378527,0.5123765005842983,0.7062717474327421,0.39652335477369527,0.4993356112376614,0.3809176984705025,0.5892462494474924,0.3044487236458796,0.6554240311334523,0.5728955312515465,0.3597481762766064,0.29184857364990124,0.526721632763398,0.45448049001814894
Conor McGregor,Southpaw,Yes,Yes,Yes,Conor McGregor,0.23928571428571427,0.23928571428571427,0.014285714285714285,0.014285714285714285,0.5815674603174603,15.936904761904762,4.254761904761905,2.7452380952380953,17.16190476190476,4.1154761904761905,1.6595238095238094,22.936904761904763,40.94761904761905,30.67738095238095,49.08690476190476,0.5035714285714286,32.03928571428571,5.485714285714286,3.4226190476190474,33.55238095238095,4.851190476190476,2.544047619047619,0.025,0.45,0.16428571428571428,0.0,1.4867063492063493,14.158333333333335,4.7404761904761905,1.3369047619047618,10.370238095238095,7.522619047619048,2.342857142857143,20.235714285714288,41.9547619047619,31.725,54.69642857142858,1.711904761904762,32.79047619047619,7.007142857142857,2.157142857142857,27.469047619047622,10.739285714285714,3.7464285714285714,1.261904761904762,18.632142857142856,2.2666666666666666,0.8202380952380952,17.098809523809525,3.2166666666666663,1.4035714285714285,21.719047619047622,22.97142857142857,0.47517730496453897,0.49741760487496756,0.7756076388888888,0.06991304347826087,0.5114958841896111,0.8483435582822085,0.6523163313055685,0.560152343295732,0.6249605898188344,0.7371349095966621,0.5682181237293058,0.3234794427454978,0.7913907284768211,0.6224755135650516,0.29952333444185786,0.37464251668255477,0.5176777708416094,0.4199804113614104
Yana Kunitskaya,Orthodox,No,No,Yes,Yana Kunitskaya,0.0,0.45714285714285713,0.047619047619047616,0.047619047619047616,2.195079365079365,6.60952380952381,8.561904761904762,5.095238095238095,10.40952380952381,7.695238095238095,2.1619047619047618,20.266666666666666,35.94285714285714,49.74285714285714,69.51428571428572,0.8285714285714286,19.209523809523812,10.523809523809524,6.20952380952381,24.2,8.904761904761905,2.8380952380952382,0.11428571428571428,0.37142857142857144,0.06666666666666667,0.0,0.8623809523809524,9.123809523809523,3.5904761904761906,0.6857142857142856,7.723809523809524,2.2476190476190476,3.4285714285714284,13.4,27.552380952380954,20.20952380952381,35.857142857142854,0.780952380952381,22.361904761904764,4.40952380952381,0.7809523809523808,19.914285714285715,2.6666666666666665,4.971428571428571,0.40952380952380957,13.238095238095239,0.8190476190476191,0.09523809523809523,12.19047619047619,0.41904761904761906,1.5428571428571427,14.152380952380952,15.647619047619047,0.5517241379310345,0.34407535944471984,0.8135746606334842,0.07361963190184048,0.4301456119637938,0.8641711229946524,0.761744966442953,0.5638579756226815,0.7155774763666255,0.524390243902439,0.591993185689949,0.18574514038876888,0.5243902439024389,0.6121472979435676,0.15714285714285714,0.31034482758620685,0.5136536467334947,0.43638778220451524
Omari Akhmedov,Orthodox,No,No,No,Omari Akhmedov,0.044444444444444446,0.8101010101010101,0.07222222222222223,0.0,0.9983838383838384,10.141414141414142,2.2803030303030303,1.575757575757576,10.30050505050505,1.709090909090909,1.987878787878788,13.997474747474747,40.874242424242425,20.934343434343436,48.90909090909091,1.78989898989899,34.801515151515154,3.8565656565656568,2.216161616161616,35.26717171717172,2.6237373737373737,2.983333333333333,0.08282828282828282,0.4035353535353536,0.2631313131313131,0.07474747474747474,0.6301767676767677,9.353535353535353,2.3015151515151513,2.3409090909090913,10.56868686868687,2.2924242424242425,1.134848484848485,13.995959595959595,31.397474747474746,19.004040404040406,36.9929292929293,1.1656565656565656,24.654040404040405,3.821212121212121,2.922222222222222,26.806565656565656,3.2040404040404042,1.3868686868686868,0.7621212121212121,15.30050505050505,1.5196969696969695,0.5813131313131313,16.23787878787879,0.9116161616161614,0.25202020202020203,17.401515151515152,17.98888888888889,0.4525959367945823,0.2914072590593118,0.5912781561026715,0.36554238833181407,0.292070629681078,0.651395572666025,0.6663280853224989,0.3424522123784458,0.4280256092523751,0.6538128249566724,0.6206084195431733,0.3977002379064235,0.8619080539232631,0.6057426003730428,0.2845208070617907,0.1817188638018935,0.5542329531745138,0.4862791142178412
Jerome Rivera,Southpaw,No,No,No,Jerome Rivera,0.0,0.0,0.0,0.3333333333333333,0.2972222222222222,4.166666666666667,2.3333333333333335,3.75,8.333333333333334,1.9166666666666667,0.0,10.25,41.0,21.25,53.833333333333336,1.0,28.583333333333332,5.666666666666667,6.75,35.75,5.25,0.0,0.25,0.9166666666666666,0.08333333333333333,0.0,1.3902777777777777,6.416666666666667,2.1666666666666665,2.5,6.416666666666667,1.0833333333333333,3.5833333333333335,11.083333333333334,20.916666666666668,12.083333333333334,22.083333333333332,1.5833333333333333,14.666666666666666,3.1666666666666665,3.0833333333333335,14.5,1.0833333333333333,5.333333333333333,0.6666666666666666,8.25,1.0,0.5833333333333334,8.083333333333334,0.0,1.75,9.833333333333334,10.0,0.0,0.1457725947521866,0.4117647058823529,0.0,0.23310023310023312,0.3650793650793651,,0.25,0.39473684210526316,0.42105263157894735,0.5625,0.3157894736842105,0.7027027027027027,0.5574712643678161,0.0,0.3281249999999999,0.4701195219123506,0.4528301886792452
Justin Jaynes,Orthodox,No,No,No,Justin Jaynes,0.13333333333333333,0.27777777777777773,0.39999999999999997,0.4666666666666666,0.4696296296296296,9.022222222222222,2.8000000000000003,0.3333333333333333,10.6,0.7777777777777777,0.7777777777777778,12.155555555555557,27.733333333333334,14.055555555555555,30.07777777777778,0.6222222222222222,23.888888888888886,3.444444444444444,0.39999999999999997,25.666666666666668,0.8444444444444444,1.222222222222222,0.06666666666666667,0.41111111111111115,0.9555555555555556,0.17777777777777778,1.0044444444444445,13.644444444444446,4.311111111111111,1.8444444444444443,17.633333333333333,0.5,1.6666666666666667,19.8,53.24444444444445,28.51111111111111,63.63333333333333,0.5777777777777778,45.199999999999996,6.0,2.0444444444444443,49.28888888888889,1.0333333333333334,2.922222222222222,0.16666666666666666,31.555555555555557,1.6888888888888889,0.19999999999999998,31.655555555555555,0.5333333333333333,1.2555555555555555,33.44444444444444,35.12222222222223,0.44642857142857134,0.37767441860465123,0.8129032258064518,0.6944444444444444,0.41298701298701296,0.9210526315789472,0.6363636363636365,0.4383012820512821,0.4673069818987809,0.28846153846153844,0.6981317600786627,0.28148148148148155,0.7989130434782609,0.6422452660054103,0.5161290322580645,0.429657794676806,0.6281302170283807,0.5519469181072114
Michel Prazeres,Orthodox,No,No,No,Michel Prazeres,0.05158730158730159,1.1908369408369408,0.18506493506493507,0.047619047619047616,1.475583213083213,7.39033189033189,1.7637085137085136,1.9051226551226552,8.237373737373737,1.0995670995670996,1.7222222222222223,11.05916305916306,23.684704184704184,16.647907647907648,29.99098124098124,3.364718614718615,18.324675324675326,3.006132756132756,2.353896103896104,19.869769119769117,1.7810245310245312,2.033910533910534,0.0,0.334054834054834,0.1295093795093795,0.07539682539682539,0.7418229918229918,6.562409812409812,3.243506493506494,2.1103896103896105,8.021645021645021,2.2106782106782106,1.6839826839826841,11.916305916305916,28.03643578643579,20.301226551226552,37.370129870129865,0.6352813852813853,21.33802308802309,4.247113997113996,2.4512987012987013,22.699494949494948,2.8751803751803755,2.461760461760462,0.30122655122655123,14.775613275613276,1.0036075036075036,0.3409090909090909,14.677849927849929,0.6645021645021645,0.7777777777777778,16.12012987012987,17.06890331890332,0.35391873056717055,0.40329947239940145,0.5867034681387255,0.5059003831417624,0.4145681657255942,0.6173789750860846,0.8467541681447321,0.4669327078319676,0.5550971311721898,0.47416240772288487,0.6924546484302355,0.23630340609870015,0.8637233259749817,0.6466157049091747,0.2311166875784192,0.31594372801875725,0.5749707271253395,0.45675258229558824
Yancy Medeiros,Orthodox,No,No,No,Yancy Medeiros,0.34814814814814815,0.17037037037037037,0.2518518518518518,0.15555555555555556,0.44679012345679014,13.637037037037038,4.362962962962963,1.8,16.48148148148148,1.6222222222222225,1.6962962962962962,19.8,53.01481481481482,21.37037037037037,54.800000000000004,0.26666666666666666,44.06666666666666,6.837037037037036,2.111111111111111,48.8074074074074,2.0814814814814815,2.125925925925926,0.15555555555555556,0.5481481481481482,0.044444444444444446,0.08888888888888889,0.6644444444444444,17.192592592592593,6.792592592592594,4.340740740740741,23.014814814814816,2.918518518518518,2.392592592592593,28.325925925925926,51.97777777777778,31.2,55.14814814814815,1.2444444444444445,37.28888888888889,9.511111111111111,5.177777777777778,44.800000000000004,4.325925925925926,2.8518518518518516,0.6962962962962963,20.0962962962963,2.7185185185185183,0.837037037037037,21.785185185185185,1.4074074074074074,0.45925925925925926,23.65185185185185,23.94814814814815,0.6388888888888888,0.30946377542444115,0.6381365113759481,0.08070175438596491,0.3376840188192442,0.7793594306049824,0.7979094076655051,0.37348050859298587,0.38997026223303594,0.5595238095238095,0.5389352403655145,0.2858255451713394,0.894134477825465,0.486276455026455,0.32534246575342474,0.16103896103896087,0.4550377654268206,0.43425117528542656
Lara Procopio,Orthodox,No,No,No,Lara Procopio,0.0,1.0,0.1111111111111111,0.0,1.6574074074074072,17.666666666666668,4.333333333333333,4.888888888888888,22.555555555555557,3.3333333333333335,1.0,26.888888888888886,45.888888888888886,36.666666666666664,56.666666666666664,2.111111111111111,35.88888888888889,4.777777777777778,5.222222222222222,41.0,3.888888888888889,1.0,0.1111111111111111,0.1111111111111111,0.3333333333333333,0.0,0.8444444444444444,18.444444444444446,5.222222222222222,7.333333333333333,24.777777777777782,3.0,3.222222222222222,31.0,58.55555555555555,47.111111111111114,76.33333333333333,0.2222222222222222,43.111111111111114,6.111111111111111,9.333333333333334,50.555555555555564,3.888888888888889,4.111111111111112,0.1111111111111111,24.666666666666668,0.8888888888888888,2.0,25.777777777777782,0.8888888888888888,0.8888888888888888,27.555555555555554,29.222222222222218,0.47368421052631576,0.4922600619195046,0.9069767441860465,0.19148936170212766,0.5501355013550135,0.8571428571428572,1.0,0.585956416464891,0.6470588235294118,0.5,0.5721649484536082,0.1454545454545454,0.9880952380952381,0.5098901098901099,0.22857142857142854,0.21621621621621634,0.47058823529411764,0.3828238719068413
Roque Martinez,Orthodox,No,No,No,Roque Martinez,0.0,0.16666666666666666,0.1111111111111111,0.0,0.9287037037037037,10.888888888888891,4.222222222222222,1.9444444444444444,13.166666666666666,3.8888888888888893,0.0,17.055555555555554,31.722222222222225,48.611111111111114,66.0,0.27777777777777773,24.61111111111111,4.611111111111112,2.5,27.0,4.611111111111111,0.1111111111111111,0.0,0.6666666666666666,0.2222222222222222,0.0,1.8240740740740742,15.277777777777777,7.0555555555555545,1.3888888888888886,13.777777777777777,4.388888888888889,5.555555555555556,23.722222222222225,53.77777777777778,29.444444444444446,61.22222222222223,1.5555555555555554,43.444444444444436,8.722222222222223,1.611111111111111,32.111111111111114,5.666666666666667,16.0,0.888888888888889,28.166666666666668,1.6666666666666667,0.2222222222222222,18.333333333333332,1.277777777777778,10.444444444444445,30.055555555555557,31.777777777777782,0.6000000000000001,0.4424379232505644,0.9156626506024096,0.06666666666666667,0.4876543209876543,0.8433734939759038,0.0,0.5376532399299474,0.7365319865319866,0.5714285714285714,0.6483375959079283,0.19108280254777088,0.5862068965517242,0.5709342560553634,0.22549019607843135,0.6527777777777777,0.5588842975206612,0.5190562613430127
Dhiego Lima,Orthodox,No,No,No,Dhiego Lima,0.07792207792207792,0.42077922077922075,0.17316017316017315,0.0,0.675050505050505,8.953246753246754,2.4735930735930736,2.5515151515151513,10.677922077922078,0.47532467532467537,2.825108225108225,13.978354978354979,35.39653679653679,17.732467532467535,40.076190476190476,1.161038961038961,28.910822510822513,3.5108225108225106,2.9748917748917747,29.529004329004334,0.6025974025974026,5.264935064935065,0.2354978354978355,0.4528138528138528,0.07792207792207792,0.047619047619047616,1.017085137085137,11.818181818181818,2.531601731601732,2.1298701298701297,12.573160173160174,1.7073593073593074,2.1991341991341993,16.47965367965368,40.27186147186148,22.145454545454545,47.632900432900435,1.6225108225108225,32.93333333333333,4.634632034632035,2.703896103896104,35.34805194805195,2.1125541125541125,2.811255411255411,1.1696969696969697,21.115151515151513,2.103030303030303,0.574025974025974,22.774891774891774,0.40519480519480516,0.6121212121212122,23.79220779220779,25.487445887445887,0.3624161073825503,0.309684954480115,0.7045622688039458,0.14144353899883585,0.3616079282237729,0.788793103448276,0.5365893767472455,0.39490741873150215,0.44246889042516424,0.7209178228388474,0.6411483253588517,0.4537642443489631,0.8325328210054435,0.6443040145002082,0.19180327868852454,0.217739451801663,0.5907898697166445,0.5350807037952596
Demian Maia,Southpaw,No,No,Yes,Demian Maia,0.006060606060606061,0.5565151515151514,0.2293939393939394,0.06590909090909092,1.3802777777777777,6.063939393939394,1.1868181818181818,0.34969696969696973,4.25939393939394,0.9787878787878788,2.3622727272727273,7.600454545454545,19.089090909090906,16.91439393939394,30.084090909090907,3.0154545454545456,16.847121212121213,1.7757575757575759,0.4662121212121212,14.51030303030303,1.4712121212121212,3.1075757575757574,0.06651515151515151,0.12272727272727273,0.04772727272727272,0.08181818181818182,0.6034873737373737,6.557727272727273,1.4546969696969696,1.9418181818181819,8.081969696969697,0.5012121212121212,1.371060606060606,9.954242424242425,28.061212121212122,15.417272727272728,34.161515151515154,0.5745454545454546,22.859545454545454,2.6496969696969694,2.5519696969696968,25.007878787878788,0.8675757575757576,2.185757575757576,0.45181818181818184,16.30181818181818,1.1949999999999998,0.6101515151515151,16.92590909090909,0.3663636363636364,0.8146969696969697,18.106969696969696,18.744242424242422,0.1845543161491307,0.3599392037125307,0.6683447098976109,1.1936951576210593,0.2935427282599616,0.6652935118434603,0.7601657727937592,0.39815696733022193,0.5622371635063332,0.7863924050632911,0.7131295858105824,0.45099496797804206,0.9519088048447426,0.6768230618229407,0.4222843171498428,0.37272979342853185,0.6452668408889657,0.548694703414262
Walt Harris,Southpaw,No,No,No,Walt Harris,0.22916666666666666,0.0625,0.041666666666666664,0.0,0.14305555555555552,6.701388888888889,2.3541666666666665,0.7430555555555555,6.805555555555556,1.1180555555555556,1.875,9.79861111111111,28.07638888888889,10.54861111111111,28.930555555555557,0.25,22.715277777777775,4.513888888888888,0.8472222222222222,23.652777777777775,1.9444444444444446,2.4791666666666665,0.0625,0.23611111111111108,0.020833333333333332,0.0,0.7100694444444443,8.409722222222221,2.375,2.763888888888889,9.881944444444445,0.46527777777777773,3.201388888888889,13.548611111111112,30.75,21.284722222222225,39.65277777777778,0.6597222222222222,23.215277777777775,4.0,3.534722222222222,24.708333333333332,1.2430555555555556,4.798611111111111,0.4236111111111111,14.805555555555557,1.625,0.7708333333333334,14.826388888888891,0.7777777777777777,1.597222222222222,17.20138888888889,18.368055555555557,0.25,0.295016814429838,0.5215384615384616,0.07377049180327869,0.28772753963593667,0.575,0.7563025210084034,0.3489982686124165,0.36461833893422946,0.6421052631578947,0.6377505234819025,0.40625,0.9332023575638507,0.6000562113546937,0.6256983240223464,0.33285094066570187,0.5593947606142728,0.46322241681260945
Victor Rodriguez,Switch,No,No,No,Victor Rodriguez,0.0,0.0,0.0,0.0,0.45,2.5,0.5,0.0,3.0,0.0,0.0,3.0,8.0,4.5,9.5,1.5,7.0,1.0,0.0,7.5,0.5,0.0,1.0,0.0,0.0,0.0,0.0583333333333333,9.5,1.5,0.5,9.5,1.0,1.0,11.5,23.0,12.0,23.5,0.0,21.0,1.5,0.5,19.5,1.0,2.5,0.0,11.5,0.0,0.0,10.0,0.0,1.5,11.5,11.5,0.0,0.35714285714285715,0.5,,0.4,0.0,,0.375,0.47368421052631576,,0.5476190476190477,0.0,1.0,0.5128205128205128,0.0,0.6,0.5,0.4893617021276596
Jacare Souza,Orthodox,No,No,No,Jacare Souza,0.05357142857142857,0.29285714285714287,0.14821428571428572,0.025,1.0211607142857142,8.626785714285713,3.489285714285714,0.7910714285714285,9.251785714285713,2.0035714285714286,1.6517857142857142,12.907142857142855,26.205357142857146,19.2625,32.989285714285714,1.3589285714285715,20.142857142857146,5.108928571428572,0.9535714285714285,21.14107142857143,3.117857142857143,1.9464285714285716,0.0625,0.275,0.025,0.0125,0.3451190476190476,15.066071428571428,3.432142857142857,2.023214285714286,16.860714285714288,2.6732142857142858,0.9875,20.521428571428572,51.7875,27.978571428571428,59.982142857142854,0.6642857142857143,44.341071428571425,4.516071428571428,2.930357142857143,46.39642857142857,3.7910714285714286,1.6,0.3892857142857143,29.275,1.0839285714285716,0.9071428571428571,29.53571428571429,1.1178571428571429,0.6125,31.26607142857143,32.003571428571426,0.21550591327201052,0.4282801418439715,0.682977979727368,0.3071161048689139,0.43762142072810195,0.6426116838487972,0.8486238532110091,0.49253833049403734,0.5839016996860452,0.586021505376344,0.6602231082115098,0.24001581652827209,0.9061547836684948,0.6365945654684011,0.29486575600565235,0.3828125,0.6037378021447537,0.5335516522774635
Kevin Aguilar,Orthodox,No,No,No,Kevin Aguilar,0.06666666666666667,0.06666666666666667,0.0,0.06666666666666667,0.3562962962962963,11.911111111111111,7.111111111111111,1.2,17.11111111111111,1.7777777777777777,1.3333333333333333,20.222222222222225,51.94444444444445,26.51111111111111,58.355555555555554,0.39999999999999997,40.81111111111111,9.511111111111111,1.6222222222222225,47.55555555555555,2.588888888888889,1.8,0.16666666666666666,0.25555555555555554,0.0,0.0,0.5116666666666666,15.633333333333333,4.366666666666666,4.655555555555556,20.92222222222222,1.5666666666666667,2.1666666666666665,24.655555555555555,51.84444444444444,27.0,54.24444444444445,1.3222222222222222,39.87777777777777,6.5,5.466666666666666,46.9,2.255555555555556,2.6888888888888887,1.0666666666666667,24.244444444444444,2.1333333333333333,0.8111111111111112,25.977777777777778,0.6888888888888888,0.5222222222222223,27.188888888888886,27.244444444444444,0.16666666666666669,0.29185951538252114,0.7476635514018691,0.041095890410958895,0.3598130841121496,0.686695278969957,0.7407407407407407,0.38930481283422463,0.45430312261995426,0.8067226890756303,0.6079687935358038,0.32820512820512826,0.9532520325203252,0.5538971807628524,0.30541871921182284,0.19421487603305787,0.5244320617231033,0.5022531749283081
Christian Aguilera,Switch,No,No,No,Christian Aguilera,0.0,0.0,0.0,0.0,0.08888888888888889,3.6666666666666665,0.5,1.6666666666666667,5.833333333333334,0.0,0.0,5.833333333333334,14.333333333333334,6.666666666666667,15.333333333333334,0.16666666666666666,11.666666666666666,0.6666666666666666,2.0,14.333333333333334,0.0,0.0,0.0,0.6666666666666666,1.1666666666666667,0.0,0.8500000000000001,4.833333333333334,0.3333333333333333,4.0,7.5,0.0,1.6666666666666665,9.166666666666668,16.333333333333336,16.833333333333336,27.333333333333332,1.1666666666666665,11.5,0.8333333333333334,4.0,14.666666666666666,0.0,1.6666666666666665,0.5,6.666666666666667,0.5,0.0,7.166666666666667,0.0,0.0,7.166666666666667,10.5,0.0,0.3142857142857143,0.75,0.0,0.4069767441860465,,,0.4069767441860465,0.43478260869565216,0.4285714285714285,0.5797101449275361,0.6000000000000001,0.8333333333333334,0.48863636363636365,,0.0,0.4387755102040817,0.38414634146341453
Gregor Gillespie,Orthodox,No,No,No,Gregor Gillespie,0.08333333333333333,1.6666666666666667,0.17500000000000002,0.041666666666666664,3.54125,12.691666666666668,1.0333333333333334,1.55,3.7416666666666667,1.425,10.108333333333333,15.275,27.558333333333334,35.84166666666667,51.975,3.875,24.675,1.3333333333333333,1.55,11.241666666666667,2.1,14.216666666666667,0.041666666666666664,0.0,0.0,0.15,0.056805555555555554,6.45,0.4666666666666666,0.10833333333333334,3.591666666666667,2.533333333333333,0.9,7.0249999999999995,17.866666666666667,13.191666666666668,24.766666666666666,0.10833333333333334,16.858333333333334,0.9,0.10833333333333334,13.924999999999999,2.9583333333333335,0.9833333333333334,0.10833333333333334,10.408333333333333,0.43333333333333335,0.0,10.333333333333334,0.425,0.08333333333333333,10.841666666666667,11.575000000000001,0.43010752688172044,0.5143532590341101,0.7750000000000001,1.075268817204301,0.3328391401037806,0.6785714285714286,0.7110199296600234,0.5542788025400666,0.689594356261023,1.0,0.6173999011369253,0.4814814814814815,1.0,0.7420706163973668,0.14366197183098595,0.0847457627118644,0.6068097014925373,0.4673620457604306
Michelle Waterson,Orthodox,No,No,No,Michelle Waterson,0.0,0.3468686868686869,0.15898989898989896,0.02222222222222222,0.9371178451178451,9.268080808080807,5.561010101010101,4.164444444444444,14.207070707070708,2.917979797979798,1.8684848484848486,18.993535353535353,41.88888888888889,24.14,47.6339393939394,1.69010101010101,27.20888888888889,8.715353535353534,5.964646464646465,35.771313131313136,3.7086868686868684,2.408888888888889,0.02,0.20969696969696966,0.12262626262626264,0.01818181818181818,0.813010101010101,11.795151515151515,6.588686868686869,5.613737373737374,17.625454545454545,5.120404040404041,1.2517171717171718,23.997575757575756,47.33737373737374,30.18949494949495,54.324040404040396,0.6068686868686869,30.962828282828287,9.557575757575759,6.816969696969697,39.8969696969697,6.028282828282828,1.412121212121212,0.3971717171717172,19.167676767676767,2.968888888888889,1.2032323232323232,22.271515151515153,0.9078787878787878,0.1604040404040404,23.339797979797982,24.134545454545453,0.2052354769304327,0.3406269490065635,0.6380705129691014,0.05815410668924639,0.3971638014773985,0.7867959472709447,0.7756625293525663,0.4534265734265734,0.5067815155987582,0.6544607190412783,0.619054454347344,0.3106320016909745,0.9692389758179232,0.5582257329485038,0.15060321715817682,0.11359084406294706,0.49305223625810857,0.4442700740784814
Maurice Greene,Orthodox,No,No,No,Maurice Greene,0.08333333333333333,0.0,0.15277777777777776,0.0,0.0911111111111111,6.344444444444444,2.1305555555555555,4.230555555555555,11.344444444444443,1.2361111111111112,0.125,12.705555555555556,28.23888888888889,18.26388888888889,34.791666666666664,0.0,19.372222222222224,3.4444444444444446,5.422222222222222,26.183333333333334,1.7222222222222223,0.3333333333333333,0.21944444444444444,0.4527777777777778,0.17500000000000002,0.0,1.9559722222222222,10.633333333333333,1.9277777777777778,2.8944444444444444,9.897222222222222,0.5499999999999999,5.008333333333334,15.455555555555556,28.04722222222222,31.116666666666664,47.86944444444445,0.6472222222222223,21.3,2.725,4.022222222222222,20.441666666666666,0.7583333333333333,6.847222222222221,0.19444444444444442,10.666666666666666,0.7972222222222222,1.1277777777777778,10.544444444444444,0.20833333333333334,1.8388888888888888,12.591666666666667,16.752777777777776,,0.3275021508459994,0.6185483870967742,0.0,0.43326967960959045,0.717741935483871,0.375,0.44993114302577214,0.5249500998003992,0.3004291845493563,0.5007824726134585,0.29255861365953106,0.8874309392265194,0.5158309552928386,0.27472527472527475,0.2685598377281946,0.44894523125680896,0.3499680844890618
KB Bhullar,Switch,No,No,No,KB Bhullar,0.0,0.0,0.0,0.0,0.03333333333333333,1.6666666666666667,3.3333333333333335,17.0,21.833333333333332,0.16666666666666666,0.0,22.0,42.833333333333336,22.166666666666668,43.166666666666664,0.0,14.833333333333334,5.666666666666667,22.333333333333332,42.666666666666664,0.16666666666666666,0.0,0.16666666666666666,0.16666666666666666,0.0,0.0,0.35555555555555546,14.333333333333334,5.5,2.6666666666666665,20.166666666666668,0.8333333333333334,1.5,22.5,43.0,23.0,43.5,0.16666666666666666,33.833333333333336,6.5,2.6666666666666665,40.166666666666664,1.0,1.8333333333333333,0.0,19.5,1.0,0.0,20.0,0.16666666666666666,0.3333333333333333,20.5,20.5,,0.11235955056179775,0.5882352941176471,0.0,0.51171875,1.0,,0.5136186770428015,0.5135135135135136,0.0,0.5763546798029557,0.15384615384615385,0.9375,0.4979253112033194,0.16666666666666663,0.18181818181818177,0.4767441860465116,0.47126436781609193
Luke Sanders,Southpaw,No,No,No,Luke Sanders,0.18055555555555555,0.2638888888888889,0.041666666666666664,0.0,0.5828703703703704,20.61111111111111,3.4583333333333335,1.625,19.59722222222222,2.152777777777778,3.9444444444444446,25.694444444444443,52.02777777777778,29.347222222222225,56.291666666666664,0.8472222222222222,45.416666666666664,4.569444444444445,2.0416666666666665,44.69444444444445,3.0416666666666665,4.291666666666667,0.1111111111111111,0.4166666666666667,0.23611111111111108,0.0,0.31157407407407406,10.347222222222221,5.777777777777779,4.069444444444445,18.083333333333332,1.2083333333333333,0.9027777777777778,20.194444444444443,38.763888888888886,23.097222222222225,42.388888888888886,1.5277777777777777,26.722222222222225,7.541666666666667,4.5,35.63888888888889,1.7916666666666667,1.3333333333333333,1.1111111111111112,16.375,1.763888888888889,0.4305555555555555,17.555555555555557,0.5833333333333334,0.4305555555555556,18.569444444444443,19.291666666666668,0.3114754098360656,0.45382262996941897,0.756838905775076,0.1292517006802721,0.43847110006215034,0.7077625570776257,0.919093851132686,0.4938601174586225,0.5213422156427339,0.7272727272727273,0.6127858627858629,0.2338858195211786,0.9074074074074074,0.4925954793452846,0.32558139534883723,0.32291666666666663,0.4790397706915084,0.45511140235910863
Stefan Sekulic,Southpaw,No,No,No,Stefan Sekulic,0.0,0.6666666666666666,0.16666666666666666,0.0,0.7222222222222222,3.3333333333333335,1.3333333333333333,4.5,8.333333333333334,0.5,0.3333333333333333,9.166666666666666,18.333333333333332,11.666666666666666,21.166666666666668,2.0,10.833333333333334,2.6666666666666665,4.833333333333333,17.0,1.0,0.3333333333333333,0.16666666666666666,0.5,0.16666666666666666,0.0,0.4694444444444444,8.333333333333334,3.6666666666666665,2.1666666666666665,10.333333333333334,2.3333333333333335,1.5,14.166666666666666,40.0,16.5,42.666666666666664,0.6666666666666666,31.666666666666668,5.666666666666667,2.6666666666666665,35.0,3.1666666666666665,1.8333333333333333,0.16666666666666666,23.333333333333332,2.0,0.5,24.666666666666668,0.8333333333333334,0.3333333333333333,25.833333333333332,26.166666666666668,0.3333333333333333,0.3076923076923077,0.5,0.13793103448275862,0.4901960784313726,0.5,1.0,0.5,0.5511811023622046,0.25,0.736842105263158,0.3529411764705883,0.8125,0.7047619047619047,0.26315789473684204,0.18181818181818177,0.6458333333333334,0.61328125
Na Liang,Orthodox,No,No,No,Na Liang,0.0,1.5,0.5,1.0,1.4,6.5,3.0,0.0,5.0,3.5,1.0,9.5,13.5,18.0,23.5,2.0,10.5,3.0,0.0,8.5,3.5,1.5,0.0,0.0,0.0,1.5,1.2999999999999998,11.5,0.0,0.5,3.0,2.5,6.5,12.0,16.0,45.5,56.5,0.0,15.5,0.0,0.5,5.5,2.5,8.0,0.0,4.0,0.0,0.0,2.5,0.0,1.5,4.0,11.0,0.75,0.6190476190476191,1.0,inf,0.5882352941176471,1.0,0.6666666666666666,0.7037037037037037,0.7659574468085106,,0.25806451612903225,,1.0,0.4545454545454546,0.0,0.1875,0.25,0.19469026548672563
Juan Espino,,No,No,No,Juan Espino,0.0,1.6666666666666667,0.3333333333333333,0.0,1.3074074074074076,5.333333333333333,0.888888888888889,0.4444444444444444,2.111111111111111,1.6666666666666667,2.888888888888889,6.666666666666667,10.444444444444445,17.444444444444443,22.777777777777782,2.222222222222222,8.777777777777779,0.888888888888889,0.7777777777777777,5.5555555555555545,1.6666666666666667,3.222222222222222,0.0,0.4444444444444444,0.0,0.0,1.383333333333333,7.666666666666667,1.5555555555555556,0.7777777777777777,2.444444444444444,1.5555555555555554,6.0,10.0,16.444444444444446,16.444444444444446,23.888888888888886,1.1111111111111112,14.0,1.5555555555555556,0.888888888888889,5.777777777777779,1.6666666666666667,9.0,0.6666666666666666,6.333333333333333,0.0,0.1111111111111111,3.3333333333333335,0.1111111111111111,3.0,6.444444444444444,7.444444444444444,0.7500000000000001,0.6075949367088607,1.0,2.1428571428571432,0.38000000000000006,1.0,0.8965517241379312,0.6382978723404256,0.7658536585365852,0.6000000000000001,0.45238095238095233,0.0,0.5,0.5769230769230771,0.06666666666666687,0.33333333333333337,0.391891891891892,0.31162790697674403
Bartosz Fabinski,Orthodox,No,No,No,Bartosz Fabinski,0.0,2.111111111111111,0.0,0.0,3.549074074074074,6.5,2.9444444444444446,0.8333333333333334,3.055555555555556,4.444444444444444,2.777777777777778,10.277777777777777,14.722222222222223,26.777777777777775,33.333333333333336,3.0555555555555554,10.722222222222223,3.1666666666666665,0.8333333333333334,5.722222222222222,5.055555555555556,3.9444444444444446,0.05555555555555555,0.05555555555555555,0.8333333333333334,0.05555555555555555,0.4555555555555555,4.777777777777778,0.6666666666666666,0.7777777777777777,2.4444444444444446,2.5555555555555554,1.222222222222222,6.222222222222222,13.888888888888888,16.444444444444443,24.333333333333332,0.5,12.055555555555555,1.0555555555555556,0.7777777777777777,9.388888888888888,3.0555555555555554,1.4444444444444444,0.4444444444444444,7.277777777777779,0.3888888888888889,0.0,6.9444444444444455,0.5,0.2222222222222222,7.666666666666667,7.888888888888889,0.6909090909090909,0.6062176165803108,0.9298245614035089,2.533333333333333,0.5339805825242718,0.8791208791208789,0.7042253521126761,0.6981132075471697,0.8033333333333332,0.8888888888888888,0.6036866359447004,0.368421052631579,0.9285714285714286,0.7396449704142012,0.1636363636363637,0.15384615384615397,0.5519999999999999,0.32420091324200917
Luis Pena,Southpaw,No,No,No,Luis Pena,0.041666666666666664,0.36904761904761907,0.375,0.35714285714285715,1.7386904761904762,14.24404761904762,2.136904761904762,0.7083333333333334,11.285714285714286,1.5297619047619049,4.273809523809524,17.08928571428571,36.464285714285715,20.642857142857142,41.166666666666664,1.0952380952380951,32.339285714285715,3.3214285714285716,0.8035714285714285,27.446428571428573,2.7738095238095237,6.2440476190476195,0.0,0.7559523809523809,0.18452380952380953,0.14285714285714285,0.6998015873015873,6.767857142857143,3.3214285714285716,4.440476190476191,12.654761904761905,1.0595238095238095,0.8154761904761904,14.529761904761905,29.71428571428571,20.63095238095238,37.845238095238095,1.482142857142857,20.035714285714285,5.101190476190476,4.5773809523809526,26.863095238095237,1.5714285714285714,1.2797619047619049,0.7261904761904762,13.267857142857144,1.7797619047619049,0.1369047619047619,14.208333333333334,0.5119047619047619,0.46428571428571425,15.18452380952381,17.21428571428571,0.3369565217391305,0.44045646972206887,0.64336917562724,0.4592592592592593,0.41119063109954457,0.5515021459227468,0.6844613918017158,0.4686581782566111,0.5014459224985541,0.4899598393574297,0.6622103386809268,0.34889148191365227,0.834850455136541,0.5289164635497452,0.3257575757575757,0.36279069767441874,0.5110176282051282,0.45486001887385974
Anthony Birchak,Orthodox,No,No,No,Anthony Birchak,0.1111111111111111,0.05555555555555555,0.05555555555555555,0.05555555555555555,0.42407407407407405,5.722222222222221,4.722222222222222,2.6666666666666665,9.666666666666666,2.6666666666666665,0.7777777777777778,13.111111111111112,39.94444444444445,20.0,47.333333333333336,0.3888888888888889,27.944444444444443,8.666666666666666,3.3333333333333335,32.27777777777778,6.444444444444444,1.222222222222222,0.27777777777777773,0.5555555555555556,0.2222222222222222,0.0,0.9342592592592593,9.666666666666666,1.5555555555555554,0.6666666666666666,8.11111111111111,2.0555555555555554,1.7222222222222223,11.888888888888888,32.44444444444444,15.388888888888891,36.77777777777778,2.3333333333333335,26.88888888888889,4.166666666666667,1.388888888888889,26.055555555555557,3.611111111111111,2.7777777777777772,1.7777777777777777,17.22222222222222,2.611111111111111,0.7222222222222222,17.944444444444446,1.5555555555555556,1.0555555555555556,20.555555555555554,21.38888888888889,0.14285714285714285,0.20477137176938368,0.5448717948717949,0.016666666666666666,0.29948364888123924,0.41379310344827586,0.6363636363636365,0.3282336578581363,0.4225352112676056,0.7619047619047619,0.640495867768595,0.6266666666666667,0.6000000000000001,0.6886993603411514,0.4307692307692308,0.3799999999999999,0.6335616438356164,0.5815709969788518
Justine Kish,Orthodox,No,No,No,Justine Kish,0.047619047619047616,0.2857142857142857,0.047619047619047616,0.14285714285714285,0.5595238095238095,9.761904761904761,5.142857142857142,7.428571428571428,19.0,2.5238095238095237,0.8095238095238094,22.333333333333332,46.42857142857142,25.142857142857142,49.8095238095238,0.8571428571428572,29.09523809523809,8.0,9.333333333333334,41.476190476190474,3.619047619047619,1.3333333333333333,0.047619047619047616,0.3333333333333333,0.14285714285714285,0.19047619047619047,0.9944444444444444,13.714285714285714,4.571428571428572,4.428571428571429,18.476190476190478,1.9523809523809526,2.285714285714286,22.71428571428571,53.714285714285715,30.71428571428571,63.14285714285714,0.6666666666666666,40.714285714285715,7.380952380952382,5.6190476190476195,47.38095238095238,2.9523809523809526,3.380952380952381,0.3333333333333333,27.0,2.8095238095238098,1.1904761904761905,28.90476190476191,1.0,1.0952380952380951,31.0,32.42857142857143,0.3333333333333333,0.33551554828150576,0.6428571428571428,0.03061224489795918,0.4580941446613089,0.6973684210526315,0.6071428571428571,0.48102564102564105,0.5047801147227534,0.5,0.6631578947368422,0.38064516129032255,0.940677966101695,0.6100502512562813,0.33870967741935487,0.3239436619718309,0.5771276595744681,0.5135746606334841
Hunter Azure,Orthodox,No,No,No,Hunter Azure,0.08333333333333333,0.4444444444444444,0.08333333333333333,0.19444444444444442,1.1666666666666667,9.083333333333334,3.888888888888889,3.777777777777778,13.277777777777779,1.7222222222222223,1.75,16.75,34.44444444444444,24.416666666666668,43.166666666666664,1.472222222222222,24.11111111111111,5.861111111111111,4.472222222222222,29.13888888888889,3.027777777777778,2.277777777777778,0.08333333333333333,1.0555555555555556,0.3055555555555555,0.1111111111111111,1.4175925925925925,6.972222222222222,1.638888888888889,1.9166666666666667,8.13888888888889,1.388888888888889,1.0,10.527777777777779,26.88888888888889,18.027777777777775,35.47222222222222,3.111111111111111,18.527777777777775,4.833333333333333,3.527777777777778,23.555555555555557,2.25,1.0833333333333333,2.055555555555556,11.555555555555555,3.194444444444444,1.611111111111111,15.416666666666666,0.861111111111111,0.08333333333333333,16.36111111111111,17.444444444444443,0.3018867924528302,0.37672811059907835,0.6635071090047394,0.09937888198757763,0.455672068636797,0.5688073394495412,0.7682926829268292,0.4862903225806452,0.5656370656370657,0.6607142857142857,0.6236881559220389,0.6609195402298851,0.7007874015748032,0.6544811320754718,0.382716049382716,0.07692307692307687,0.6084710743801653,0.49177760375880974
Jordan Griffin,Southpaw,No,No,No,Jordan Griffin,0.0,0.48333333333333334,0.5833333333333334,0.3666666666666667,1.3158333333333332,10.5,1.5666666666666667,0.15,9.233333333333334,0.7999999999999999,2.183333333333333,12.216666666666667,25.46666666666667,16.666666666666668,30.616666666666664,1.4000000000000001,23.416666666666668,1.8333333333333333,0.21666666666666667,20.883333333333333,0.9333333333333332,3.65,0.0,0.75,0.2833333333333334,0.26666666666666666,2.1411111111111114,10.983333333333334,2.3833333333333333,1.2833333333333334,9.216666666666667,2.35,3.0833333333333335,14.65,29.633333333333336,26.21666666666667,43.300000000000004,1.3666666666666665,24.28333333333333,3.5833333333333335,1.7666666666666666,22.416666666666668,2.5833333333333335,4.633333333333334,0.6166666666666667,13.299999999999999,1.2,0.48333333333333334,13.200000000000001,0.2333333333333333,1.55,14.983333333333334,17.083333333333332,0.34523809523809523,0.4483985765124555,0.8545454545454546,2.230769230769231,0.44213886671987235,0.8571428571428572,0.5981735159817351,0.4797120418848167,0.5443658138268918,0.4512195121951219,0.547700754975978,0.33488372093023255,0.5754716981132075,0.5888475836431226,0.0903225806451613,0.33453237410071945,0.5056242969628797,0.3945342571208622
Mike Perry,Orthodox,No,No,No,Mike Perry,0.21313131313131314,0.23232323232323235,0.044444444444444446,0.0,0.7364478114478114,13.128282828282828,3.091919191919192,4.0636363636363635,15.851515151515152,2.4656565656565657,1.9666666666666668,20.283838383838383,42.602020202020206,23.606060606060606,45.968686868686866,0.6343434343434343,33.09595959595959,4.91919191919192,4.586868686868686,36.59090909090909,3.5212121212121215,2.48989898989899,0.11616161616161617,0.17777777777777778,0.05555555555555556,0.07474747474747474,0.2302861952861953,15.675757575757578,3.4626262626262627,5.558585858585858,23.02323232323232,1.0363636363636364,0.6373737373737374,24.6969696969697,52.37777777777777,26.307070707070707,54.04343434343434,0.7818181818181819,40.843434343434346,5.33939393939394,6.194949494949495,50.089898989898984,1.4676767676767677,0.8202020202020202,0.604040404040404,25.167676767676767,1.8767676767676769,0.6363636363636364,27.066666666666666,0.4313131313131313,0.1828282828282828,27.68080808080808,27.736363636363638,0.36624203821656054,0.3966732794140089,0.6285420944558521,0.05064963664391105,0.4332091097308488,0.7002294893861158,0.7898580121703854,0.4761238619119878,0.5135247972928432,0.772609819121447,0.6161988376406577,0.35149451381006436,0.9713027881950106,0.5403617737804756,0.2938747419132829,0.22290640394088668,0.5284838199560303,0.5132235575575201
Jarjis Danho,Orthodox,No,No,No,Jarjis Danho,0.1111111111111111,0.16666666666666666,0.0,0.0,0.9064814814814817,10.555555555555555,2.7777777777777772,1.0,8.722222222222223,4.5,1.1111111111111112,14.333333333333334,28.333333333333332,19.38888888888889,34.77777777777778,0.8333333333333334,23.166666666666668,3.8888888888888893,1.277777777777778,20.055555555555557,7.166666666666667,1.1111111111111112,0.0,0.0,0.0,0.0,0.4361111111111111,12.055555555555555,5.555555555555556,5.388888888888888,13.833333333333334,8.388888888888888,0.7777777777777777,23.0,45.22222222222222,31.277777777777775,54.27777777777778,0.38888888888888884,32.11111111111111,7.5555555555555545,5.5555555555555545,31.61111111111111,12.333333333333334,1.277777777777778,0.38888888888888884,20.055555555555554,2.0,0.16666666666666666,17.77777777777778,3.9444444444444446,0.5,22.222222222222225,23.0,0.19999999999999998,0.45563549160671457,0.7142857142857141,0.13043478260869562,0.43490304709141275,0.627906976744186,1.0,0.5058823529411766,0.5575079872204473,1.0,0.6245674740484428,0.264705882352941,1.0,0.5623901581722319,0.31981981981982,0.39130434782608714,0.49140049140049136,0.4237461617195497
Yorgan De Castro,Orthodox,No,No,No,Yorgan De Castro,0.08333333333333333,0.0,0.0,0.0,0.5638888888888889,4.583333333333333,1.5833333333333333,3.9166666666666665,10.083333333333334,0.0,0.0,10.083333333333334,24.416666666666668,21.333333333333332,37.25,0.16666666666666666,17.416666666666668,2.6666666666666665,4.333333333333333,23.916666666666668,0.5,0.0,0.08333333333333333,0.0,0.0,0.0,0.5430555555555555,9.0,5.0,5.5,16.833333333333332,2.5833333333333335,0.08333333333333333,19.5,42.583333333333336,23.916666666666668,47.0,0.08333333333333333,29.25,6.5,6.833333333333333,39.25,3.25,0.08333333333333333,0.08333333333333333,20.25,1.5,1.3333333333333333,22.416666666666668,0.6666666666666666,0.0,23.083333333333332,23.083333333333332,0.0,0.2631578947368421,0.59375,0.0,0.42160278745644597,0.0,,0.4129692832764505,0.5727069351230425,1.0,0.6923076923076923,0.23076923076923073,1.0,0.5711252653927814,0.20512820512820507,0.0,0.5420743639921722,0.49113475177304966
Abu Azaitar,Orthodox,No,No,No,Abu Azaitar,0.0,0.16666666666666666,0.0,0.16666666666666666,0.8916666666666666,13.0,9.833333333333334,3.1666666666666665,18.666666666666668,5.166666666666667,2.1666666666666665,26.0,57.833333333333336,46.166666666666664,81.16666666666667,0.6666666666666666,41.166666666666664,13.333333333333334,3.3333333333333335,48.333333333333336,6.833333333333333,2.6666666666666665,0.16666666666666666,0.5,0.16666666666666666,0.16666666666666666,1.825,22.666666666666668,2.0,2.0,15.833333333333334,3.0,7.833333333333333,26.666666666666668,53.333333333333336,42.166666666666664,71.66666666666667,0.8333333333333334,48.166666666666664,2.8333333333333335,2.3333333333333335,37.666666666666664,4.166666666666667,11.5,0.3333333333333333,25.5,0.8333333333333334,0.3333333333333333,21.833333333333332,1.1666666666666667,3.6666666666666665,26.666666666666668,29.5,0.25,0.31578947368421056,0.7375,0.049999999999999996,0.38620689655172413,0.7560975609756099,0.8125,0.4495677233429395,0.568788501026694,0.4,0.5294117647058822,0.2941176470588236,0.7857142857142857,0.579646017699115,0.28,0.3188405797101449,0.5,0.41162790697674423
Thomas Almeida,Southpaw,No,No,No,Thomas Almeida,0.12857142857142856,0.03333333333333333,0.0,0.0,0.04158730158730157,12.907142857142858,4.10952380952381,4.483333333333333,19.254761904761903,2.15,0.09523809523809523,21.5,49.09761904761905,21.764285714285716,49.44285714285714,0.41190476190476194,37.23809523809524,6.357142857142857,5.502380952380952,45.84047619047619,3.019047619047619,0.2380952380952381,0.3452380952380952,0.34761904761904766,0.0,0.0,0.3273809523809524,15.157142857142858,3.8000000000000003,2.802380952380952,19.37857142857143,1.857142857142857,0.5238095238095238,21.759523809523813,55.06190476190476,22.771428571428572,56.28333333333333,1.3166666666666667,45.55238095238095,6.142857142857143,3.3666666666666667,52.042857142857144,2.3666666666666667,0.6523809523809524,0.969047619047619,30.395238095238096,2.342857142857143,0.5642857142857143,32.66428571428572,0.5095238095238095,0.12857142857142856,33.30238095238095,33.51190476190476,0.08092485549132947,0.346611253196931,0.6464419475655432,0.006057983556901774,0.4200384355684828,0.7121451104100947,0.39999999999999997,0.43790310848164493,0.44019069633054037,0.7359855334538878,0.667259042441982,0.38139534883720927,0.8967468175388967,0.6276420532528135,0.2152917505030182,0.1970802919708029,0.6048170889907463,0.5954143576293414
Stipe Miocic,Orthodox,Yes,No,Yes,Stipe Miocic,0.11373737373737373,0.5211616161616162,0.0,0.0,1.5786877104377104,15.812424242424242,3.0332828282828284,2.347878787878788,14.599949494949495,2.591111111111111,4.002525252525253,21.19358585858586,38.43191919191919,37.667121212121216,56.826010101010105,1.661717171717172,32.501111111111115,3.441010101010101,2.48979797979798,29.28787878787879,3.8559090909090914,5.288131313131314,0.08358585858585858,0.10262626262626262,0.061111111111111116,0.0,0.1346026936026936,12.023787878787878,2.8357070707070706,1.705959595959596,14.522121212121212,1.3605555555555555,0.6827777777777777,16.565454545454546,36.44257575757576,20.794393939393938,40.95484848484848,0.352979797979798,28.842626262626265,5.556666666666667,2.043282828282828,33.496161616161615,2.069949494949495,0.8764646464646464,0.25035353535353533,16.818838383838386,2.720959595959596,0.33732323232323236,18.9740404040404,0.7093939393939394,0.19368686868686869,19.87712121212121,20.160454545454545,0.31362835086013,0.48651949739092054,0.881509422884988,0.2093188364639539,0.49849801689946543,0.671984491859536,0.75688840074495,0.5514579106172268,0.6628500073323231,0.7092574044927744,0.5831243739975205,0.4896747923142645,0.9497738339471538,0.5664541693304224,0.34271074783457367,0.22098651607698516,0.5454367809879387,0.49226050861628845
Tyron Woodley,Orthodox,Yes,No,Yes,Tyron Woodley,0.1837121212121212,0.09608585858585858,0.08484848484848485,0.0,0.4577104377104376,6.176136363636364,3.491919191919192,1.0623737373737374,5.6766414141414145,2.8064393939393937,2.2473484848484846,10.730429292929292,23.502651515151516,15.915530303030303,28.91590909090909,0.27550505050505053,17.558838383838385,4.713005050505051,1.2308080808080808,17.21830808080808,3.5650252525252526,2.719318181818182,0.0,0.20441919191919192,0.05833333333333333,0.0,1.2284932659932661,6.820580808080808,5.427146464646465,1.5967171717171715,8.411237373737373,3.5398989898989894,1.8933080808080809,13.844444444444445,31.664520202020203,28.39520202020202,46.935353535353535,1.4770202020202021,22.033080808080808,7.443181818181818,2.188257575757576,24.89760101010101,4.328787878787879,2.438131313131313,1.2726010101010101,15.2125,2.0160353535353535,0.5915404040404041,16.486363636363638,0.788888888888889,0.5448232323232323,17.820075757575758,18.540151515151514,0.3487626031164069,0.3517394618382639,0.7409114046132825,0.07806729585556012,0.32968636566961707,0.7872144501505223,0.8264382225936758,0.4565624983211651,0.5504073986743169,0.8616002735510344,0.6904390780621426,0.27085665818490245,0.9065835785586521,0.662166753723585,0.1822424454556063,0.22345934748834795,0.5627773812419502,0.39501463435630346
Ray Rodriguez,Orthodox,No,No,No,Ray Rodriguez,0.0,0.25,0.0,0.0,0.05,0.75,0.5,0.25,1.5,0.0,0.0,1.5,9.25,5.75,15.25,0.25,8.0,1.0,0.25,9.25,0.0,0.0,0.0,0.75,0.75,0.0,2.3291666666666666,0.0,0.25,3.5,3.75,0.0,0.0,3.75,6.5,13.5,22.0,1.5,1.75,0.75,4.0,6.5,0.0,0.0,0.75,1.75,0.5,0.5,2.75,0.0,0.0,2.75,8.5,1.0,0.09375,0.5,1.0,0.16216216216216217,,,0.16216216216216217,0.3770491803278688,0.5,1.0,0.6666666666666667,0.8125,0.42307692307692313,,,0.42307692307692313,0.38636363636363635
Megan Anderson,Orthodox,No,No,Yes,Megan Anderson,0.05555555555555555,0.05555555555555555,0.05555555555555555,0.3888888888888889,0.20277777777777775,3.6111111111111107,2.2222222222222223,0.05555555555555555,4.777777777777778,0.5555555555555556,0.5555555555555556,5.888888888888889,13.611111111111112,13.722222222222221,21.666666666666668,0.2222222222222222,9.833333333333334,3.722222222222222,0.05555555555555555,12.0,0.8333333333333334,0.7777777777777778,0.0,1.1666666666666667,0.5,0.05555555555555555,2.9250000000000003,9.61111111111111,2.8333333333333335,2.6666666666666665,5.888888888888888,1.6666666666666667,7.5555555555555545,15.111111111111112,23.555555555555557,43.11111111111111,54.555555555555564,2.388888888888889,16.72222222222222,3.8333333333333335,3.0,11.944444444444445,1.8888888888888886,9.722222222222223,1.222222222222222,7.111111111111111,1.0,0.3333333333333333,6.055555555555556,0.2222222222222222,2.1666666666666665,8.444444444444445,11.444444444444445,0.25,0.36723163841807904,0.5970149253731344,1.0,0.39814814814814814,0.6666666666666666,0.7142857142857143,0.43265306122448977,0.6333333333333333,0.5116279069767442,0.42524916943521596,0.26086956521739124,0.6111111111111112,0.5069767441860465,0.11764705882352922,0.2228571428571431,0.3584905660377359,0.20977596741344218
Joseph Benavidez,Southpaw,No,No,Yes,Joseph Benavidez,0.06607142857142857,0.30476190476190473,0.41904761904761906,0.038690476190476185,0.8689186507936506,7.607738095238095,3.5160714285714283,2.2261904761904763,10.639285714285714,1.7642857142857142,0.9464285714285714,13.35,43.775,17.74404761904762,48.551785714285714,1.3351190476190475,33.85595238095238,5.989285714285714,3.929761904761905,38.94642857142857,3.467261904761905,1.3613095238095236,0.050595238095238096,1.256547619047619,0.047619047619047616,0.016666666666666666,0.6370238095238095,6.498809523809524,5.726785714285714,1.669047619047619,8.876785714285713,2.6404761904761904,2.3773809523809524,13.894642857142856,30.691666666666663,18.45,35.94464285714285,2.944047619047619,21.38452380952381,6.9922619047619055,2.3148809523809524,23.898809523809526,4.271428571428571,2.5214285714285714,1.6875,14.885714285714286,1.2654761904761904,0.6458333333333333,15.02202380952381,1.630952380952381,0.14404761904761904,16.79702380952381,17.494642857142857,0.2282657155595185,0.22470902633707232,0.5870602265951103,0.07755225689185094,0.2731774415405777,0.5088412017167381,0.695233930913861,0.3049685893774986,0.36546642637341087,0.5731904569348969,0.6960975338195179,0.18098237847961196,0.457186937516071,0.6285678704856787,0.3818283166109253,0.0571293673276676,0.5472828827431053,0.48671071588255743
Jordan Espinosa,Orthodox,No,No,No,Jordan Espinosa,0.0,0.25,0.0,0.0,0.2388888888888889,10.111111111111112,3.277777777777778,4.277777777777778,12.75,3.1666666666666665,1.75,17.666666666666668,36.416666666666664,22.166666666666668,41.5,0.5833333333333334,26.694444444444443,4.055555555555555,5.666666666666667,30.11111111111111,4.055555555555556,2.25,0.0,0.3611111111111111,0.1111111111111111,0.0,1.337037037037037,6.027777777777779,2.388888888888889,3.777777777777778,9.61111111111111,1.3333333333333333,1.25,12.194444444444443,30.805555555555557,18.555555555555554,38.19444444444444,0.8055555555555557,21.333333333333332,4.194444444444445,5.277777777777778,26.38888888888889,2.9166666666666665,1.5,0.4444444444444445,15.305555555555555,1.8055555555555556,1.5,16.77777777777778,1.5833333333333333,0.25,18.61111111111111,19.63888888888889,0.42857142857142855,0.3787721123829345,0.8082191780821919,0.044117647058823525,0.42343173431734316,0.780821917808219,0.7777777777777778,0.48512585812356984,0.5341365461847389,0.5517241379310346,0.7174479166666666,0.4304635761589405,0.9315789473684211,0.6357894736842106,0.5428571428571429,0.16666666666666663,0.6041478809738503,0.5141818181818183
Aalon Cruz,Switch,No,No,No,Aalon Cruz,0.0,0.0,0.0,0.0,0.1333333333333333,1.0,0.0,0.0,1.0,0.0,0.0,1.0,7.5,1.0,7.5,1.5,3.0,2.5,2.0,7.5,0.0,0.0,0.5,0.0,0.0,0.0,0.5249999999999999,31.0,0.5,1.0,4.5,3.5,24.5,32.5,46.0,42.0,56.0,0.0,44.0,1.0,1.0,7.0,4.0,35.0,0.0,13.0,0.5,0.0,2.5,0.5,10.5,13.5,14.0,0.0,0.3333333333333333,0.0,0.0,0.13333333333333333,,,0.13333333333333333,0.13333333333333333,,0.2954545454545454,0.5,1.0,0.3571428571428571,0.125,0.30000000000000004,0.2934782608695652,0.25
Jimmie Rivera,Orthodox,No,No,No,Jimmie Rivera,0.0909090909090909,0.2828282828282828,0.037037037037037035,0.0,0.34354657687991025,10.377104377104375,4.013468013468014,4.774410774410774,16.824915824915823,1.9057239057239057,0.4343434343434343,19.164983164983166,47.67003367003367,22.185185185185187,50.97979797979798,1.02020202020202,34.93939393939394,6.808080808080809,5.922558922558923,44.36700336700337,2.734006734006734,0.5690235690235691,0.09764309764309764,0.07407407407407407,0.0,0.0,0.2812570145903479,8.831649831649832,5.141414141414141,4.723905723905724,16.185185185185187,2.1952861952861955,0.3164983164983165,18.6969696969697,47.01010101010101,21.060606060606062,49.47138047138046,0.9326599326599326,33.552188552188554,7.65993265993266,5.7979797979797985,43.75084175084175,2.7171717171717176,0.5420875420875421,0.8585858585858586,24.720538720538723,2.5185185185185186,1.0740740740740742,27.565656565656568,0.521885521885522,0.22558922558922556,28.31313131313131,28.410774410774412,0.27722772277227725,0.2970029873759275,0.5895153313550939,0.04775440591245025,0.3792213705699324,0.6970443349753694,0.7633136094674554,0.4020341856194378,0.43517601215243384,0.9205776173285198,0.7367787255393878,0.3287912087912088,0.9872241579558653,0.6300600277050946,0.19206939281288726,0.4161490683229814,0.602277610657499,0.5742870754781187
Vince Cachero,Orthodox,No,No,No,Vince Cachero,0.0,0.0,0.16666666666666666,0.16666666666666666,0.17777777777777778,11.0,2.1666666666666665,2.0,12.0,2.6666666666666665,0.5,15.166666666666666,33.0,24.0,42.666666666666664,0.6666666666666666,27.166666666666668,3.5,2.3333333333333335,28.333333333333332,4.0,0.6666666666666666,0.0,2.1666666666666665,0.0,0.0,2.266666666666667,18.5,8.5,3.0,16.666666666666668,4.666666666666667,8.666666666666666,30.0,52.833333333333336,35.833333333333336,60.0,2.6666666666666665,38.666666666666664,10.5,3.6666666666666665,35.0,6.166666666666667,11.666666666666666,0.5,20.166666666666668,2.0,0.6666666666666666,18.333333333333332,1.5,3.0,22.833333333333332,24.166666666666668,0.0,0.4049079754601227,0.619047619047619,0.0,0.4235294117647059,0.6666666666666666,0.75,0.45959595959595956,0.5625,0.1875,0.521551724137931,0.19047619047619047,0.40909090909090906,0.5238095238095237,0.2432432432432432,0.2571428571428571,0.43217665615141954,0.4027777777777778
Shana Dobson,Orthodox,No,No,No,Shana Dobson,0.06666666666666667,0.27777777777777773,0.0,0.12222222222222223,0.28074074074074074,7.588888888888889,4.688888888888889,1.6888888888888889,10.444444444444445,2.1666666666666665,1.3555555555555554,13.966666666666667,38.53333333333333,24.444444444444443,50.43333333333334,0.6666666666666666,29.400000000000002,6.911111111111111,2.222222222222222,33.9,2.844444444444445,1.788888888888889,0.05555555555555555,1.0333333333333334,0.05555555555555555,0.0,1.9887037037037036,14.433333333333332,7.388888888888889,2.4555555555555553,14.455555555555556,4.922222222222222,4.8999999999999995,24.277777777777775,47.84444444444444,38.6,66.54444444444444,1.1555555555555557,34.355555555555554,10.477777777777778,3.011111111111111,33.56666666666667,7.366666666666667,6.911111111111111,0.12222222222222223,19.92222222222222,3.088888888888889,0.5555555555555556,19.11111111111111,2.4444444444444446,2.011111111111111,23.566666666666666,27.944444444444443,0.41666666666666663,0.25812547241118666,0.6784565916398714,0.125,0.30809570632579486,0.7617187499999998,0.7577639751552794,0.3624567474048443,0.484688257325402,0.10576923076923073,0.5798835705045278,0.29480381760339336,0.6568265682656826,0.5693478980470044,0.3318250377073908,0.2909967845659165,0.49256850905712957,0.41993655034229416
Alistair Overeem,Orthodox,No,No,Yes,Alistair Overeem,0.135,0.31666666666666665,0.04333333333333333,0.0,0.98575,10.303333333333333,3.978333333333333,2.3233333333333333,7.738333333333332,1.8516666666666666,7.015000000000001,16.605,22.203333333333333,20.946666666666665,27.02833333333333,0.9316666666666666,15.188333333333333,4.476666666666667,2.538333333333333,11.811666666666667,2.1,8.291666666666666,0.23166666666666663,0.12,0.016666666666666666,0.0,0.31361111111111106,10.893333333333334,2.3266666666666667,1.6,10.478333333333333,3.1766666666666667,1.165,14.819999999999999,32.55166666666666,18.611666666666668,36.815,0.32166666666666666,27.160000000000004,3.06,2.3316666666666666,26.585,4.488333333333333,1.4783333333333333,0.20166666666666666,16.26666666666667,0.7333333333333334,0.7316666666666667,16.106666666666666,1.3116666666666668,0.31333333333333335,17.731666666666666,18.203333333333333,0.33989266547406083,0.6783715571162077,0.8886820551005212,0.1247537754432042,0.6551432199802454,0.8817460317460316,0.846030150753769,0.7478606815793425,0.7749892088549054,0.6269430051813472,0.5989199803632794,0.23965141612200436,0.9485346676197284,0.6058554322613002,0.2922391385072409,0.2119503945885005,0.5447237724642875,0.494454253248223
Martin Day,Orthodox,No,No,No,Martin Day,0.19444444444444442,0.19444444444444442,0.19444444444444442,0.2222222222222222,0.4069444444444445,11.361111111111112,5.722222222222222,1.3055555555555556,16.13888888888889,0.4166666666666667,1.8333333333333333,18.38888888888889,39.02777777777778,24.388888888888886,46.13888888888889,0.27777777777777773,28.75,8.555555555555555,1.7222222222222223,35.97222222222222,0.5277777777777778,2.527777777777778,0.2222222222222222,0.6944444444444443,0.38888888888888884,0.0,2.1314814814814818,13.666666666666666,3.5277777777777772,2.888888888888889,14.75,0.8055555555555555,4.527777777777778,20.083333333333332,41.361111111111114,30.416666666666668,53.55555555555555,1.861111111111111,33.02777777777778,5.083333333333333,3.25,33.833333333333336,1.361111111111111,6.166666666666667,1.1666666666666667,19.36111111111111,1.5555555555555556,0.3611111111111111,19.083333333333332,0.5555555555555555,1.6388888888888886,21.27777777777778,23.13888888888889,0.7000000000000001,0.3951690821256039,0.6688311688311689,0.1129032258064516,0.4486486486486487,0.7894736842105263,0.7252747252747251,0.4711743772241993,0.5285972305839854,0.6268656716417911,0.5862068965517242,0.30601092896174875,0.7863247863247864,0.5640394088669951,0.40816326530612246,0.2657657657657658,0.5144392209536602,0.4320539419087136
Antonio Carlos Junior,Orthodox,No,No,No,Antonio Carlos Junior,0.0,1.0509971509971512,0.24330484330484334,0.07037037037037037,2.2068613485280153,5.937037037037037,1.5364672364672363,1.2752136752136751,5.751566951566951,0.839031339031339,2.158119658119658,8.748717948717948,20.655555555555555,17.77150997150997,32.08831908831909,2.7344729344729344,17.188888888888886,2.106837606837607,1.3598290598290597,16.341880341880344,1.1925925925925926,3.1210826210826212,0.03333333333333333,0.22535612535612537,0.1037037037037037,0.0,0.8488081671415005,7.544444444444444,1.0715099715099716,1.7914529914529913,4.645584045584045,0.621937321937322,5.13988603988604,10.407407407407407,21.66039886039886,22.283760683760686,35.013105413105414,0.49914529914529915,17.753276353276352,1.6045584045584045,2.302564102564103,13.415954415954417,0.8960113960113961,7.348433048433049,0.2737891737891738,10.20883190883191,0.533048433048433,0.5111111111111111,8.77037037037037,0.2740740740740741,2.2085470085470087,11.252991452991452,12.72934472934473,0.3843509064388415,0.34539969834087486,0.7292765382014874,0.7728891682380057,0.35195258019525794,0.7035355948399425,0.6914650844363304,0.42355277858236434,0.5538311284737636,0.5485159817351598,0.5750393170074141,0.33220880681818177,0.9021281860925514,0.6537269059248249,0.3058823529411765,0.3005466599464971,0.5195191245330668,0.3635594323655773
Nik Lentz,Orthodox,No,No,No,Nik Lentz,0.027777777777777776,1.0042592592592594,0.3781481481481482,0.02722222222222222,1.4617098765432097,9.607592592592594,3.9444444444444446,2.3092592592592593,9.801296296296297,2.9896296296296296,3.070370370370371,15.861296296296297,33.84518518518519,28.203703703703706,47.27444444444444,3.086851851851852,26.002592592592592,5.045740740740741,2.7968518518518515,25.453333333333333,4.472222222222222,3.9196296296296294,0.07296296296296297,0.6735185185185185,0.22925925925925927,0.07296296296296297,1.1211111111111112,11.573518518518519,2.3857407407407405,1.4916666666666665,10.683703703703705,2.642037037037037,2.125185185185185,15.450925925925924,31.006481481481483,23.644444444444446,40.272962962962964,1.1787037037037038,26.06648148148148,3.209814814814815,1.730185185185185,24.163518518518515,3.8040740740740744,3.038888888888889,0.5051851851851852,14.492962962962963,0.8240740740740741,0.2385185185185185,13.479814814814814,1.162037037037037,0.9137037037037037,15.555555555555555,16.62851851851852,0.3253344531765553,0.3694859486945747,0.7817374389841083,0.35906773488710864,0.3850692625574763,0.6684886128364389,0.7833317584805822,0.46864262108511523,0.5965951379259017,0.42859387274155547,0.555999971582634,0.2567357064558935,0.6107246066573906,0.5578581117846768,0.3054717164833025,0.3006703229737966,0.5016872219070088,0.4128953346147125
Markus Perez,Orthodox,No,No,No,Markus Perez,0.0,0.19047619047619047,0.27619047619047615,0.0,0.7625000000000001,6.147619047619048,5.307142857142857,1.0071428571428571,8.123809523809525,3.7809523809523813,0.557142857142857,12.461904761904762,25.96904761904762,16.883333333333333,30.75952380952381,0.9095238095238095,17.78095238095238,6.916666666666667,1.2714285714285714,19.83809523809524,5.2404761904761905,0.8904761904761904,0.047619047619047616,0.34761904761904766,0.0,0.0,1.864404761904762,12.185714285714285,4.226190476190476,1.7142857142857142,9.869047619047619,4.211904761904762,4.045238095238095,18.126190476190477,37.85476190476191,26.076190476190476,46.98809523809524,1.338095238095238,29.46428571428571,5.738095238095238,2.6523809523809523,25.87142857142857,6.2595238095238095,5.723809523809524,0.9904761904761905,17.27857142857143,1.5119047619047619,0.938095238095238,16.00238095238095,2.0476190476190474,1.6785714285714286,19.728571428571428,20.91190476190476,0.2094240837696335,0.3457418318157472,0.7672977624784854,0.149812734082397,0.4095055208833414,0.7214902317128579,0.6256684491978609,0.4798753094343083,0.5488814923755708,0.7402135231316725,0.5864242424242424,0.2634854771784232,0.8689407540394973,0.6185348794404565,0.3271205781666032,0.2932612312811981,0.5211648531354174,0.44504687104129725
Vinicius Moreira,Orthodox,No,No,No,Vinicius Moreira,0.0,0.0,0.0,0.0,0.35833333333333334,0.875,2.125,2.5,5.0,0.5,0.0,5.5,11.625,5.625,11.75,1.125,3.75,4.375,3.5,10.875,0.75,0.0,0.875,0.125,0.125,0.0,0.34791666666666665,10.75,1.0,0.125,7.875,1.0,3.0,11.875,22.0,14.25,24.5,0.125,20.5,1.375,0.125,16.375,1.125,4.5,0.0,9.75,0.375,0.0,8.5,0.125,1.5,10.125,10.25,0.0,0.23333333333333334,0.4857142857142857,0.0,0.45977011494252873,0.6666666666666666,,0.4731182795698925,0.4787234042553192,0.0,0.47560975609756095,0.2727272727272727,0.0,0.5190839694656488,0.11111111111111116,0.33333333333333337,0.4602272727272727,0.41836734693877553
Tom Breese,Southpaw,No,No,No,Tom Breese,0.16666666666666666,0.0,0.3611111111111111,0.15277777777777776,0.8418981481481481,9.305555555555555,3.222222222222222,0.611111111111111,9.958333333333334,1.486111111111111,1.6944444444444446,13.138888888888888,27.805555555555557,20.166666666666668,35.90277777777778,0.736111111111111,21.902777777777775,5.083333333333333,0.8194444444444443,23.305555555555557,1.7777777777777777,2.7222222222222228,0.0,0.40277777777777773,0.2222222222222222,0.1111111111111111,1.0331018518518518,8.819444444444445,2.152777777777778,1.3194444444444444,8.847222222222221,1.236111111111111,2.2083333333333335,12.291666666666666,32.25,17.430555555555554,38.01388888888889,1.4166666666666667,27.375,3.097222222222222,1.7777777777777777,27.083333333333332,1.9166666666666667,3.25,1.0138888888888888,18.555555555555557,0.9444444444444443,0.4583333333333333,18.23611111111111,0.6805555555555555,1.0416666666666667,19.958333333333332,20.583333333333332,0.0,0.42485732403297405,0.633879781420765,0.0,0.4272943980929678,0.8359375,0.6224489795918366,0.47252747252747246,0.5617021276595745,0.715686274509804,0.6778285134449518,0.30493273542600874,0.7734375,0.6733333333333333,0.3550724637681161,0.3205128205128205,0.6188630490956073,0.5414687614176106
Jacob Kilburn,Orthodox,No,No,No,Jacob Kilburn,0.0,0.16666666666666666,0.3333333333333333,0.0,0.22777777777777777,10.666666666666666,2.1666666666666665,2.3333333333333335,14.0,0.8333333333333334,0.3333333333333333,15.166666666666666,46.0,19.666666666666668,50.833333333333336,4.0,38.833333333333336,4.5,2.6666666666666665,43.5,1.6666666666666667,0.8333333333333334,0.16666666666666666,0.3333333333333333,0.8333333333333334,0.0,2.238888888888889,27.5,3.6666666666666665,1.1666666666666667,20.0,1.0,11.333333333333334,32.333333333333336,53.166666666666664,48.0,71.16666666666667,0.5,47.666666666666664,4.333333333333333,1.1666666666666667,38.166666666666664,1.5,13.5,0.16666666666666666,20.166666666666668,0.6666666666666666,0.0,18.166666666666668,0.5,2.1666666666666665,20.833333333333332,23.166666666666668,0.041666666666666664,0.2746781115879828,0.48148148148148145,0.0625,0.3218390804597701,0.5,0.39999999999999997,0.3297101449275362,0.38688524590163936,0.33333333333333337,0.423076923076923,0.15384615384615385,0.7142857142857143,0.4759825327510917,0.33333333333333337,0.16049382716049376,0.3918495297805642,0.32552693208430916
Sarah Moras,Orthodox,No,No,No,Sarah Moras,0.0,0.21097883597883596,0.24206349206349206,0.08333333333333333,0.8030974426807761,7.300264550264551,1.4517195767195767,1.8822751322751323,6.732142857142857,0.6997354497354498,3.2023809523809526,10.63425925925926,31.112433862433864,24.63227513227513,47.03174603174603,0.9583333333333334,26.630291005291003,2.3624338624338623,2.119708994708995,24.97023809523809,1.4563492063492063,4.685846560846561,0.0787037037037037,0.503968253968254,0.047619047619047616,0.21560846560846558,1.8746362433862434,12.90410052910053,2.44510582010582,1.3518518518518519,10.552248677248677,0.6673280423280423,5.481481481481481,16.7010582010582,33.55687830687831,29.46759259259259,47.482804232804234,0.7579365079365079,29.175264550264547,2.918650793650794,1.462962962962963,24.459656084656086,0.8723544973544973,8.224867724867725,0.25396825396825395,16.271164021164022,0.47354497354497355,0.1111111111111111,13.907407407407407,0.20502645502645503,2.7433862433862437,16.855820105820104,18.015211640211643,0.220151828847481,0.27413386315658766,0.614501679731243,0.09953198127925116,0.2696066746126341,0.48047229791099005,0.6834156669019055,0.3418009438374219,0.5237372032849589,0.33507853403141363,0.5577040781628997,0.1622479039202358,0.6555153707052441,0.568585566341292,0.23502653525398032,0.3335477645545192,0.5023059639717766,0.37940496420313674
Vanessa Melo,Orthodox,No,No,No,Vanessa Melo,0.0,0.0,0.0,0.0,0.03472222222222221,12.083333333333334,2.5,2.8333333333333335,16.583333333333332,0.6666666666666666,0.16666666666666666,17.416666666666668,56.583333333333336,23.166666666666668,62.333333333333336,0.25,48.083333333333336,4.916666666666667,3.5833333333333335,55.75,0.6666666666666666,0.16666666666666666,0.0,0.3333333333333333,0.0,0.0,1.2180555555555554,18.833333333333332,4.583333333333333,7.25,25.083333333333332,1.1666666666666667,4.416666666666667,30.666666666666668,75.08333333333333,41.916666666666664,87.33333333333333,1.1666666666666667,60.166666666666664,6.583333333333333,8.333333333333334,67.75,1.1666666666666667,6.166666666666667,0.8333333333333334,41.333333333333336,2.0,1.0833333333333333,42.666666666666664,0.0,1.75,44.416666666666664,45.416666666666664,0.0,0.2512998266897747,0.5084745762711864,0.0,0.2974588938714499,1.0,1.0,0.3078055964653903,0.3716577540106952,0.7142857142857143,0.6869806094182825,0.30379746835443044,0.96,0.6297662976629766,0.0,0.28378378378378377,0.5915649278579356,0.5200381679389313
Anthony Pettis,Orthodox,Yes,No,Yes,Anthony Pettis,0.043529411764705886,0.10392156862745099,0.133921568627451,0.13705882352941176,0.5267908496732027,8.374509803921569,2.8449019607843136,1.8837254901960783,11.755294117647058,0.6701960784313725,0.6776470588235294,13.103137254901961,28.30078431372549,20.18372549019608,35.671960784313725,0.45431372549019605,22.113333333333333,4.11,2.0774509803921566,26.34823529411765,0.9843137254901961,0.968235294117647,0.028431372549019607,1.314313725490196,0.011764705882352941,0.045098039215686274,2.1787843137254903,8.462941176470588,3.869607843137255,3.5707843137254898,11.801960784313724,2.2737254901960786,1.8276470588235294,15.903333333333332,31.42196078431373,24.042745098039216,40.82921568627451,2.009019607843137,21.278823529411767,5.694117647058823,4.449019607843137,25.343529411764706,3.304509803921569,2.773921568627451,0.6947058823529412,12.815882352941177,1.8245098039215688,0.878235294117647,13.54156862745098,1.0307843137254902,0.9462745098039216,15.518627450980393,16.786470588235296,0.22874406560207167,0.3787086133820426,0.6921902580983731,0.05002359603586598,0.4461510984104303,0.6808764940239043,0.6998784933171325,0.4629955519835936,0.5658148598064059,0.3457934803825883,0.602283407972577,0.32042011019283734,0.7045835169678273,0.5343205520997741,0.31193259360351266,0.34113239556089636,0.4938783915333351,0.41113869826008864
Carlton Minus,Orthodox,No,No,No,Carlton Minus,0.0,0.0,0.0,0.0,0.0,13.166666666666666,2.0,2.3333333333333335,17.333333333333332,0.16666666666666666,0.0,17.5,43.666666666666664,19.666666666666668,46.333333333333336,0.16666666666666666,38.166666666666664,3.0,2.5,43.0,0.5,0.16666666666666666,0.16666666666666666,1.1666666666666667,0.16666666666666666,0.0,1.9527777777777777,17.0,3.1666666666666665,4.666666666666667,20.666666666666668,1.3333333333333333,2.8333333333333335,24.833333333333332,50.0,33.0,60.166666666666664,2.8333333333333335,40.5,4.666666666666667,4.833333333333333,44.666666666666664,1.5,3.8333333333333335,1.6666666666666667,23.5,1.5,0.16666666666666666,24.0,0.16666666666666666,1.0,25.166666666666668,27.166666666666668,0.0,0.34497816593886466,0.6666666666666666,0.0,0.40310077519379844,0.3333333333333333,0.0,0.40076335877862596,0.4244604316546763,0.5882352941176471,0.5802469135802469,0.3214285714285715,0.7586206896551724,0.5373134328358209,0.11111111111111116,0.26086956521739124,0.5033333333333334,0.4515235457063712
Peter Barrett,Southpaw,No,No,No,Peter Barrett,0.0,0.0,0.0,0.0,0.44166666666666665,5.0,3.0,3.8333333333333335,10.5,1.3333333333333333,0.0,11.833333333333334,24.0,21.5,34.5,0.3333333333333333,15.833333333333334,4.0,4.166666666666667,22.333333333333332,1.6666666666666667,0.0,0.16666666666666666,0.5,0.8333333333333334,0.0,1.2722222222222224,9.666666666666666,2.6666666666666665,6.166666666666667,16.0,0.16666666666666666,2.3333333333333335,18.5,34.833333333333336,27.166666666666668,45.5,1.8333333333333333,23.333333333333332,4.666666666666667,6.833333333333333,30.833333333333332,0.5,3.5,1.3333333333333333,13.666666666666666,2.0,0.6666666666666666,14.833333333333334,0.3333333333333333,1.1666666666666667,16.333333333333332,18.333333333333332,0.0,0.3157894736842105,0.75,0.0,0.4701492537313433,0.7999999999999999,,0.4930555555555556,0.6231884057971014,0.7272727272727273,0.5857142857142857,0.4285714285714286,0.9268292682926829,0.48108108108108105,0.6666666666666667,0.33333333333333326,0.4688995215311005,0.40293040293040294
Junior Dos Santos,Orthodox,Yes,No,Yes,Junior Dos Santos,0.16020531400966184,0.11916666666666667,0.04,0.0,0.1334176731078905,12.62342995169082,7.9257487922705305,0.5495410628019324,18.431533816425123,1.8514371980676327,0.8157487922705314,21.098719806763285,44.42875603864734,23.06167874396135,46.6868115942029,0.2328623188405797,32.1424154589372,11.622125603864735,0.6642149758454107,39.99640096618357,3.094444444444444,1.3379106280193236,0.08580917874396135,0.3104227053140097,0.02222222222222222,0.0,0.8680744766505637,11.332234299516909,1.7136111111111112,2.1838768115942027,10.718659420289855,3.2929106280193237,1.2181521739130434,15.229722222222222,36.067270531400965,21.666014492753625,43.5079347826087,1.6081280193236716,31.36481884057971,2.128526570048309,2.5739251207729468,29.46419082125604,4.953381642512078,1.64969806763285,1.297705314009662,20.0325845410628,0.41491545893719806,0.39004830917874395,18.745531400966183,1.6604710144927537,0.4315458937198068,20.837548309178743,21.841920289855075,0.5117473160105804,0.3927343285017764,0.6819534620788267,0.17940978598832663,0.46082980896227993,0.5983100460541723,0.6097184484423944,0.47488882624600365,0.4939655966316817,0.8069664220858711,0.6386960065952845,0.194930833739971,0.8793971499758353,0.6362140238191369,0.3352196810845077,0.2615908342179435,0.5777412042044354,0.5020215369676863
Jose Quinonez,Southpaw,No,No,No,Jose Quinonez,0.14074074074074075,0.7417989417989418,0.2074074074074074,0.06666666666666667,1.1634391534391535,8.881481481481481,3.0878306878306874,4.605291005291005,12.805291005291005,0.8634920634920634,2.9058201058201063,16.574603174603173,35.384126984126986,20.026455026455025,39.84973544973545,1.6380952380952383,24.72063492063492,5.178835978835979,5.484656084656085,29.91957671957672,1.4994708994708994,3.965079365079365,0.09523809523809523,0.38730158730158726,0.28465608465608466,0.1037037037037037,0.17442680776014108,6.53968253968254,2.4497354497354498,3.899470899470899,10.856084656084656,1.1354497354497355,0.8973544973544972,12.888888888888888,36.714285714285715,15.466666666666667,39.74708994708995,0.6391534391534391,26.409523809523808,4.92910052910053,5.375661375661376,33.13333333333333,2.022222222222222,1.5587301587301585,0.2518518518518518,19.86984126984127,2.4793650793650794,1.4761904761904763,22.27724867724868,0.8867724867724868,0.6613756613756614,23.825396825396826,24.280423280423282,0.45284237726098187,0.35927400368134926,0.5962402942378422,0.13524985529616051,0.42799037985428307,0.5758645024700071,0.7328529490258875,0.46841916382558757,0.5025492591215678,0.39403973509933776,0.7523740834234883,0.5030055817947617,0.9279527559055119,0.6723515697358755,0.4385138670852956,0.4243041412084182,0.6489407695633377,0.6108729799526105
Matt Wiman,Orthodox,No,No,No,Matt Wiman,0.027777777777777776,0.6166666666666667,0.3962962962962963,0.14074074074074075,1.6033024691358024,10.02037037037037,1.6759259259259258,2.3703703703703707,6.0740740740740735,3.4555555555555557,4.537037037037037,14.066666666666668,27.962962962962962,21.933333333333334,37.25,1.6796296296296296,22.7,2.3222222222222224,2.940740740740741,15.066666666666665,5.127777777777777,7.768518518518519,0.07407407407407407,0.4481481481481482,0.2759259259259259,0.11666666666666665,1.4863580246913581,11.103703703703703,2.988888888888889,1.098148148148148,6.596296296296297,4.548148148148148,4.046296296296297,15.190740740740742,30.979629629629628,32.03333333333334,50.86666666666667,1.0333333333333334,25.75740740740741,3.727777777777778,1.4944444444444445,17.72037037037037,6.8500000000000005,6.409259259259259,0.5851851851851851,14.653703703703703,0.7388888888888889,0.3962962962962963,11.124074074074073,2.301851851851852,2.3629629629629627,15.78888888888889,18.833333333333332,0.36714443219404636,0.4414260075053027,0.7216905901116426,0.2096977329974811,0.4031465093411996,0.6738894907908993,0.5840286054827175,0.5030463576158941,0.5888143176733781,0.5663082437275986,0.5689122151125172,0.1982116244411326,0.7001239157372986,0.6277562963737067,0.3360367666937011,0.36867957237792537,0.5096538944348137,0.3702490170380077
Rachael Ostovich,Orthodox,No,No,No,Rachael Ostovich,0.0,0.4444444444444444,0.25,0.1111111111111111,0.16620370370370371,6.25,3.6666666666666665,0.4444444444444444,8.694444444444445,1.5,0.16666666666666666,10.361111111111112,23.38888888888889,12.666666666666666,26.333333333333332,0.611111111111111,17.527777777777775,5.138888888888889,0.7222222222222222,21.472222222222225,1.6666666666666667,0.25,0.16666666666666666,0.8055555555555557,0.47222222222222215,0.0,1.888888888888889,14.805555555555555,2.111111111111111,1.4722222222222223,9.444444444444445,2.3333333333333335,6.611111111111111,18.38888888888889,40.44444444444444,29.11111111111111,54.75,2.5833333333333335,35.52777777777778,3.361111111111111,1.5555555555555556,26.833333333333332,4.111111111111112,9.5,1.7777777777777777,20.72222222222222,1.25,0.08333333333333333,17.38888888888889,1.7777777777777777,2.888888888888889,22.055555555555554,25.63888888888889,0.7272727272727273,0.3565768621236134,0.7135135135135134,0.6153846153846153,0.4049159120310478,0.8999999999999999,0.6666666666666666,0.4429928741092637,0.4810126582278481,0.6881720430107526,0.583268178264269,0.371900826446281,0.4821428571428571,0.6480331262939958,0.43243243243243246,0.3040935672514621,0.5453296703296703,0.46829020801623544
Spike Carlyle,Switch,No,No,No,Spike Carlyle,0.0,1.0,0.1111111111111111,0.611111111111111,1.9324074074074076,8.888888888888888,0.7222222222222222,1.0,4.777777777777778,1.1111111111111112,4.722222222222222,10.61111111111111,19.61111111111111,15.944444444444443,27.388888888888886,2.8888888888888893,16.777777777777775,1.5555555555555556,1.277777777777778,9.555555555555555,1.5555555555555554,8.5,0.0,0.5,0.3333333333333333,0.27777777777777773,1.4249999999999998,13.5,3.611111111111111,1.1111111111111112,8.11111111111111,3.1666666666666665,6.944444444444444,18.22222222222222,25.777777777777775,34.44444444444444,44.27777777777777,1.0,19.22222222222222,4.833333333333333,1.722222222222222,14.055555555555555,3.3333333333333335,8.38888888888889,0.5,5.722222222222221,1.2222222222222223,0.611111111111111,5.944444444444444,0.16666666666666666,1.4444444444444446,7.555555555555556,9.833333333333334,0.3461538461538461,0.5298013245033113,0.46428571428571425,0.7826086956521738,0.5,0.7142857142857144,0.5555555555555556,0.5410764872521246,0.5821501014198783,0.5,0.29768786127167624,0.2528735632183907,0.7096774193548387,0.42292490118577075,0.050000000000000044,0.17218543046357626,0.293103448275862,0.22208281053952317
Alan Jouban,Southpaw,No,No,No,Alan Jouban,0.2948717948717949,0.1923076923076923,0.1111111111111111,0.05555555555555555,0.2707264957264957,15.669871794871796,5.384615384615384,5.018162393162393,21.836538461538463,2.9006410256410255,1.3354700854700854,26.07264957264957,52.27564102564103,28.16025641025641,54.488247863247864,0.3664529914529915,38.243589743589745,8.090811965811966,5.941239316239316,45.32692307692307,4.694444444444445,2.2542735042735043,0.07692307692307693,0.24145299145299146,0.0673076923076923,0.0,0.4408475783475783,13.00534188034188,2.4070512820512824,1.8344017094017093,14.75320512820513,1.810897435897436,0.6826923076923078,17.246794871794872,43.65384615384615,19.582264957264957,46.49679487179487,0.6079059829059829,37.31837606837607,3.9626068376068377,2.372863247863248,39.41559829059829,3.013888888888889,1.2243589743589742,0.3664529914529915,24.31303418803419,1.5555555555555556,0.5384615384615384,24.662393162393162,1.202991452991453,0.5416666666666666,26.40705128205128,26.91452991452991,0.5247813411078717,0.4097385182701978,0.665522250099036,0.032368279086495234,0.4817564700890964,0.6178880291306327,0.5924170616113744,0.4987533210709176,0.5168133958157682,0.6028119507908611,0.651503006012024,0.3925586411431652,0.8982440342188204,0.6257013525601063,0.3991492378589153,0.44240837696335067,0.6049192364170337,0.5788469934054824
Geraldo de Freitas,Orthodox,No,No,No,Geraldo de Freitas,0.0,1.0,0.0,0.2222222222222222,0.9740740740740742,13.111111111111109,4.0,1.2222222222222223,15.555555555555557,2.111111111111111,0.6666666666666666,18.333333333333332,35.111111111111114,25.88888888888889,43.88888888888889,2.2222222222222223,28.88888888888889,4.888888888888889,1.3333333333333333,31.444444444444443,2.6666666666666665,1.0,0.0,1.2222222222222223,0.0,0.1111111111111111,1.8944444444444442,7.333333333333333,1.7777777777777777,4.0,8.777777777777777,1.6666666666666667,2.6666666666666665,13.111111111111109,26.444444444444446,18.11111111111111,32.333333333333336,3.0,18.777777777777775,2.2222222222222223,5.4444444444444455,20.666666666666668,1.8888888888888886,3.8888888888888893,1.777777777777778,11.444444444444443,0.4444444444444444,1.4444444444444446,11.888888888888888,0.2222222222222222,1.222222222222222,13.333333333333334,14.222222222222221,0.44999999999999996,0.4538461538461538,0.8181818181818181,0.75,0.4946996466431096,0.7916666666666667,0.6666666666666666,0.5221518987341771,0.5898734177215189,0.5925925925925926,0.6094674556213018,0.20000000000000007,0.7755102040816326,0.5752688172043012,0.11764705882352922,0.3142857142857144,0.504201680672269,0.43986254295532656
Paul Felder,Orthodox,No,No,No,Paul Felder,0.04205128205128205,0.15454545454545454,0.0468997668997669,0.0,0.4666099456099456,12.243496503496504,3.0557109557109556,3.195990675990676,14.366899766899767,2.601258741258741,1.527039627039627,18.495198135198134,39.81850815850816,23.606806526806526,45.352634032634036,0.31342657342657343,31.861911421911422,4.180839160839161,3.775757575757576,34.126060606060605,3.537808857808858,2.1546386946386944,0.01818181818181818,0.657016317016317,0.026666666666666665,0.033566433566433566,1.5986674436674435,8.47986013986014,4.154498834498835,3.5916083916083914,13.155664335664335,2.162191142191142,0.9081118881118881,16.225967365967367,32.350582750582745,23.213379953379953,40.16988344988344,2.4142191142191143,22.65011655011655,5.431142191142191,4.269324009324009,28.084522144522147,2.8413519813519814,1.4247086247086247,1.757202797202797,14.17025641025641,1.2766433566433566,0.6777156177156177,14.92885780885781,0.6791608391608392,0.5165967365967365,16.124615384615385,16.956503496503494,0.4930834448906738,0.3842674829318826,0.7308845995160516,0.040930979133226325,0.4209949672406162,0.7352739635769443,0.7087218988683818,0.4644874705394054,0.5205167688787373,0.7278555566283673,0.6256151653305067,0.23505982935329361,0.8461076471166341,0.5315688738456841,0.2390273516333865,0.362598167539267,0.49843353700714765,0.42211980818064065
Claudia Gadelha,Orthodox,No,No,Yes,Claudia Gadelha,0.016666666666666666,0.6348484848484848,0.13636363636363638,0.0,1.1263636363636365,12.474242424242425,1.5090909090909093,0.44696969696969696,11.892424242424243,1.45,1.087878787878788,14.430303030303032,37.44848484848485,19.669696969696968,43.192424242424245,2.031818181818182,33.61969696969697,3.224242424242424,0.6045454545454545,33.5469696969697,2.456060606060606,1.4454545454545455,0.03484848484848485,0.12575757575757573,0.0,0.0,0.3932323232323232,23.03636363636364,6.480303030303031,4.278787878787879,28.43181818181818,3.525757575757576,1.837878787878788,33.79545454545455,67.67272727272727,42.05151515151515,76.97424242424242,0.30303030303030304,54.365151515151524,7.910606060606061,5.3969696969696965,60.47878787878788,4.616666666666666,2.577272727272727,0.17727272727272728,31.328787878787875,1.4303030303030302,1.1181818181818182,32.0469696969697,1.090909090909091,0.7393939393939394,33.877272727272725,34.92272727272727,0.31245339299030567,0.37103970435801525,0.46804511278195493,1.050125313283208,0.3545007000587146,0.5903763109191856,0.7526205450733752,0.38533743324162484,0.4553969200547233,0.5850000000000001,0.5762659903570135,0.18080827427695834,0.976698483997754,0.5298877643050406,0.23629799803084994,0.2868900646678424,0.5006045137023105,0.4536936795071157
Eduardo Garagorri,Orthodox,No,No,No,Eduardo Garagorri,0.0,0.1111111111111111,0.0,0.0,0.3435185185185185,11.833333333333334,3.3333333333333335,1.111111111111111,13.444444444444443,1.5555555555555556,1.2777777777777777,16.27777777777778,31.777777777777775,18.5,34.166666666666664,0.1111111111111111,25.111111111111114,5.166666666666667,1.5,28.222222222222218,1.9444444444444446,1.611111111111111,0.0,1.6666666666666667,0.27777777777777773,0.0,1.6407407407407408,7.166666666666667,3.0555555555555554,0.611111111111111,8.166666666666666,2.3333333333333335,0.3333333333333333,10.833333333333334,25.833333333333332,27.722222222222225,43.77777777777778,4.611111111111111,21.22222222222222,3.6666666666666665,0.9444444444444445,22.722222222222225,2.7777777777777772,0.3333333333333333,2.9444444444444446,14.055555555555555,0.611111111111111,0.3333333333333333,14.555555555555555,0.4444444444444444,0.0,15.0,16.055555555555554,1.0,0.4712389380530973,0.6451612903225806,0.07407407407407407,0.47637795275590555,0.7999999999999999,0.7931034482758621,0.5122377622377623,0.5414634146341464,0.6385542168674698,0.662303664921466,0.16666666666666674,-0.7647058823529411,0.6405867970660147,0.1599999999999998,0.0,0.5806451612903225,0.3667512690355329
Bevon Lewis,Orthodox,No,No,No,Bevon Lewis,0.0,0.0,0.0,0.0,1.3166666666666667,5.916666666666667,3.0,4.5,9.5,3.9166666666666665,0.0,13.416666666666666,33.166666666666664,23.0,43.75,1.1666666666666667,22.0,5.083333333333333,6.083333333333333,27.333333333333332,5.833333333333333,0.0,0.25,0.08333333333333333,0.0,0.0,0.3597222222222222,5.416666666666667,2.5,3.3333333333333335,8.916666666666666,2.25,0.08333333333333333,11.25,23.75,15.666666666666666,28.916666666666668,0.16666666666666666,16.333333333333332,3.4166666666666665,4.0,20.5,3.1666666666666665,0.08333333333333333,0.08333333333333333,10.916666666666666,0.9166666666666666,0.6666666666666666,11.583333333333334,0.9166666666666666,0.0,12.5,13.25,0.0,0.268939393939394,0.5901639344262295,0.0,0.34756097560975613,0.6714285714285715,,0.40452261306532666,0.5257142857142857,0.5,0.6683673469387754,0.2682926829268293,0.9791666666666666,0.5650406504065041,0.2894736842105263,0.0,0.5263157894736843,0.4582132564841499
Cole Williams,Orthodox,No,No,No,Cole Williams,0.0,0.0,0.0,0.0,0.0,1.0,0.0,0.0,1.0,0.0,0.0,1.0,4.0,6.5,9.5,0.0,3.25,0.75,0.0,4.0,0.0,0.0,0.0,1.0,0.75,0.0,2.3041666666666667,11.75,1.75,1.5,4.5,0.25,10.25,15.0,20.0,24.0,31.5,1.25,16.5,2.0,1.5,7.5,0.25,12.25,0.25,4.75,0.25,0.0,3.0,0.0,2.0,5.0,7.5,,0.3076923076923077,0.0,,0.25,,,0.25,0.6842105263157895,0.19999999999999996,0.28787878787878785,0.125,0.33333333333333337,0.4,0.0,0.16326530612244894,0.25,0.23809523809523814
Justin Ledet,Orthodox,No,No,No,Justin Ledet,0.0,0.047619047619047616,0.047619047619047616,0.0,0.15753968253968254,14.166666666666666,1.0833333333333333,0.09523809523809523,14.61904761904762,0.6785714285714285,0.047619047619047616,15.345238095238095,38.69047619047619,17.833333333333332,41.30952380952381,0.09523809523809523,37.035714285714285,1.4642857142857142,0.19047619047619047,37.702380952380956,0.9404761904761904,0.047619047619047616,0.2261904761904762,0.2976190476190476,0.0,0.0,0.9011904761904762,14.345238095238095,3.345238095238095,4.083333333333333,13.952380952380954,1.6785714285714286,6.142857142857143,21.773809523809522,42.26190476190476,34.51190476190476,56.214285714285715,0.5119047619047619,30.857142857142858,5.666666666666667,5.738095238095238,32.05952380952381,2.5238095238095237,7.678571428571428,0.21428571428571427,16.511904761904763,2.3214285714285716,1.6547619047619049,18.107142857142858,0.8452380952380952,1.5357142857142858,20.488095238095237,21.702380952380953,0.5,0.3825136612021858,0.7398373983739838,0.25,0.38774865803599623,0.7215189873417721,1.0,0.3966153846153846,0.431700288184438,0.41860465116279066,0.535108024691358,0.4096638655462186,0.9481327800829875,0.564797623468251,0.33490566037735847,0.19999999999999984,0.48478873239436626,0.38606522659889886
Jack Marshman,Orthodox,No,No,No,Jack Marshman,0.13888888888888887,0.0,0.0,0.0,0.014583333333333328,8.319444444444445,2.9305555555555554,1.611111111111111,12.166666666666666,0.2222222222222222,0.47222222222222215,12.861111111111112,51.208333333333336,14.555555555555555,53.31944444444445,0.0,41.416666666666664,7.097222222222221,2.6944444444444446,49.916666666666664,0.4861111111111111,0.8055555555555557,0.09722222222222221,0.40277777777777773,0.08333333333333333,0.0,0.8881944444444444,14.597222222222221,3.2916666666666665,1.9583333333333333,16.555555555555554,1.4027777777777777,1.888888888888889,19.847222222222225,45.52777777777778,29.055555555555557,55.90277777777778,0.4861111111111111,37.93055555555556,5.375,2.222222222222222,40.5,1.861111111111111,3.1666666666666665,0.08333333333333333,23.333333333333332,2.0833333333333335,0.2638888888888889,23.944444444444443,0.4583333333333333,1.277777777777778,25.680555555555557,26.847222222222225,,0.20087189805499667,0.4129158512720157,0.0,0.24373956594323873,0.45714285714285713,0.586206896551724,0.25115269867100626,0.27298775722844487,0.17142857142857149,0.6151592823141707,0.3875968992248062,0.81875,0.5912208504801097,0.24626865671641784,0.4035087719298245,0.5640634533251982,0.48024844720496895
Anderson Silva,Southpaw,Yes,No,Yes,Anderson Silva,0.1748235294117647,0.02776470588235294,0.12329411764705882,0.008,0.2160326797385621,7.602901960784314,2.6178039215686275,3.792235294117647,10.467529411764705,1.3489411764705883,2.196470588235294,14.012941176470587,24.424627450980392,16.730039215686276,27.538039215686275,0.03576470588235294,16.433568627450978,3.526980392156863,4.464078431372549,19.986823529411765,1.631529411764706,2.8062745098039215,0.09286274509803921,0.1988235294117647,0.064,0.03333333333333333,0.9318274509803921,6.795607843137255,1.3581960784313725,3.0134117647058822,7.68886274509804,0.9020392156862744,2.5763137254901958,11.16721568627451,28.718196078431372,20.754980392156863,39.92141176470589,1.2799215686274512,21.97905882352941,2.612941176470588,4.126196078431373,22.675372549019606,1.656313725490196,4.386509803921569,1.0810980392156864,15.183450980392157,1.2547450980392156,1.11278431372549,14.98650980392157,0.7542745098039216,1.8101960784313724,17.550980392156866,19.16643137254902,0.7763157894736842,0.4626446107441488,0.742222419889257,0.006219582901417854,0.5237215106423054,0.8267955004326507,0.7826998323085522,0.5737217979923831,0.6075247073566689,0.8446595992401496,0.6908144294212316,0.480204112261744,0.9518143283468607,0.6609157036570729,0.45539350317264893,0.4126734372764984,0.6111449460204229,0.4801040475601084
Alexander Yakovlev,Southpaw,No,No,No,Alexander Yakovlev,0.08465608465608465,0.528042328042328,0.047619047619047616,0.047619047619047616,0.7162610229276897,4.428571428571428,2.091005291005291,2.0656084656084657,6.423280423280423,0.9185185185185185,1.2433862433862435,8.585185185185184,18.36084656084656,11.505820105820106,21.842328042328045,1.5481481481481483,12.875132275132275,2.8433862433862434,2.642328042328042,15.46031746031746,1.2391534391534391,1.6613756613756614,0.037037037037037035,0.5502645502645502,0.12169312169312169,0.0,1.9500705467372133,7.571428571428572,1.9925925925925927,1.8507936507936507,6.7005291005291,1.3333333333333333,3.380952380952381,11.414814814814816,27.674074074074074,24.46243386243386,41.733333333333334,1.8052910052910054,22.70793650793651,2.9195767195767197,2.0465608465608462,21.28571428571429,1.9671957671957674,4.421164021164021,1.255026455026455,15.136507936507938,0.9269841269841269,0.19576719576719573,14.585185185185184,0.6338624338624338,1.0402116402116401,16.25925925925926,17.27089947089947,0.34107997265892,0.3439631790909838,0.7353926311871977,0.1998398077693232,0.41546885694729635,0.7412467976088813,0.748407643312102,0.46758111924384754,0.5267671139964148,0.6951934349355218,0.6665734656787361,0.3175063428778543,0.7311271975180972,0.6852100422570222,0.3222162452931685,0.23528003829583533,0.587526766595289,0.41383944419088203
Khabib Nurmagomedov,Orthodox,Yes,No,Yes,Khabib Nurmagomedov,0.03076923076923077,1.313076923076923,0.4228205128205128,0.0,2.256119658119658,18.819230769230767,1.3333333333333333,0.7005128205128205,13.029743589743589,0.45384615384615384,7.369487179487178,20.853076923076923,45.35435897435897,29.452820512820512,55.05307692307692,2.9617948717948717,42.61948717948718,1.9810256410256408,0.7538461538461538,34.629487179487185,0.677948717948718,10.046923076923076,0.0,0.03538461538461539,0.03666666666666667,0.0,0.04205128205128204,6.125384615384616,2.8423076923076924,0.8341025641025641,9.09051282051282,0.5356410256410257,0.17564102564102563,9.801794871794872,27.112051282051283,12.367435897435897,30.09666666666667,0.3161538461538462,21.396410256410256,4.583333333333333,1.1323076923076925,26.285897435897436,0.6138461538461539,0.2123076923076923,0.28076923076923077,15.271025641025641,1.7410256410256408,0.29820512820512823,17.195384615384615,0.0782051282051282,0.03666666666666667,17.310256410256407,17.72923076923077,0.4433382391134967,0.44156398902632715,0.6730520320994047,1.7418367346938775,0.3762615230831882,0.6694402420574885,0.7335068779827987,0.45978109700252145,0.5349895438900455,0.8880778588807786,0.7137190518419096,0.3798601398601398,0.96875,0.65416768277813,0.12740183792815374,0.17270531400966194,0.6384709231394876,0.5890762244732786
Liliya Shakirova,Orthodox,No,No,No,Liliya Shakirova,0.0,0.0,0.0,0.0,0.24166666666666664,3.5,3.5,4.5,11.5,0.0,0.0,11.5,37.5,13.5,40.0,1.5,22.5,8.5,6.5,37.5,0.0,0.0,0.0,0.5,0.5,0.0,0.5833333333333333,8.0,3.0,0.0,6.0,4.0,1.0,11.0,42.5,16.0,48.0,0.5,39.0,3.5,0.0,36.0,5.5,1.0,0.0,31.0,0.5,0.0,30.0,1.5,0.0,31.5,32.0,0.0,0.15555555555555556,0.4117647058823529,0.0,0.30666666666666664,,,0.30666666666666664,0.3375,0.0,0.7948717948717949,0.1428571428571429,-inf,0.8333333333333334,0.2727272727272727,0.0,0.7411764705882353,0.6666666666666667
Stefan Struve,Orthodox,No,No,No,Stefan Struve,0.05833333333333333,0.15595238095238095,0.35000000000000003,0.09999999999999999,0.3880555555555556,7.715476190476191,3.2206349206349203,3.7865079365079364,12.676984126984129,0.8464285714285715,1.1992063492063492,14.722619047619048,30.872619047619043,18.24206349206349,35.23650793650794,0.31746031746031744,21.80952380952381,4.861111111111112,4.201984126984127,27.803968253968254,1.361111111111111,1.7075396825396825,0.223015873015873,0.478968253968254,0.05555555555555555,0.049999999999999996,1.2156150793650793,10.33095238095238,3.3900793650793646,3.2376984126984127,12.61626984126984,1.451984126984127,2.8904761904761904,16.95873015873016,32.14722222222222,23.21428571428571,39.15992063492064,1.2769841269841269,23.312301587301587,4.696825396825397,4.1380952380952385,24.927380952380947,2.544047619047619,4.675793650793651,0.798015873015873,12.981349206349208,1.3067460317460318,0.9003968253968253,12.311111111111112,1.092063492063492,1.7853174603174604,15.188492063492063,15.945634920634921,0.49125,0.35376637554585155,0.6625306122448978,0.0371139862121069,0.45594154083292904,0.6218658892128281,0.7023007204276086,0.47688273628195743,0.5177035001576646,0.6249223119950279,0.5568454559381756,0.2782189929030079,0.8842539317222862,0.49387904548131867,0.4292622055841522,0.38182126792837134,0.4724667020528076,0.40719272823079977
James Krause,Orthodox,No,No,No,James Krause,0.1037037037037037,0.2435897435897436,0.3022792022792023,0.11396011396011396,0.9719895536562203,18.676068376068375,3.2521367521367517,2.937037037037037,22.984900284900288,1.1247863247863248,0.7555555555555555,24.865242165242165,49.47264957264957,28.894586894586894,54.45327635327635,1.6504273504273506,41.15498575498575,4.651566951566951,3.6660968660968662,46.47777777777778,1.7370370370370372,1.2578347578347577,0.05897435897435898,0.39059829059829054,0.03333333333333333,0.05897435897435898,0.5767948717948718,12.687749287749286,4.7675213675213675,3.6484330484330485,16.952706552706555,2.028205128205128,2.1227920227920225,21.103703703703705,55.452136752136745,25.257549857549858,60.24928774928775,1.166096866096866,42.713960113960106,8.263817663817663,4.4743589743589745,49.40968660968661,2.954985754985755,3.087464387464388,0.7754985754985756,30.02621082621083,3.4962962962962965,0.825925925925926,32.45698005698006,0.9267806267806268,0.9646723646723646,34.348433048433044,34.99173789173789,0.14759192128430865,0.45379844102620903,0.6991486494763275,0.06644389182468138,0.4945352679036638,0.6475315729047072,0.6006795016987543,0.5026058313033763,0.5306308238851887,0.6650378695333496,0.7029601269959846,0.4230848789905537,0.9127029608404966,0.6568950803791775,0.313632857693791,0.31244809449109556,0.6194248781064238,0.5807825984158884
Gadzhimurad Antigulov,Orthodox,No,No,No,Gadzhimurad Antigulov,0.0,1.0,0.16666666666666666,0.0,1.4430555555555555,3.5833333333333335,1.6666666666666665,0.8333333333333333,2.583333333333333,1.8333333333333335,1.6666666666666667,6.083333333333334,11.916666666666668,11.75,18.916666666666668,3.25,8.916666666666668,2.1666666666666665,0.8333333333333333,6.75,2.9166666666666665,2.25,0.25,0.5,0.08333333333333333,0.08333333333333333,1.2541666666666667,12.916666666666666,2.833333333333333,1.0833333333333335,7.916666666666667,4.083333333333334,4.833333333333333,16.833333333333332,36.333333333333336,31.25,59.75,0.5,32.166666666666664,3.083333333333333,1.0833333333333335,18.0,5.5,12.833333333333334,0.0,19.25,0.25,0.0,10.083333333333334,1.4166666666666667,8.0,19.5,28.5,0.3076923076923077,0.40186915887850466,0.7692307692307692,1.2000000000000002,0.38271604938271603,0.6285714285714287,0.7407407407407408,0.5104895104895105,0.6211453744493391,0.0,0.5984455958549222,0.08108108108108114,0.5384615384615385,0.5601851851851851,0.25757575757575746,0.6233766233766234,0.536697247706422,0.4769874476987448
John Phillips,Southpaw,No,No,No,John Phillips,0.1111111111111111,0.0,0.0,0.1111111111111111,0.11249999999999999,3.4722222222222228,2.111111111111111,1.8333333333333333,6.444444444444444,0.75,0.2222222222222222,7.416666666666667,21.972222222222218,8.63888888888889,23.555555555555557,0.0,16.36111111111111,3.5,2.111111111111111,19.666666666666668,1.5277777777777777,0.7777777777777778,0.0,1.0,0.3611111111111111,0.0,2.049074074074074,11.166666666666666,3.1388888888888893,1.361111111111111,9.472222222222223,0.75,5.4444444444444455,15.666666666666666,33.05555555555556,47.22222222222222,72.61111111111111,1.0833333333333333,27.61111111111111,3.8333333333333335,1.611111111111111,24.916666666666668,0.8333333333333334,7.305555555555556,0.08333333333333333,16.444444444444443,0.6944444444444445,0.25,15.444444444444445,0.08333333333333333,1.861111111111111,17.38888888888889,25.38888888888889,,0.21222410865874367,0.6031746031746031,0.0,0.32768361581920896,0.49090909090909096,0.2857142857142857,0.3375474083438686,0.36674528301886794,0.07692307692307687,0.5955734406438632,0.181159420289855,0.3793103448275862,0.6198439241917503,0.10000000000000009,0.2547528517110266,0.5260504201680672,0.34965570007651114
Ali AlQaisi,Orthodox,No,No,No,Ali AlQaisi,0.0,1.1666666666666667,0.3333333333333333,0.0,1.3194444444444444,6.666666666666667,1.6666666666666667,3.8333333333333335,10.5,1.5,0.16666666666666666,12.166666666666666,28.666666666666668,18.666666666666668,36.833333333333336,4.0,21.333333333333332,2.5,4.833333333333333,26.166666666666668,2.0,0.5,0.0,0.3333333333333333,0.6666666666666666,0.0,0.49444444444444446,6.833333333333333,1.6666666666666667,1.3333333333333333,8.166666666666666,1.1666666666666667,0.5,9.833333333333334,22.5,17.666666666666668,31.833333333333332,0.8333333333333334,17.333333333333332,3.1666666666666665,2.0,20.0,2.0,0.5,0.5,10.5,1.5,0.6666666666666666,11.833333333333334,0.8333333333333334,0.0,12.666666666666666,14.166666666666666,0.2916666666666667,0.31250000000000006,0.6666666666666667,0.24137931034482762,0.40127388535031844,0.75,0.3333333333333333,0.42441860465116277,0.5067873303167421,0.6000000000000001,0.6057692307692308,0.4736842105263157,0.8333333333333334,0.5916666666666667,0.41666666666666663,0.0,0.5629629629629629,0.4450261780104712
Dequan Townsend,Orthodox,No,No,No,Dequan Townsend,0.0,0.0,0.0,0.0,0.034259259259259246,2.0833333333333335,2.611111111111111,0.5277777777777778,3.1666666666666665,1.8055555555555556,0.25,5.222222222222222,15.166666666666666,13.222222222222221,24.166666666666668,0.0,11.138888888888888,3.4166666666666665,0.611111111111111,12.861111111111112,2.055555555555556,0.25,0.1111111111111111,0.6944444444444445,0.0,0.0,2.658333333333333,10.861111111111112,3.972222222222222,1.888888888888889,6.583333333333333,3.027777777777778,7.111111111111111,16.72222222222222,27.333333333333332,34.69444444444444,48.44444444444445,1.3333333333333333,20.38888888888889,4.972222222222222,1.9722222222222223,13.916666666666666,4.194444444444445,9.222222222222223,0.6388888888888888,9.527777777777777,1.0,0.08333333333333333,7.333333333333333,1.1666666666666667,2.111111111111111,10.61111111111111,13.75,,0.1870324189526185,0.7642276422764228,0.0,0.24622030237580989,0.8783783783783783,1.0,0.3443223443223443,0.5471264367816091,0.4791666666666665,0.46730245231607626,0.2011173184357543,0.647887323943662,0.5269461077844311,0.2781456953642384,0.22891566265060248,0.3882113821138211,0.2838302752293579
Germaine de Randamie,Orthodox,Yes,No,Yes,Germaine de Randamie,0.04444444444444444,0.0,0.17333333333333334,0.0,0.26225925925925925,4.9511111111111115,4.3422222222222215,2.477777777777778,6.857777777777779,4.4911111111111115,0.4222222222222222,11.77111111111111,23.157777777777778,26.413333333333334,40.38444444444444,0.02222222222222222,15.088888888888889,5.122222222222222,2.9466666666666668,17.295555555555556,5.062222222222222,0.8,0.0,0.6422222222222222,0.04444444444444444,0.0,2.4939999999999998,4.837777777777778,2.608888888888889,3.1333333333333333,5.826666666666666,1.9266666666666665,2.8266666666666667,10.58,28.882222222222218,26.67111111111111,49.751111111111115,2.0488888888888885,20.386666666666667,4.435555555555555,4.0600000000000005,19.351111111111113,2.546666666666667,6.984444444444445,1.4066666666666667,15.548888888888888,1.8266666666666667,0.9266666666666665,13.524444444444445,0.62,4.1577777777777785,18.30222222222222,23.080000000000002,0.0,0.32812960235640654,0.8477223427331887,0.0,0.39650520364897857,0.8871817383669887,0.5277777777777778,0.5083005469724594,0.6540472128982557,0.6865509761388285,0.76269893176368,0.4118236472945891,0.8418171866447729,0.6988975654570511,0.24345549738219907,0.5952911231307668,0.6336846964684157,0.46390923709129894
Jessin Ayari,Orthodox,No,No,No,Jessin Ayari,0.0,0.0,0.1111111111111111,0.0,0.11388888888888886,12.527777777777779,2.111111111111111,2.25,14.444444444444443,2.0,0.4444444444444444,16.88888888888889,44.888888888888886,18.61111111111111,46.833333333333336,0.8888888888888888,38.611111111111114,3.6388888888888893,2.638888888888889,41.05555555555555,3.2777777777777772,0.5555555555555556,0.3055555555555555,0.16666666666666666,0.0,0.0,0.3782407407407407,9.583333333333334,1.4166666666666667,6.166666666666667,15.111111111111112,0.4444444444444444,1.611111111111111,17.166666666666668,41.5,18.11111111111111,42.666666666666664,0.3333333333333333,31.777777777777782,2.25,7.472222222222221,38.52777777777778,0.5555555555555555,2.4166666666666665,0.16666666666666666,22.194444444444443,0.8333333333333334,1.3055555555555556,23.416666666666668,0.1111111111111111,0.8055555555555555,24.333333333333332,24.555555555555557,0.0,0.32446043165467625,0.5801526717557252,0.0,0.35182679296346414,0.6101694915254239,0.7999999999999999,0.3762376237623763,0.3973902728351127,0.5,0.6984265734265734,0.37037037037037035,0.9776951672862454,0.6077865897620764,0.19999999999999996,0.33333333333333337,0.5863453815261044,0.5755208333333333
Diego Sanchez,Southpaw,No,No,Yes,Diego Sanchez,0.04310897435897436,0.25480769230769235,0.13846153846153847,0.022275641025641023,1.1716266025641024,5.7891025641025635,2.0229166666666667,0.5543269230769231,4.875480769230769,1.0001602564102563,2.490705128205128,8.366346153846155,26.519391025641028,11.125160256410258,29.730128205128203,2.9235576923076922,22.840865384615384,2.9674679487179487,0.7110576923076923,20.60096153846154,1.9568910256410255,3.9615384615384612,0.07644230769230768,0.26810897435897435,0.0751602564102564,0.021634615384615384,0.5821127136752138,11.027564102564103,1.4709935897435897,0.7735576923076923,8.869070512820512,3.1165064102564104,1.2865384615384614,13.272115384615384,28.219871794871796,23.502884615384616,39.31907051282052,0.510897435897436,25.391185897435896,1.8907051282051281,0.9379807692307693,21.70945512820513,4.25448717948718,2.255929487179487,0.24278846153846154,14.363621794871795,0.4197115384615385,0.16442307692307692,12.840384615384616,1.1379807692307693,0.9693910256410255,14.947756410256408,15.816185897435897,0.08715671764512417,0.25345373157366674,0.6816978992277367,0.3583502366463827,0.23666277712952158,0.5110965522889198,0.6287216828478964,0.3154803270466096,0.374204920330322,0.475219573400251,0.5656932233449675,0.2219867774199017,0.7141636767469675,0.5914650800563975,0.2674777761036613,0.42970803438232585,0.5296890261908549,0.40225228346328323
Jeff Hughes,Orthodox,No,No,No,Jeff Hughes,0.0,0.0,0.0,0.16666666666666666,0.33194444444444443,8.5,2.3333333333333335,4.416666666666667,13.666666666666666,1.0833333333333333,0.5,15.25,33.0,18.583333333333332,36.666666666666664,0.08333333333333333,23.5,3.3333333333333335,6.166666666666667,30.666666666666668,1.5,0.8333333333333334,0.25,0.5,0.08333333333333333,0.0,0.41805555555555546,11.416666666666666,2.1666666666666665,4.583333333333333,14.416666666666666,2.9166666666666665,0.8333333333333334,18.166666666666668,46.416666666666664,20.666666666666668,49.166666666666664,0.8333333333333334,36.083333333333336,4.0,6.333333333333333,41.083333333333336,4.25,1.0833333333333333,0.3333333333333333,24.666666666666668,1.8333333333333333,1.75,26.666666666666668,1.3333333333333333,0.25,28.25,28.5,0.0,0.3617021276595745,0.7000000000000001,0.0,0.44565217391304346,0.7222222222222222,0.6,0.4621212121212121,0.5068181818181818,0.4,0.6836027713625866,0.45833333333333337,0.9210526315789473,0.6490872210953347,0.3137254901960784,0.23076923076923073,0.6086175942549371,0.5796610169491525
Khadis Ibragimov,Orthodox,No,No,No,Khadis Ibragimov,0.0,0.3333333333333333,0.1111111111111111,0.1111111111111111,1.1597222222222223,14.194444444444445,1.0,0.6666666666666666,12.555555555555555,2.8055555555555554,0.5,15.861111111111112,31.916666666666668,20.333333333333332,37.22222222222222,1.0833333333333333,29.777777777777775,1.4722222222222223,0.6666666666666666,27.194444444444443,3.9444444444444446,0.7777777777777777,0.08333333333333333,0.4166666666666667,0.1111111111111111,0.0,1.0041666666666667,13.527777777777779,3.6944444444444446,2.5555555555555554,13.444444444444445,5.5,0.8333333333333334,19.77777777777778,37.61111111111111,24.75,43.02777777777778,2.0555555555555554,30.5,4.194444444444445,2.9166666666666665,29.5,7.277777777777778,0.8333333333333334,1.638888888888889,16.97222222222222,0.5,0.3611111111111111,16.055555555555554,1.7777777777777777,0.0,17.833333333333332,18.277777777777775,0.3076923076923077,0.47667910447761197,0.6792452830188679,0.5,0.4616956077630235,0.7112676056338028,0.6428571428571429,0.4969538729329852,0.5462686567164179,0.7972972972972973,0.5564663023679417,0.11920529801324498,0.8571428571428571,0.544256120527307,0.2442748091603053,0.0,0.47415066469719347,0.4247901872175597
Irwin Rivera,Southpaw,No,No,No,Irwin Rivera,0.0,0.3333333333333333,0.0,0.1111111111111111,0.15370370370370368,11.0,3.2222222222222228,2.5555555555555554,15.111111111111109,0.6666666666666666,1.0,16.77777777777778,38.11111111111111,18.333333333333332,39.666666666666664,2.0,29.555555555555557,5.777777777777779,2.7777777777777772,35.55555555555556,1.3333333333333333,1.222222222222222,0.1111111111111111,0.3333333333333333,0.1111111111111111,0.0,0.312962962962963,15.444444444444445,6.222222222222221,3.6666666666666665,23.333333333333332,1.5555555555555556,0.4444444444444444,25.333333333333332,59.888888888888886,26.555555555555557,61.555555555555564,1.111111111111111,45.77777777777778,9.88888888888889,4.222222222222222,56.77777777777778,2.111111111111111,1.0,0.7777777777777777,30.333333333333332,3.6666666666666665,0.5555555555555555,33.44444444444445,0.5555555555555555,0.5555555555555556,34.55555555555556,35.0,0.16666666666666666,0.37218045112781956,0.5576923076923077,0.12000000000000002,0.42499999999999993,0.5,0.8181818181818182,0.4402332361516036,0.46218487394957986,0.7,0.662621359223301,0.3707865168539327,0.9210526315789473,0.589041095890411,0.26315789473684215,0.5555555555555556,0.5769944341372912,0.5685920577617329
Mara Romero Borella,Orthodox,No,No,No,Mara Romero Borella,0.0,0.48809523809523814,0.047619047619047616,0.0,0.9327380952380953,6.5476190476190474,0.9523809523809524,3.4166666666666665,9.30952380952381,0.7976190476190476,0.8095238095238094,10.916666666666666,30.63095238095238,20.53571428571429,41.285714285714285,1.25,24.976190476190478,1.5,4.154761904761905,28.5,1.1785714285714286,0.9523809523809524,0.16666666666666666,0.13095238095238096,0.4047619047619048,0.0,1.0162698412698412,6.7976190476190474,3.130952380952381,1.7976190476190474,8.988095238095239,1.5476190476190474,1.1904761904761905,11.726190476190476,39.797619047619044,18.678571428571427,49.01190476190476,0.35714285714285715,32.67857142857142,4.845238095238095,2.2738095238095237,36.36904761904762,2.107142857142857,1.3214285714285714,0.2261904761904762,25.88095238095238,1.7142857142857142,0.4761904761904762,27.38095238095238,0.5595238095238095,0.13095238095238096,28.071428571428573,30.333333333333332,0.39047619047619053,0.26215443279313627,0.634920634920635,0.1174785100286533,0.32664995822890563,0.6767676767676767,0.8499999999999999,0.35639331519626893,0.4974048442906575,0.6333333333333333,0.7919854280510018,0.35380835380835374,0.9424083769633508,0.7528641571194763,0.2655367231638419,0.09909909909909909,0.7053544720311098,0.618897255282973
Mirsad Bektic,Orthodox,No,No,No,Mirsad Bektic,0.08095238095238096,1.1333333333333333,0.11428571428571428,0.05555555555555555,2.6425661375661376,8.303174603174602,1.1761904761904762,0.5047619047619047,4.366666666666666,1.0523809523809524,4.565079365079365,9.984126984126984,24.36984126984127,28.993650793650797,46.906349206349205,2.2253968253968255,22.006349206349203,1.711111111111111,0.6523809523809524,16.185714285714287,1.7285714285714284,6.455555555555556,0.08888888888888889,0.03333333333333333,0.47301587301587306,0.2222222222222222,0.2773015873015873,4.6682539682539685,2.326984126984127,0.6968253968253969,3.692063492063492,2.271428571428572,1.7285714285714284,7.692063492063492,18.461904761904762,14.509523809523808,26.236507936507934,0.5047619047619047,14.912698412698413,2.752380952380952,0.7968253968253968,13.534920634920633,2.6444444444444444,2.2825396825396824,0.47142857142857136,10.244444444444445,0.4253968253968254,0.09999999999999999,9.842857142857143,0.373015873015873,0.5539682539682539,10.76984126984127,11.726984126984126,0.5092724679029957,0.3773081361800346,0.6873840445269017,1.7372262773722627,0.26978523095027945,0.6088154269972452,0.7071551512171133,0.4096919168892073,0.6181178301918717,0.9339622641509434,0.6869611495476318,0.15455594002306783,0.9581673306772909,0.7272194206637739,0.1410564225690274,0.2426981919332406,0.5833548276158542,0.44697198862605114
Brok Weaver,Southpaw,No,No,No,Brok Weaver,0.0,0.16666666666666666,0.16666666666666666,0.16666666666666666,0.49722222222222223,5.083333333333334,5.0,5.083333333333334,12.25,2.4166666666666665,0.5,15.166666666666668,27.25,18.5,31.166666666666668,1.1666666666666665,14.916666666666668,6.333333333333334,6.0,23.166666666666664,3.5833333333333335,0.5,0.41666666666666663,0.6666666666666666,0.9166666666666666,0.0,1.6180555555555554,15.75,5.666666666666666,2.9166666666666665,15.75,2.166666666666667,6.416666666666667,24.333333333333336,48.75,34.33333333333333,59.0,1.25,37.583333333333336,8.083333333333332,3.0833333333333335,37.58333333333333,3.166666666666667,8.0,0.5833333333333333,21.833333333333336,2.416666666666667,0.16666666666666666,21.833333333333336,1.0,1.5833333333333333,24.416666666666664,24.666666666666664,0.14285714285714288,0.34078212290502796,0.7894736842105262,0.027777777777777776,0.5287769784172662,0.6744186046511628,1.0,0.5565749235474007,0.5935828877005347,0.4666666666666667,0.5809312638580931,0.2989690721649484,0.7837837837837838,0.580931263858093,0.3157894736842105,0.19791666666666663,0.5008547008547009,0.4180790960451978
Anthony Ivy,Orthodox,No,No,No,Anthony Ivy,0.0,1.3333333333333333,0.0,0.0,1.4972222222222225,8.0,2.8333333333333335,0.6666666666666666,6.666666666666667,3.0,1.8333333333333333,11.5,27.0,16.5,32.5,6.833333333333333,22.833333333333332,3.5,0.6666666666666666,17.833333333333332,6.0,3.1666666666666665,0.0,0.0,0.6666666666666666,0.0,0.6166666666666667,16.0,2.8333333333333335,1.1666666666666667,13.5,5.0,1.5,20.0,41.0,46.333333333333336,70.5,0.3333333333333333,36.666666666666664,3.0,1.3333333333333333,30.0,8.833333333333334,2.1666666666666665,0.3333333333333333,20.666666666666668,0.16666666666666666,0.16666666666666666,16.5,3.8333333333333335,0.6666666666666666,21.0,24.166666666666668,0.1951219512195122,0.35036496350364965,0.8095238095238095,2.0,0.3738317757009346,0.5,0.5789473684210527,0.42592592592592593,0.5076923076923077,1.0,0.5636363636363636,0.05555555555555547,1.0,0.55,0.4339622641509434,0.3076923076923076,0.5121951219512195,0.342789598108747
Cole Smith,Orthodox,No,No,No,Cole Smith,0.0,0.5555555555555555,0.5555555555555555,0.0,2.196296296296296,3.6666666666666665,2.6666666666666665,2.555555555555556,6.222222222222222,1.8888888888888886,0.7777777777777778,8.888888888888888,25.11111111111111,16.777777777777775,34.111111111111114,1.6666666666666667,14.0,7.333333333333333,3.777777777777778,21.333333333333332,3.0,0.7777777777777778,0.2222222222222222,0.6666666666666666,0.2222222222222222,0.2222222222222222,1.4444444444444444,7.666666666666667,1.0,1.111111111111111,5.888888888888888,1.7777777777777777,2.111111111111111,9.777777777777777,19.444444444444446,17.88888888888889,28.444444444444443,1.222222222222222,16.333333333333332,1.7777777777777777,1.3333333333333333,14.222222222222223,2.777777777777778,2.444444444444444,0.5555555555555555,8.666666666666666,0.7777777777777778,0.2222222222222222,8.333333333333334,1.0,0.3333333333333333,9.666666666666666,10.555555555555555,0.33333333333333326,0.2619047619047619,0.36363636363636365,0.14705882352941174,0.2916666666666667,0.6296296296296295,1.0,0.3539823008849557,0.49185667752442985,0.4545454545454545,0.5306122448979591,0.4375,0.5,0.5859375,0.3600000000000001,0.13636363636363624,0.4971428571428572,0.37109375
Zelim Imadaev,Orthodox,No,No,No,Zelim Imadaev,0.0,0.1111111111111111,0.0,0.0,0.7351851851851853,9.277777777777777,3.3333333333333335,2.055555555555556,11.5,3.1666666666666665,0.0,14.666666666666666,39.94444444444444,17.555555555555557,43.27777777777778,0.27777777777777773,32.0,5.388888888888888,2.555555555555556,35.111111111111114,4.611111111111112,0.2222222222222222,0.1111111111111111,1.0,0.5,0.0,0.8916666666666666,9.388888888888888,9.277777777777779,3.777777777777778,17.88888888888889,4.222222222222222,0.3333333333333333,22.444444444444443,39.72222222222222,26.11111111111111,44.27777777777777,2.3333333333333335,25.222222222222225,10.5,4.0,33.72222222222222,5.5,0.5,1.3333333333333333,15.833333333333334,1.222222222222222,0.2222222222222222,15.833333333333334,1.2777777777777777,0.16666666666666666,17.277777777777775,18.166666666666668,0.4,0.2899305555555555,0.618556701030928,0.04347826086956521,0.3275316455696202,0.6867469879518071,0.0,0.3671766342141864,0.40564826700898593,0.5714285714285714,0.6277533039647578,0.11640211640211628,0.75,0.46952224052718283,0.23232323232323226,0.33333333333333337,0.434965034965035,0.41028858218318687
Austin Springer,Orthodox,No,No,No,Austin Springer,0.0,0.0,0.0,0.0,0.05,3.0,2.0,9.0,13.0,1.0,0.0,14.0,32.0,14.0,32.0,1.0,17.0,5.0,10.0,31.0,1.0,0.0,0.0,0.0,1.0,0.0,0.1666666666666666,11.0,4.0,3.0,18.0,0.0,0.0,18.0,31.0,18.0,31.0,0.0,22.0,4.0,5.0,31.0,0.0,0.0,0.0,11.0,0.0,2.0,13.0,0.0,0.0,13.0,13.0,0.0,0.17647058823529413,0.4,0.0,0.41935483870967744,1.0,,0.4375,0.4375,,0.5,0.0,1.0,0.4193548387096774,,,0.4193548387096774,0.4193548387096774
Hannah Cifers,Orthodox,No,No,No,Hannah Cifers,0.09523809523809523,0.06666666666666667,0.06666666666666667,0.0,0.45095238095238094,9.428571428571429,7.70952380952381,5.585714285714285,17.88095238095238,4.261904761904762,0.580952380952381,22.723809523809525,49.699999999999996,32.03333333333333,59.61904761904762,0.06666666666666667,31.171428571428574,11.461904761904762,7.066666666666666,42.56190476190476,6.0095238095238095,1.1285714285714286,0.047619047619047616,0.5,0.1619047619047619,0.0,0.846031746031746,14.666666666666666,6.652380952380952,2.8333333333333335,16.0,3.752380952380952,4.3999999999999995,24.152380952380952,53.35238095238095,34.25714285714286,65.0047619047619,1.161904761904762,41.48571428571429,8.866666666666667,3.0,42.304761904761904,4.8809523809523805,6.166666666666667,0.6619047619047619,26.81904761904762,2.214285714285714,0.16666666666666666,26.304761904761904,1.1285714285714286,1.7666666666666666,29.2,30.74761904761905,1.0,0.30247479376718606,0.6726215205650187,0.009433962264150943,0.42011635712687395,0.7091917591125199,0.5147679324894515,0.45721950752131846,0.5373003194888178,0.569672131147541,0.6464646464646465,0.24973147153598296,0.8333333333333334,0.6217919855920757,0.23121951219512193,0.28648648648648656,0.547304534094966,0.47300564061240935
Ricardo Lamas,Orthodox,No,No,Yes,Ricardo Lamas,0.023529411764705882,0.5399732620320855,0.20267379679144382,0.12807486631016043,1.4339594474153299,6.699465240641712,2.35,3.8950534759358293,6.66336898395722,2.906818181818182,3.3743315508021388,12.944518716577539,26.64505347593583,20.766711229946523,34.954010695187165,2.055213903743316,18.253475935828877,3.0082887700534764,5.383288770053476,16.913903743315508,3.287299465240642,6.443850267379679,0.047058823529411764,0.6732620320855615,0.4716577540106952,0.0,1.5977651515151514,6.561898395721926,1.8994652406417114,1.4132352941176471,7.076737967914438,2.0850267379679144,0.7128342245989305,9.874598930481284,22.5,18.74933155080214,31.988770053475935,0.8919786096256684,17.898663101604278,2.853609625668449,1.7477272727272726,18.756818181818183,2.7048128342245987,1.0383689839572192,0.21871657754010693,11.336764705882354,0.9541443850267379,0.33449197860962565,11.680080213903743,0.6197860962566845,0.3255347593582888,12.625401069518716,13.239438502673796,0.26273336368958555,0.36702408156090705,0.7811750066660741,0.10030546104750787,0.39395807644882863,0.8842571881735736,0.5236514522821577,0.48581320087303376,0.5941152622238541,0.24520383693045567,0.6333861161321164,0.33436401967673923,0.6147785512124225,0.6227111709823879,0.22914195334124154,0.3135058581176773,0.5611289364230541,0.41387769772145966
Inoue Mizuki,Orthodox,No,No,No,Inoue Mizuki,0.0,0.0,0.0,0.0,1.2472222222222222,19.333333333333332,4.166666666666667,1.5,18.0,7.0,0.0,25.0,49.666666666666664,40.0,65.83333333333333,0.8333333333333334,42.833333333333336,5.333333333333333,1.5,41.833333333333336,7.833333333333333,0.0,0.16666666666666666,0.3333333333333333,0.0,0.0,0.4749999999999999,19.333333333333332,11.333333333333334,3.6666666666666665,23.833333333333332,9.166666666666666,1.3333333333333333,34.333333333333336,66.5,39.666666666666664,72.16666666666667,1.0,48.333333333333336,13.833333333333334,4.333333333333333,53.166666666666664,11.333333333333334,2.0,0.6666666666666666,29.0,2.5,0.6666666666666666,29.333333333333332,2.1666666666666665,0.6666666666666666,32.166666666666664,32.5,0.0,0.4513618677042801,0.7812500000000001,0.0,0.43027888446215135,0.8936170212765958,,0.5033557046979866,0.6075949367088608,0.6666666666666667,0.6000000000000001,0.1807228915662651,0.9230769230769231,0.5517241379310345,0.1911764705882354,0.33333333333333337,0.4837092731829573,0.4503464203233257
John Dodson,Orthodox,No,No,Yes,John Dodson,0.1469187675070028,0.20924369747899157,0.0,0.0,0.365515873015873,8.627871148459384,4.942016806722689,2.217787114845938,13.412605042016807,1.9925770308123247,0.3824929971988796,15.78767507002801,36.7358543417367,19.17717086834734,40.29439775910364,1.0030812324929972,27.853921568627452,6.450560224089637,2.4313725490196076,33.43669467787115,2.8050420168067225,0.49411764705882355,0.0,0.4997198879551821,0.016666666666666666,0.0,0.5597105508870215,12.21624649859944,5.4379551820728285,3.2257703081232494,13.682773109243698,6.985434173669468,0.21176470588235294,20.879971988795518,49.022829131652664,27.445378151260503,55.811764705882354,1.8908963585434173,35.31120448179272,9.294957983193276,4.416666666666667,39.600560224089634,9.07717086834734,0.34509803921568627,1.3911764705882352,23.09495798319328,3.8570028011204487,1.1908963585434171,25.917787114845943,2.0917366946778713,0.13333333333333333,28.142857142857146,28.36638655462185,0.20860094945545934,0.30975427022732643,0.7661376120893675,0.08605990783410138,0.40113429784952537,0.7103555022967845,0.774092970521542,0.42976202276834385,0.4759264794822421,0.735723279757055,0.6540405042003474,0.41495645360576194,0.8868558744252418,0.6544803146264517,0.23043927728317726,0.38636363636363635,0.5740765606831552,0.5082510238496748
Daniel Cormier,Orthodox,Yes,No,Yes,Daniel Cormier,0.026666666666666665,0.38769230769230767,0.13025641025641027,0.0,1.0246324786324785,15.578974358974358,2.3466666666666667,2.5305128205128207,13.63897435897436,4.504871794871795,2.312307692307692,20.456153846153846,38.286923076923074,32.49153846153846,51.550769230769234,1.0094871794871794,31.42076923076923,3.6346153846153846,3.2315384615384617,28.913589743589746,6.305641025641026,3.0676923076923073,0.11871794871794872,0.19743589743589746,0.0,0.0,0.7199487179487178,11.02897435897436,4.757948717948718,2.348205128205128,13.853846153846154,3.765897435897436,0.5153846153846153,18.135128205128204,35.162564102564104,23.37871794871795,40.64564102564103,0.9264102564102565,25.908717948717946,6.197179487179488,3.0566666666666666,28.91461538461538,5.3792307692307695,0.8687179487179488,0.7289743589743589,14.879743589743589,1.4392307692307693,0.7084615384615385,15.06076923076923,1.6133333333333333,0.35333333333333333,17.0274358974359,17.266923076923074,0.38404876809753624,0.4958177263120098,0.6456437389770723,0.11997143537253034,0.4717150129031686,0.7144193233571893,0.7537612838515547,0.5342856568822454,0.6302823206398471,0.7868807085524495,0.5743141601678476,0.2322396458272995,0.9354081033470346,0.5208704674239804,0.2999189665856332,0.4067296340023614,0.4842489827468025,0.4248161092115722
Frankie Saenz,Orthodox,No,No,No,Frankie Saenz,0.07407407407407407,0.5370370370370371,0.037037037037037035,0.07037037037037037,0.9819135802469136,8.581481481481482,4.5851851851851855,5.040740740740741,10.174074074074074,6.285185185185185,1.7481481481481482,18.207407407407405,38.40740740740741,24.433333333333334,45.544444444444444,1.7074074074074073,25.381481481481483,7.159259259259259,5.866666666666667,26.829629629629625,8.614814814814816,2.9629629629629632,0.18148148148148147,0.8296296296296296,0.037037037037037035,0.0,0.57679012345679,10.6,4.062962962962962,1.4777777777777779,11.47037037037037,3.4148148148148145,1.2555555555555555,16.140740740740743,33.77777777777778,21.751851851851853,39.859259259259254,2.125925925925926,26.733333333333334,5.322222222222222,1.7222222222222223,27.55185185185185,4.722222222222222,1.5037037037037038,1.2962962962962963,16.133333333333333,1.2592592592592593,0.24444444444444446,16.08148148148148,1.3074074074074076,0.24814814814814815,17.637037037037036,18.107407407407408,0.314533622559653,0.338100102145046,0.6404552509053286,0.09154040404040405,0.3792103810049697,0.729578675838349,0.59,0.47405978784956593,0.5364723103195902,0.6097560975609757,0.6034912718204489,0.23660403618649972,0.5182795698924731,0.5836806022314827,0.2768627450980393,0.165024630541872,0.5221491228070174,0.4542835904107042
Peter Sobotta,Southpaw,No,No,No,Peter Sobotta,0.14166666666666666,0.5047619047619047,0.15595238095238095,0.041666666666666664,1.4655952380952382,5.7821428571428575,1.780952380952381,2.158333333333333,7.911904761904761,0.5369047619047619,1.2726190476190475,9.721428571428572,24.515476190476193,17.870238095238093,33.53809523809524,1.5535714285714286,19.39404761904762,2.763095238095238,2.3583333333333334,21.335714285714285,1.107142857142857,2.072619047619048,0.10833333333333334,0.08333333333333333,0.041666666666666664,0.13095238095238096,0.7608928571428571,6.789285714285714,2.4904761904761905,4.766666666666667,9.954761904761904,1.6047619047619046,2.486904761904762,14.046428571428573,33.72738095238095,22.640476190476193,42.708333333333336,0.3595238095238095,23.051190476190474,4.679761904761905,5.996428571428571,27.777380952380952,2.2738095238095237,3.676190476190476,0.27619047619047615,16.261904761904763,2.1892857142857145,1.2297619047619048,17.822619047619046,0.669047619047619,1.1892857142857143,19.68095238095238,20.06785714285714,0.32490421455938695,0.29814007734331843,0.6445497630331755,0.21403331650681473,0.37082914853252985,0.4849462365591398,0.6140149339460079,0.3965425144466566,0.532834019593923,0.7682119205298014,0.7054691938232711,0.4678198931569575,0.9861028389914632,0.6416234517635966,0.29424083769633513,0.32351036269430045,0.5835304083865729,0.4698815331010453
Fabricio Werdum,Orthodox,Yes,Yes,Yes,Fabricio Werdum,0.0611111111111111,0.2833333333333333,0.09444444444444444,0.06666666666666667,0.6738888888888889,15.13888888888889,3.694444444444444,3.144444444444445,18.18333333333333,2.166666666666667,1.6277777777777778,21.977777777777778,39.483333333333334,27.47222222222222,45.50555555555555,1.2277777777777776,31.55,4.555555555555555,3.3777777777777778,34.07222222222222,2.988888888888889,2.422222222222222,0.11111111111111112,0.22222222222222224,0.02222222222222222,0.02222222222222222,0.3562962962962963,11.344444444444445,1.9833333333333336,3.138888888888889,13.966666666666665,1.488888888888889,1.011111111111111,16.46666666666667,37.49444444444445,20.544444444444444,41.96666666666667,0.2777777777777778,30.522222222222222,2.888888888888889,4.083333333333333,34.15555555555555,2.177777777777778,1.161111111111111,0.05555555555555556,19.177777777777777,0.9055555555555556,0.9444444444444444,20.18888888888889,0.6888888888888889,0.15,21.02777777777778,21.422222222222224,0.23076923076923078,0.4798379996478253,0.8109756097560975,0.08388157894736842,0.5336703081689221,0.7249070631970261,0.6720183486238532,0.5566343042071197,0.6037113905506043,0.19999999999999996,0.6283218056061157,0.31346153846153835,0.945578231292517,0.5910865322055954,0.3163265306122449,0.1291866028708133,0.5608238257519632,0.5104580354778925
Rogerio Nogueira,Southpaw,No,No,No,Rogerio Nogueira,0.1185897435897436,0.025641025641025644,0.08928571428571429,0.1369047619047619,0.24462759462759465,8.95970695970696,2.152930402930403,0.4926739926739927,8.747710622710622,1.340201465201465,1.5173992673992673,11.605311355311356,32.93360805860806,15.95467032967033,38.0,0.025641025641025644,29.179029304029303,3.220238095238095,0.5343406593406593,28.588369963369967,2.2074175824175826,2.1378205128205128,0.05128205128205129,0.8937728937728937,0.1923076923076923,0.08928571428571429,1.3680631868131867,9.559065934065934,2.7431318681318686,2.0535714285714284,8.44368131868132,1.2408424908424909,4.671245421245421,14.355769230769232,31.222527472527474,21.263736263736263,39.71062271062271,2.467032967032967,25.175366300366303,3.5288461538461537,2.5183150183150182,22.60668498168498,2.396978021978022,6.218864468864468,1.5732600732600732,15.616300366300365,0.7857142857142857,0.4647435897435897,14.163003663003664,1.1561355311355312,1.5476190476190474,16.866758241758244,18.44688644688645,1.0,0.3070598019677688,0.668562491113323,0.047986289631533854,0.30598843634383455,0.6071354490769549,0.7097879631612765,0.3523850570717533,0.41985974551764027,0.637713437268003,0.620300820253533,0.22265472946671838,0.6450909090909092,0.6264962631397728,0.4823304680038204,0.24885878368428804,0.5402111746590409,0.4645327921778434
Raphael Pessoa,Orthodox,No,No,No,Raphael Pessoa,0.16666666666666666,0.0,0.0,0.0,0.016666666666666646,5.222222222222222,1.1666666666666667,3.1666666666666665,8.38888888888889,1.1666666666666667,0.0,9.555555555555555,35.05555555555555,10.611111111111112,36.27777777777778,0.38888888888888884,28.444444444444443,2.277777777777778,4.333333333333333,32.611111111111114,2.4444444444444446,0.0,0.0,0.0,0.1111111111111111,0.16666666666666666,0.2888888888888889,5.055555555555556,3.0,7.333333333333333,12.666666666666666,0.7222222222222222,2.0,15.388888888888888,26.444444444444443,18.27777777777778,29.777777777777775,0.1111111111111111,14.555555555555555,3.722222222222222,8.166666666666666,22.555555555555557,0.8333333333333334,3.0555555555555554,0.1111111111111111,9.5,0.7222222222222222,0.8333333333333334,9.888888888888888,0.1111111111111111,1.0555555555555556,11.055555555555555,11.5,0.0,0.18359375,0.5121951219512194,0.0,0.2572402044293015,0.47727272727272724,,0.27258320126782887,0.29249617151607965,1.0,0.6526717557251908,0.19402985074626855,1.0,0.43842364532019706,0.13333333333333341,0.34545454545454546,0.41806722689075637,0.38619402985074613
Brett Johns,Orthodox,No,No,No,Brett Johns,0.0,1.507936507936508,0.30952380952380953,0.05555555555555555,2.3818783068783067,11.76984126984127,1.2063492063492063,0.3968253968253968,7.158730158730158,1.7222222222222223,4.492063492063492,13.373015873015873,26.984126984126984,28.246031746031747,43.595238095238095,3.126984126984127,24.587301587301585,1.849206349206349,0.5476190476190476,19.357142857142858,2.0476190476190474,5.579365079365079,0.21428571428571427,0.5396825396825397,0.05555555555555555,0.10317460317460318,0.6910052910052911,10.69047619047619,4.158730158730159,3.126984126984127,11.436507936507937,4.222222222222222,2.3174603174603177,17.976190476190478,38.61111111111111,27.841269841269845,49.452380952380956,1.2777777777777777,28.73809523809524,6.055555555555556,3.8174603174603177,29.071428571428573,5.73015873015873,3.8095238095238098,0.7380952380952381,18.047619047619047,1.896825396825397,0.6904761904761904,17.634920634920636,1.507936507936508,1.492063492063492,20.634920634920636,21.61111111111111,0.48223350253807107,0.4786959328599097,0.6523605150214592,2.7536231884057973,0.36982369823698236,0.8410852713178296,0.8051209103840683,0.49558823529411766,0.6479155288549062,0.577639751552795,0.628003314001657,0.31323722149410227,0.8586278586278586,0.6066066066066067,0.26315789473684215,0.3916666666666666,0.5344295991778005,0.4370085058578077
Davi Ramos,Orthodox,No,No,No,Davi Ramos,0.0,0.5904761904761905,0.1619047619047619,0.0,0.7119047619047619,8.885714285714286,1.8761904761904764,1.5333333333333332,9.647619047619047,1.276190476190476,1.3714285714285712,12.295238095238096,32.24761904761905,16.333333333333332,36.819047619047616,1.5142857142857142,26.171428571428574,4.428571428571429,1.6476190476190478,28.80952380952381,1.6857142857142857,1.7523809523809524,0.06666666666666667,0.06666666666666667,0.0,0.0,0.5474603174603175,10.028571428571428,3.20952380952381,3.0952380952380953,14.066666666666668,1.0,1.2666666666666666,16.333333333333332,37.114285714285714,21.409523809523808,43.076190476190476,0.38095238095238093,28.32380952380952,5.3809523809523805,3.4095238095238094,34.05714285714286,1.1333333333333333,1.9238095238095239,0.3142857142857143,18.295238095238094,2.1714285714285713,0.3142857142857143,19.99047619047619,0.13333333333333333,0.6571428571428571,20.78095238095238,21.666666666666668,0.389937106918239,0.3395196506550218,0.42365591397849467,0.3583815028901734,0.33487603305785124,0.7570621468926553,0.7826086956521738,0.3812758417011223,0.44361096740817385,0.825,0.6459314055144586,0.4035398230088494,0.9804469273743017,0.5869686800894853,0.11764705882352944,0.34158415841584167,0.5599178855529895,0.5029847446385143
Nad Narimani,Orthodox,No,No,No,Nad Narimani,0.0,0.6666666666666666,0.0,0.0,1.3953703703703704,12.472222222222223,2.611111111111111,1.9166666666666667,11.166666666666666,1.7222222222222223,4.111111111111111,17.0,39.333333333333336,23.75,47.47222222222222,1.5555555555555556,33.05555555555555,3.944444444444444,2.3333333333333335,31.805555555555554,2.138888888888889,5.388888888888889,0.08333333333333333,0.25,0.19444444444444442,0.2222222222222222,0.8601851851851853,10.416666666666666,1.4722222222222223,3.305555555555556,12.027777777777777,1.8055555555555556,1.361111111111111,15.194444444444443,37.75,25.333333333333332,50.30555555555555,0.9166666666666666,30.916666666666668,2.8888888888888893,3.944444444444444,33.416666666666664,2.4166666666666665,1.9166666666666667,0.6666666666666666,20.5,1.4166666666666667,0.6388888888888888,21.388888888888886,0.611111111111111,0.5555555555555555,22.555555555555554,24.972222222222218,0.42857142857142855,0.377310924369748,0.6619718309859155,0.2857142857142857,0.35109170305676857,0.8051948051948052,0.7628865979381442,0.43220338983050843,0.5002925687536571,0.7272727272727273,0.6630727762803235,0.4903846153846154,0.9366197183098591,0.6400665004156276,0.2528735632183907,0.2898550724637682,0.5974981604120677,0.4964108227498619
Joe Duffy,Orthodox,No,No,No,Joe Duffy,0.08333333333333333,0.16666666666666666,0.19444444444444442,0.041666666666666664,0.3185185185185185,7.361111111111112,2.263888888888889,1.3055555555555556,9.638888888888888,0.6527777777777778,0.6388888888888888,10.930555555555555,33.5,14.402777777777777,37.208333333333336,0.3194444444444444,28.625,3.402777777777778,1.4722222222222223,31.625,0.9861111111111112,0.8888888888888888,0.125,0.7083333333333334,0.041666666666666664,0.0,1.3405092592592591,9.472222222222221,3.5833333333333335,3.1666666666666665,11.416666666666666,1.9583333333333333,2.847222222222222,16.22222222222222,34.5,19.98611111111111,38.65277777777778,2.0,25.583333333333332,4.888888888888889,4.027777777777778,27.51388888888889,2.7083333333333335,4.277777777777778,1.2916666666666667,16.11111111111111,1.3055555555555556,0.8611111111111112,16.09722222222222,0.75,1.4305555555555556,18.27777777777778,18.666666666666668,0.5217391304347826,0.2571567200388161,0.6653061224489795,0.11320754716981131,0.3047870004391743,0.6619718309859155,0.71875,0.32628524046434493,0.38708473310936914,0.6458333333333333,0.6297502714440826,0.2670454545454546,0.8241379310344827,0.5850580514891469,0.27692307692307694,0.3344155844155845,0.5297906602254429,0.4829320876751707
Chris Fishgold,Orthodox,No,No,No,Chris Fishgold,0.0,0.5277777777777778,0.27777777777777773,0.08333333333333333,0.3856481481481482,5.027777777777778,1.1388888888888888,1.4722222222222223,6.722222222222221,0.75,0.16666666666666666,7.638888888888888,25.75,8.805555555555555,27.083333333333332,1.361111111111111,21.472222222222218,1.75,2.527777777777778,23.861111111111114,1.361111111111111,0.5277777777777778,0.08333333333333333,0.6944444444444443,0.1111111111111111,0.0,2.297222222222222,13.111111111111112,1.722222222222222,0.5,6.8055555555555545,0.25,8.277777777777777,15.333333333333334,25.0,61.61111111111111,73.86111111111111,1.5555555555555554,21.916666666666668,2.361111111111111,0.7222222222222223,13.805555555555557,0.6666666666666666,10.527777777777779,0.861111111111111,8.805555555555555,0.6388888888888888,0.2222222222222222,7.0,0.4166666666666667,2.25,9.666666666666666,12.25,0.38775510204081637,0.23415265200517468,0.6507936507936508,0.20879120879120877,0.28172293364377177,0.5510204081632654,0.3157894736842105,0.296655879180151,0.3251282051282051,0.5535714285714286,0.40177439797211656,0.2705882352941177,0.03846153846153877,0.507042253521127,0.625,0.21372031662269142,0.3866666666666666,0.1658518239939828
Paige VanZant,Orthodox,No,No,No,Paige VanZant,0.02857142857142857,0.2615873015873016,0.15746031746031747,0.11936507936507937,1.0258941798941799,6.234285714285714,2.479365079365079,1.2730158730158732,3.91047619047619,2.8266666666666667,3.2495238095238093,9.986666666666668,19.41269841269841,24.90285714285714,36.8952380952381,0.6857142857142857,13.21904761904762,4.454603174603174,1.7390476190476192,10.73079365079365,4.408253968253968,4.273650793650793,0.0,1.0736507936507937,0.7974603174603174,0.06222222222222222,2.0263809523809524,5.5600000000000005,2.4393650793650794,0.5892063492063492,4.3422222222222215,2.213968253968254,2.032380952380952,8.588571428571429,13.997460317460318,16.574603174603176,23.17015873015873,1.3498412698412698,10.097777777777777,3.2196825396825397,0.6799999999999999,8.22031746031746,3.2025396825396824,2.574603174603175,0.2761904761904762,4.537777777777778,0.7803174603174603,0.09079365079365079,3.8780952380952387,0.9885714285714287,0.5422222222222223,5.408888888888889,6.5955555555555545,0.3814814814814815,0.4716138328530259,0.5565849486887114,0.15041986126323476,0.36441630672741254,0.6412213740458016,0.7603625018570792,0.5144399018806215,0.6749612803304077,0.20460959548447777,0.44938380281690127,0.24235850916978896,-0.5788982259570499,0.47176952189696464,0.30868358445678035,0.2106041923551173,0.3864193050893586,0.2846573315430355
Roman Bogatov,Orthodox,No,No,No,Roman Bogatov,0.0,0.3333333333333333,0.0,0.3333333333333333,2.038888888888889,8.0,6.666666666666667,2.0,12.333333333333334,2.0,2.3333333333333335,16.666666666666668,39.0,27.0,51.666666666666664,3.6666666666666665,27.333333333333332,9.666666666666666,2.0,32.0,2.3333333333333335,4.666666666666667,0.0,0.3333333333333333,0.0,0.0,0.5222222222222223,18.666666666666668,2.0,1.3333333333333333,14.0,3.3333333333333335,4.666666666666667,22.0,39.666666666666664,38.666666666666664,60.333333333333336,0.6666666666666666,35.333333333333336,3.0,1.3333333333333333,29.666666666666668,4.0,6.0,0.3333333333333333,16.666666666666668,1.0,0.0,15.666666666666666,0.6666666666666666,1.3333333333333333,17.666666666666668,21.666666666666668,0.09090909090909091,0.29268292682926833,0.6896551724137931,0.16666666666666666,0.3854166666666667,0.8571428571428571,0.5,0.4273504273504274,0.5225806451612903,0.5,0.4716981132075472,0.33333333333333337,0.75,0.5280898876404494,0.16666666666666663,0.2222222222222222,0.4453781512605042,0.3591160220994476
Danny Henry,Orthodox,No,No,No,Danny Henry,0.4166666666666667,0.3333333333333333,0.75,0.0,1.9791666666666667,20.666666666666668,5.333333333333333,1.5,13.583333333333334,1.75,12.166666666666666,27.5,46.583333333333336,45.0,65.58333333333333,0.75,36.333333333333336,8.666666666666666,1.5833333333333333,29.333333333333332,2.1666666666666665,15.083333333333334,0.08333333333333333,0.16666666666666666,0.16666666666666666,0.0,0.3875,8.916666666666666,2.0,2.0833333333333335,9.666666666666666,2.25,1.0833333333333333,13.0,28.166666666666668,15.0,30.25,0.5833333333333334,23.166666666666668,2.0,3.0,23.416666666666668,3.25,1.5,0.4166666666666667,14.25,0.0,0.9166666666666666,13.75,1.0,0.4166666666666667,15.166666666666666,15.25,0.4444444444444444,0.5688073394495413,0.6153846153846154,0.21052631578947367,0.4630681818181819,0.8076923076923077,0.8066298342541436,0.590339892665474,0.6861499364675985,0.7142857142857143,0.6151079136690648,0.0,0.9444444444444444,0.5871886120996441,0.3076923076923077,0.2777777777777778,0.5384615384615385,0.5041322314049587
Max Rohskopf,Orthodox,No,No,No,Max Rohskopf,0.0,1.0,0.5,0.0,0.5583333333333333,4.5,0.5,3.5,8.5,0.0,0.0,8.5,27.0,8.5,27.5,3.0,22.0,0.5,4.5,27.0,0.0,0.0,0.0,0.0,0.0,0.0,0.0,14.0,7.5,7.5,27.5,1.5,0.0,29.0,50.5,29.5,51.0,0.0,27.0,15.0,8.5,48.0,2.5,0.0,0.0,13.0,7.5,1.0,20.5,1.0,0.0,21.5,21.5,0.3333333333333333,0.20454545454545456,1.0,0.2222222222222222,0.3148148148148148,,,0.3148148148148148,0.3090909090909091,,0.4814814814814815,0.5,1.0,0.42708333333333337,0.4,,0.4257425742574258,0.42156862745098034
Lyman Good,Orthodox,No,No,No,Lyman Good,0.25,0.05555555555555555,0.0,0.0,0.1009259259259259,17.083333333333332,4.333333333333333,1.9444444444444446,17.583333333333332,4.694444444444444,1.0833333333333333,23.361111111111114,47.833333333333336,25.86111111111111,50.75,0.05555555555555555,40.27777777777778,5.305555555555556,2.25,41.27777777777778,5.138888888888889,1.4166666666666667,0.0,0.38888888888888884,0.1111111111111111,0.0,0.4527777777777778,11.305555555555555,4.111111111111111,2.388888888888889,14.583333333333334,3.222222222222222,0.0,17.805555555555557,47.72222222222222,18.972222222222225,49.0,1.611111111111111,38.416666666666664,6.638888888888889,2.6666666666666665,43.333333333333336,4.388888888888888,0.0,1.2222222222222223,27.11111111111111,2.5277777777777777,0.27777777777777773,28.75,1.1666666666666667,0.0,29.916666666666668,30.027777777777775,1.0,0.4241379310344827,0.8167539267015705,0.024691358024691357,0.4259757738896366,0.9135135135135133,0.7647058823529411,0.48838559814169574,0.5095785440613027,0.7586206896551724,0.7057122198120029,0.38075313807531386,0.8541666666666667,0.6634615384615385,0.26582278481012656,,0.6268917345750873,0.6128117913832198
Oskar Piechota,Southpaw,No,No,No,Oskar Piechota,0.19444444444444442,0.3888888888888889,0.5833333333333334,0.05555555555555555,1.076851851851852,12.916666666666666,2.472222222222222,1.1666666666666667,9.416666666666666,2.055555555555556,5.083333333333333,16.555555555555554,30.166666666666668,24.61111111111111,38.861111111111114,0.5555555555555555,25.027777777777775,3.5,1.638888888888889,21.944444444444443,2.555555555555556,5.666666666666667,0.19444444444444442,0.611111111111111,0.25,0.05555555555555555,0.9162037037037037,11.916666666666666,1.3333333333333333,1.4722222222222223,6.75,3.527777777777778,4.444444444444444,14.722222222222221,31.666666666666668,19.833333333333332,37.833333333333336,0.9722222222222222,28.277777777777775,1.6944444444444446,1.6944444444444446,20.222222222222225,4.638888888888888,6.805555555555556,0.3611111111111111,16.36111111111111,0.36111111111111116,0.2222222222222222,13.472222222222221,1.1111111111111112,2.361111111111111,16.944444444444446,18.0,0.7000000000000001,0.5160932297447282,0.7063492063492063,0.23728813559322032,0.4291139240506329,0.8043478260869565,0.8970588235294117,0.5488029465930018,0.6333095067905646,0.37142857142857144,0.5785854616895874,0.21311475409836078,0.639344262295082,0.6662087912087913,0.23952095808383222,0.34693877551020424,0.5350877192982457,0.4757709251101322
Brianna Van Buren,Southpaw,No,No,No,Brianna Van Buren,0.0,0.8333333333333334,0.0,0.0,1.5416666666666667,9.5,6.0,2.1666666666666665,11.5,5.5,0.6666666666666666,17.666666666666668,42.5,20.833333333333332,45.833333333333336,1.8333333333333333,31.833333333333332,7.5,3.1666666666666665,33.666666666666664,8.0,0.8333333333333334,0.0,0.3333333333333333,0.0,0.0,0.4777777777777778,8.333333333333334,5.166666666666667,2.6666666666666665,11.666666666666666,4.0,0.5,16.166666666666668,37.666666666666664,23.5,45.333333333333336,1.0,28.333333333333332,6.5,2.8333333333333335,32.0,5.0,0.6666666666666666,0.6666666666666666,20.0,1.3333333333333333,0.16666666666666666,20.333333333333332,1.0,0.16666666666666666,21.5,21.833333333333332,0.4545454545454546,0.2984293193717278,0.8,0.26315789473684215,0.3415841584158416,0.6875,0.7999999999999999,0.41568627450980394,0.4545454545454545,0.6666666666666667,0.7058823529411764,0.20512820512820507,0.8823529411764706,0.6354166666666667,0.19999999999999996,0.25,0.570796460176991,0.4816176470588236
Mark De La Rosa,Orthodox,No,No,No,Mark De La Rosa,0.0,0.14285714285714285,0.047619047619047616,0.0,0.48551587301587307,8.678571428571429,2.904761904761905,2.7738095238095237,12.154761904761905,1.4166666666666667,0.7857142857142857,14.357142857142856,42.047619047619044,17.666666666666668,45.98809523809524,1.1904761904761905,33.63095238095238,4.309523809523809,4.107142857142857,38.095238095238095,2.9880952380952386,0.9642857142857143,0.09523809523809523,0.35714285714285715,0.09523809523809523,0.09523809523809523,1.0706349206349206,16.0,3.0238095238095237,4.904761904761905,17.035714285714285,2.9880952380952386,3.904761904761905,23.92857142857143,46.17857142857142,38.214285714285715,62.583333333333336,0.6190476190476191,35.416666666666664,4.3809523809523805,6.3809523809523805,37.26190476190476,3.678571428571429,5.238095238095238,0.2619047619047619,19.416666666666668,1.357142857142857,1.4761904761904763,20.226190476190478,0.6904761904761904,1.3333333333333333,22.25,24.36904761904762,0.12,0.25805309734513276,0.6740331491712709,0.034782608695652174,0.3190625,0.4741035856573705,0.8148148148148148,0.34144960362400906,0.3841573906290448,0.42307692307692313,0.548235294117647,0.3097826086956521,0.9440298507462687,0.5428115015974441,0.18770226537216816,0.2545454545454545,0.4818252126836813,0.38938558112992205
Charles Byrd,Orthodox,No,No,No,Charles Byrd,0.0,0.25,0.125,0.125,1.11875,8.75,0.875,0.625,6.25,2.125,1.875,10.25,18.5,17.125,26.125,0.875,16.75,1.0,0.75,12.25,3.625,2.625,0.375,0.5,0.0,0.0,0.40625,9.875,3.375,0.125,6.375,4.75,2.25,13.375,28.625,14.625,30.125,0.5,24.5,3.875,0.25,19.125,5.5,4.0,0.0,14.625,0.5,0.125,12.75,0.75,1.75,15.25,15.5,0.2857142857142857,0.5223880597014925,0.875,0.3333333333333333,0.5102040816326531,0.5862068965517241,0.7142857142857143,0.5540540540540541,0.6555023923444976,0.0,0.596938775510204,0.12903225806451613,-1.0,0.6666666666666667,0.13636363636363635,0.4375,0.5327510917030568,0.5145228215767634
Evan Dunham,Southpaw,No,No,No,Evan Dunham,0.031746031746031744,0.5528083028083028,0.29716117216117216,0.015873015873015872,1.0549921143671144,22.252136752136753,2.9054487179487176,1.0470848595848596,22.007249694749692,3.0399877899877903,1.1574328449328448,26.204670329670332,66.32432844932845,33.668345543345545,75.11958180708181,1.746031746031746,60.42849511599511,4.728861416361417,1.166971916971917,59.83638583638584,4.649267399267399,1.8386752136752138,0.13194444444444445,0.297008547008547,0.15644078144078144,0.07326007326007326,0.5470098188848188,11.300442612942613,3.2019993894993894,2.0377747252747254,13.263431013431012,2.374160561660562,0.9026251526251526,16.54021672771673,44.35935592185592,21.092872405372407,49.53327228327228,1.5775335775335775,36.998321123321126,4.669032356532356,2.692002442002442,38.91178266178266,3.9832112332112337,1.4643620268620268,1.2805250305250306,25.697878510378512,1.4670329670329672,0.6542277167277167,25.64835164835165,1.6090506715506716,0.5617368742368742,27.819139194139193,28.44039987789988,0.3166083916083916,0.36823913469006325,0.6144076685978019,0.4737117447031127,0.3677904236215973,0.653863830346005,0.629492819789159,0.39509891682794207,0.4481966583601441,0.8117260061919505,0.6945687731268537,0.3142049262049915,0.889670030615716,0.6591410080407923,0.40395815771323473,0.3836051904737089,0.6271312695149539,0.574167596181696
Jussier Formiga,Orthodox,No,No,No,Jussier Formiga,0.061111111111111116,0.5388888888888889,0.1708333333333333,0.020833333333333332,1.4166666666666667,4.7444444444444445,1.0305555555555557,0.7347222222222222,4.593055555555556,0.7486111111111112,1.1680555555555554,6.509722222222223,16.405555555555555,15.47638888888889,26.61388888888889,1.6500000000000001,13.993055555555555,1.5472222222222223,0.8652777777777777,13.781944444444443,1.0527777777777778,1.5708333333333335,0.14583333333333334,0.11527777777777777,0.03333333333333333,0.1638888888888889,0.7302777777777777,6.413888888888889,3.181944444444445,1.3694444444444445,6.277777777777778,2.613888888888889,2.073611111111111,10.965277777777779,30.465277777777775,23.041666666666668,43.69583333333333,0.8430555555555556,23.436111111111114,4.997222222222223,2.0319444444444446,23.53611111111111,3.6833333333333336,3.2458333333333336,0.7277777777777777,17.022222222222222,1.8152777777777775,0.6625,17.258333333333333,1.0694444444444444,1.1722222222222223,19.5,20.654166666666665,0.32659932659932656,0.3390570719602978,0.6660682226211849,0.622792937399679,0.333266149349995,0.7110817941952507,0.7435897435897434,0.39679986454453103,0.5815154994259472,0.8632619439868204,0.7263245229346924,0.3632573652028904,0.9432672590567327,0.7332703882922224,0.2903469079939669,0.3611467693624305,0.6400729427855025,0.4726804615237913
Anthony Rocco Martin,Orthodox,No,No,No,Anthony Rocco Martin,0.05158730158730159,0.21428571428571427,0.32142857142857145,0.09999999999999999,1.181005291005291,9.145238095238096,1.165873015873016,2.2412698412698413,10.487301587301587,1.026984126984127,1.038095238095238,12.552380952380952,33.77222222222222,17.417460317460314,39.537301587301585,0.792063492063492,29.59920634920635,1.5222222222222221,2.6507936507936507,30.802380952380947,1.5634920634920633,1.4063492063492065,0.0,0.3611111111111111,0.0976190476190476,0.06984126984126983,0.6468650793650794,5.568253968253969,3.691269841269841,2.730952380952381,10.061904761904762,1.6952380952380952,0.2333333333333333,11.990476190476189,28.78095238095238,16.771428571428572,33.99603174603175,1.1761904761904762,20.067460317460316,5.113492063492063,3.6,26.38730158730159,2.0611111111111113,0.3325396825396825,0.8150793650793652,14.499206349206348,1.4222222222222223,0.8690476190476191,16.325396825396826,0.3658730158730159,0.0992063492063492,16.79047619047619,17.224603174603175,0.27054108216432865,0.3089690307011664,0.7659019812304485,0.08083832335329341,0.34047048517172973,0.6568527918781728,0.7381489841986455,0.3716776725495265,0.4405323483951261,0.6929824561403508,0.7225232351196361,0.2781313052925656,0.8996913580246914,0.6186838306063522,0.17751251443973826,0.298329355608592,0.5833884844473859,0.5066651103069919
Klidson Abreu,Orthodox,No,No,No,Klidson Abreu,0.0,0.2222222222222222,0.0,0.0,0.3324074074074074,3.805555555555556,2.0,3.8611111111111107,8.61111111111111,1.0555555555555556,0.0,9.666666666666666,24.0,14.638888888888888,29.5,0.9722222222222222,15.416666666666666,4.444444444444444,4.138888888888889,22.305555555555557,1.5833333333333333,0.1111111111111111,0.25,0.1111111111111111,0.0,0.1111111111111111,0.8537037037037036,5.25,3.888888888888889,4.333333333333333,11.111111111111112,1.1944444444444444,1.1666666666666667,13.472222222222221,30.472222222222225,22.972222222222225,40.638888888888886,0.5555555555555556,18.5,6.111111111111112,5.861111111111111,27.555555555555557,1.472222222222222,1.4444444444444444,0.4444444444444444,13.25,2.2222222222222223,1.5277777777777777,16.444444444444443,0.27777777777777773,0.27777777777777773,17.0,17.666666666666668,0.22857142857142856,0.24684684684684688,0.45000000000000007,0.05369127516778523,0.38605230386052297,0.6666666666666667,0.0,0.40277777777777773,0.49623352165725043,0.8,0.7162162162162162,0.36363636363636365,0.981042654028436,0.596774193548387,0.18867924528301883,0.1923076923076923,0.5578851412944394,0.43472317156527673
Ray Borg,Orthodox,No,No,Yes,Ray Borg,0.0,0.9833333333333332,0.2121212121212121,0.08787878787878788,1.5166666666666666,4.08030303030303,1.9075757575757577,0.13939393939393938,2.3257575757575757,1.8060606060606061,1.9954545454545454,6.127272727272727,11.115151515151515,10.34090909090909,15.79848484848485,2.3303030303030305,8.59090909090909,2.2984848484848484,0.22575757575757577,6.034848484848484,2.463636363636364,2.6166666666666667,0.0,1.3318181818181818,0.41818181818181815,0.12424242424242422,2.1922474747474743,4.2272727272727275,3.659090909090909,0.7242424242424242,3.2484848484848485,2.4242424242424243,2.937878787878788,8.610606060606061,15.207575757575757,21.03787878787879,30.636363636363637,1.6969696969696968,9.559090909090909,4.606060606060606,1.0424242424242425,8.581818181818182,2.996969696969697,3.628787878787879,0.3651515151515151,5.331818181818182,0.9469696969696969,0.3181818181818182,5.333333333333333,0.5727272727272726,0.6909090909090909,6.596969696969697,9.598484848484848,0.42197659297789325,0.47495590828924167,0.8299274884640739,4.355704697986576,0.3853878985689179,0.7330873308733087,0.7625940938042849,0.5512540894220284,0.6545506857197658,0.21517857142857133,0.557774607703281,0.20559210526315796,-0.2776162790697674,0.6214689265536724,0.19110212335692622,0.19039665970772446,0.4337949586529839,0.3133036597428288
Aleksei Kunchenko,Orthodox,No,No,No,Aleksei Kunchenko,0.0,0.08333333333333333,0.0,0.0,0.18055555555555555,10.416666666666666,2.8333333333333335,5.083333333333333,14.333333333333334,3.1666666666666665,0.8333333333333334,18.333333333333332,41.333333333333336,34.083333333333336,58.083333333333336,0.25,30.166666666666668,4.833333333333333,6.333333333333333,36.0,4.166666666666667,1.1666666666666667,0.0,0.4166666666666667,0.0,0.0,1.086111111111111,6.083333333333333,3.0833333333333335,5.0,12.75,0.4166666666666667,1.0,14.166666666666666,39.166666666666664,16.916666666666668,42.25,2.1666666666666665,26.416666666666668,6.0,6.75,37.0,0.75,1.4166666666666667,1.75,20.333333333333332,2.9166666666666665,1.75,24.25,0.3333333333333333,0.4166666666666667,25.0,25.333333333333332,0.3333333333333333,0.34530386740331487,0.5862068965517242,0.013157894736842105,0.39814814814814814,0.7599999999999999,0.7142857142857143,0.44354838709677413,0.5868005738880918,0.8076923076923077,0.7697160883280757,0.48611111111111105,0.9382716049382716,0.6554054054054055,0.4444444444444444,0.2941176470588236,0.6382978723404256,0.5996055226824457
Enrique Barzola,Orthodox,No,No,No,Enrique Barzola,0.0,1.4000000000000001,0.10000000000000002,0.03333333333333333,1.487222222222222,11.6,4.3999999999999995,3.5666666666666664,14.133333333333333,1.2333333333333334,4.2,19.566666666666666,47.06666666666666,32.86666666666667,64.03333333333335,3.0666666666666664,36.93333333333334,6.033333333333334,4.1000000000000005,38.86666666666667,1.8666666666666665,6.333333333333333,0.0,0.2333333333333333,0.0,0.06666666666666667,0.29111111111111104,9.666666666666666,2.9333333333333336,2.2666666666666666,13.9,0.7333333333333334,0.23333333333333336,14.866666666666667,47.5,18.366666666666667,51.800000000000004,0.6999999999999998,39.733333333333334,4.8,2.9666666666666663,45.699999999999996,1.4666666666666668,0.3333333333333333,0.4666666666666666,30.066666666666666,1.8666666666666665,0.7000000000000001,31.8,0.7333333333333334,0.10000000000000002,32.63333333333333,33.43333333333333,0.45652173913043487,0.31407942238267145,0.7292817679558009,0.3414634146341463,0.36363636363636365,0.6607142857142858,0.6631578947368422,0.4157223796033995,0.5132743362831858,0.6666666666666666,0.7567114093959731,0.38888888888888884,0.9213483146067416,0.6958424507658643,0.5,0.2999999999999998,0.6870175438596491,0.6454311454311454
Veronica Macedo,Southpaw,No,No,No,Veronica Macedo,0.0,0.15,0.15,0.19999999999999998,0.4393518518518518,9.950000000000001,2.0611111111111113,1.5444444444444443,11.03888888888889,1.538888888888889,0.9777777777777779,13.555555555555555,34.74444444444445,18.116666666666667,40.861111111111114,0.9944444444444445,28.633333333333336,3.983333333333333,2.1277777777777778,30.28333333333333,2.5,1.961111111111111,0.0,0.6277777777777778,0.2333333333333333,0.21666666666666667,1.9274074074074072,13.838888888888889,7.222222222222222,1.9777777777777779,12.022222222222224,5.216666666666667,5.8,23.03888888888889,40.044444444444444,35.605555555555554,55.444444444444436,1.1888888888888889,27.666666666666668,9.261111111111111,3.1166666666666667,25.805555555555557,5.9944444444444445,8.244444444444445,0.5611111111111111,13.827777777777778,2.038888888888889,1.1388888888888888,13.783333333333333,0.7777777777777778,2.4444444444444446,17.005555555555556,19.83888888888889,0.15083798882681562,0.34749708963911524,0.5174337517433752,0.07049608355091383,0.36452027150981475,0.6155555555555556,0.49858356940509924,0.3901503038055644,0.4433718558803535,0.4719626168224299,0.4997991967871487,0.22015596880623878,0.7985739750445633,0.5341227125941872,0.1297497683039851,0.2964959568733154,0.42466703662597105,0.357815631262525
Yoel Romero,Southpaw,No,Yes,Yes,Yoel Romero,0.2128205128205128,0.44102564102564107,0.0,0.0,0.5605982905982906,9.406410256410258,2.9461538461538463,3.0846153846153848,11.537179487179488,1.4679487179487178,2.4320512820512823,15.437179487179487,32.426923076923075,20.874358974358977,38.628205128205124,1.5794871794871796,23.82051282051282,4.530769230769231,4.075641025641025,27.02564102564103,2.2269230769230766,3.1743589743589746,0.015384615384615385,0.11025641025641027,0.016666666666666666,0.0,0.2430128205128205,7.748717948717949,3.980769230769231,4.061538461538461,14.320512820512821,0.7089743589743589,0.7615384615384615,15.79102564102564,40.00769230769231,17.724358974358974,42.30384615384615,0.632051282051282,27.655128205128204,7.255128205128206,5.097435897435898,37.45641025641025,1.1948717948717946,1.3564102564102565,0.5217948717948718,19.906410256410258,3.2743589743589743,1.035897435897436,23.135897435897437,0.48589743589743595,0.5948717948717949,24.216666666666665,24.57948717948718,0.2792207792207792,0.39488697524219596,0.6502546689303905,0.10821012897137466,0.4268975332068311,0.659182498560737,0.7661550888529887,0.47606057011821457,0.5403916362429474,0.8255578093306288,0.7198090028278707,0.4513164870118396,0.9783702213279678,0.6176752464403066,0.4066523605150214,0.4385633270321362,0.6053002627699802,0.5810225171985333
Saparbeg Safarov,Orthodox,No,No,No,Saparbeg Safarov,0.0,0.75,0.0,0.0,2.422222222222222,14.916666666666666,1.1666666666666667,1.8333333333333333,6.583333333333333,0.75,10.583333333333334,17.916666666666668,31.833333333333332,36.5,50.583333333333336,1.75,28.25,1.5833333333333333,2.0,18.666666666666668,1.3333333333333333,11.833333333333334,0.08333333333333333,0.16666666666666666,0.16666666666666666,0.0,0.19166666666666665,7.333333333333333,0.5833333333333334,1.8333333333333333,6.5,2.0,1.25,9.75,18.666666666666668,13.75,22.666666666666668,0.25,15.25,1.4166666666666667,2.0,14.0,2.75,1.9166666666666667,0.08333333333333333,7.916666666666667,0.8333333333333334,0.16666666666666666,7.5,0.75,0.6666666666666666,8.916666666666666,8.916666666666666,0.42857142857142855,0.528023598820059,0.736842105263158,0.375,0.3526785714285714,0.5625,0.8943661971830986,0.5628272251308901,0.7215815485996705,0.33333333333333337,0.5191256830601093,0.5882352941176471,0.9166666666666666,0.5357142857142857,0.2727272727272727,0.34782608695652173,0.4776785714285715,0.3933823529411765
Gabriel Silva,Orthodox,No,No,No,Gabriel Silva,0.0,0.5,0.16666666666666666,0.16666666666666666,1.1527777777777777,4.833333333333333,1.0,0.6666666666666666,5.5,0.5,0.5,6.5,18.833333333333332,16.833333333333332,31.333333333333332,2.0,16.5,1.6666666666666667,0.6666666666666666,16.833333333333332,1.1666666666666667,0.8333333333333334,0.0,1.3333333333333333,0.3333333333333333,0.16666666666666666,2.4,13.0,2.5,1.8333333333333333,10.333333333333334,2.5,4.5,17.333333333333332,31.833333333333332,22.5,38.166666666666664,2.1666666666666665,26.5,3.5,1.8333333333333333,22.333333333333332,3.1666666666666665,6.333333333333333,0.8333333333333334,13.5,1.0,0.0,12.0,0.6666666666666666,1.8333333333333333,14.5,15.666666666666666,0.25,0.29292929292929293,0.6,0.75,0.32673267326732675,0.42857142857142855,0.6,0.3451327433628319,0.5372340425531915,0.3846153846153846,0.5094339622641509,0.2857142857142857,0.2727272727272727,0.5373134328358209,0.21052631578947367,0.2894736842105263,0.45549738219895286,0.4104803493449781
Ismail Naurdiev,Orthodox,No,No,No,Ismail Naurdiev,0.0,0.4166666666666667,0.08333333333333333,0.16666666666666666,0.8513888888888888,7.916666666666667,3.9166666666666665,4.0,12.083333333333334,1.4166666666666667,2.3333333333333335,15.833333333333334,29.916666666666668,29.0,45.416666666666664,0.5833333333333334,19.75,5.083333333333333,5.083333333333333,24.5,2.0833333333333335,3.3333333333333335,0.0,0.75,0.08333333333333333,0.08333333333333333,2.1,4.333333333333333,0.75,1.4166666666666667,4.833333333333333,0.25,1.4166666666666667,6.5,20.5,17.666666666666668,37.333333333333336,2.5,17.166666666666668,1.5,1.8333333333333333,18.0,0.3333333333333333,2.1666666666666665,1.75,12.833333333333334,0.75,0.4166666666666667,13.166666666666666,0.08333333333333333,0.75,14.0,19.666666666666668,0.7142857142857143,0.4008438818565401,0.7704918032786885,0.0819672131147541,0.4931972789115647,0.6799999999999999,0.7000000000000001,0.5292479108635098,0.6385321100917432,0.7,0.7475728155339807,0.5,0.5909090909090908,0.7314814814814815,0.25,0.34615384615384603,0.6829268292682926,0.5267857142857143
Ben Sosoli,Southpaw,No,No,No,Ben Sosoli,0.0,0.0,0.0,0.0,0.0,5.166666666666667,2.6666666666666665,0.16666666666666666,8.0,0.0,0.0,8.0,29.833333333333332,8.0,29.833333333333332,0.0,25.0,4.666666666666667,0.16666666666666666,29.5,0.3333333333333333,0.0,0.16666666666666666,0.0,0.0,0.0,0.00555555555555555,7.833333333333333,2.0,8.166666666666666,17.5,0.3333333333333333,0.16666666666666666,18.0,34.166666666666664,18.0,34.166666666666664,0.0,23.833333333333332,2.0,8.333333333333334,33.666666666666664,0.3333333333333333,0.16666666666666666,0.0,16.0,0.0,0.16666666666666666,16.166666666666668,0.0,0.0,16.166666666666668,16.166666666666668,,0.20666666666666667,0.5714285714285714,0.0,0.2711864406779661,0.0,,0.2681564245810056,0.2681564245810056,,0.6713286713286712,0.0,1.0,0.4801980198019802,0.0,0.0,0.47317073170731705,0.47317073170731705
Magomed Mustafaev,Orthodox,No,No,No,Magomed Mustafaev,0.13333333333333333,0.9333333333333332,0.06666666666666667,0.0,1.275925925925926,5.022222222222222,2.022222222222222,1.5777777777777777,5.022222222222222,1.9555555555555557,1.6444444444444446,8.622222222222222,15.155555555555557,11.688888888888888,19.022222222222222,2.3111111111111113,10.688888888888888,2.777777777777778,1.6888888888888889,10.6,2.8444444444444446,1.711111111111111,0.06666666666666667,1.111111111111111,0.2222222222222222,0.0,1.5018518518518518,7.177777777777777,4.177777777777778,1.7333333333333334,4.844444444444444,1.9555555555555557,6.288888888888889,13.088888888888889,24.28888888888889,25.844444444444445,38.577777777777776,1.4000000000000001,16.77777777777778,5.6000000000000005,1.9111111111111112,11.822222222222223,2.9333333333333336,9.533333333333333,0.28888888888888886,9.6,1.4222222222222223,0.17777777777777778,6.977777777777778,0.9777777777777779,3.244444444444445,11.200000000000001,12.733333333333334,0.40384615384615374,0.4698544698544699,0.7279999999999999,0.5526315789473684,0.47379454926624737,0.6875,0.9610389610389611,0.5689149560117301,0.6144859813084111,0.2063492063492065,0.5721854304635763,0.25396825396825395,0.4186046511627908,0.5902255639097744,0.33333333333333337,0.34032634032634035,0.4611161939615738,0.3300691244239631
Callan Potter,Orthodox,No,No,No,Callan Potter,0.0,0.8888888888888888,0.0,0.1111111111111111,2.3185185185185184,11.0,0.7777777777777778,0.8888888888888888,10.333333333333334,1.3333333333333333,1.0,12.666666666666666,25.666666666666668,35.77777777777778,55.22222222222223,1.111111111111111,23.666666666666668,1.1111111111111112,0.8888888888888888,23.222222222222225,1.4444444444444444,1.0,0.2222222222222222,0.0,0.1111111111111111,0.3333333333333333,0.35555555555555546,13.666666666666666,3.0,0.4444444444444444,16.333333333333332,0.3333333333333333,0.4444444444444444,17.11111111111111,43.666666666666664,27.666666666666668,54.333333333333336,0.6666666666666666,39.666666666666664,3.555555555555556,0.4444444444444444,42.44444444444445,0.6666666666666666,0.5555555555555556,0.6666666666666666,26.0,0.5555555555555555,0.0,26.11111111111111,0.3333333333333333,0.1111111111111111,26.555555555555557,26.666666666666668,0.8,0.4647887323943662,0.7,1.0,0.4449760765550239,0.923076923076923,1.0,0.49350649350649345,0.6478873239436619,1.0,0.6554621848739496,0.1562500000000001,1.0,0.6151832460732984,0.5,0.20000000000000007,0.6081424936386768,0.49079754601227
Emil Meek,Switch,No,No,No,Emil Meek,0.0,0.08333333333333333,0.3333333333333333,0.0,0.7263888888888889,8.333333333333334,2.9166666666666665,1.3333333333333333,6.416666666666667,2.4166666666666665,3.75,12.583333333333334,31.916666666666668,28.0,49.833333333333336,0.25,25.666666666666668,4.083333333333333,2.1666666666666665,23.416666666666668,3.8333333333333335,4.666666666666667,0.08333333333333333,1.75,0.0,0.0,3.0,9.25,1.6666666666666667,1.75,6.416666666666667,1.4166666666666667,4.833333333333333,12.666666666666666,20.666666666666668,24.166666666666668,33.083333333333336,3.3333333333333335,16.416666666666668,2.3333333333333335,1.9166666666666667,12.583333333333334,1.8333333333333333,6.25,1.5833333333333333,7.166666666666667,0.6666666666666666,0.16666666666666666,6.166666666666667,0.4166666666666667,1.4166666666666667,8.0,8.916666666666666,0.3333333333333333,0.3246753246753247,0.7142857142857143,0.038461538461538464,0.27402135231316727,0.6304347826086956,0.8035714285714285,0.39425587467362927,0.5618729096989966,0.475,0.4365482233502539,0.2857142857142857,0.08695652173913049,0.49006622516556286,0.22727272727272718,0.22666666666666668,0.3870967741935485,0.2695214105793451
Corey Anderson,Orthodox,No,No,No,Corey Anderson,0.022222222222222223,1.5040404040404038,0.0,0.0,1.9624579124579125,15.206060606060605,2.841414141414141,1.4707070707070706,11.37878787878788,3.074747474747475,5.064646464646465,19.51818181818182,42.061616161616165,30.815151515151513,55.43939393939394,2.96969696969697,36.22020202020202,4.229292929292929,1.612121212121212,30.257575757575754,5.095959595959596,6.708080808080808,0.1303030303030303,0.05252525252525253,0.06666666666666667,0.0,0.08196969696969696,6.209090909090908,1.4313131313131313,1.913131313131313,7.266666666666667,1.907070707070707,0.3797979797979798,9.553535353535354,23.618181818181814,12.227272727272727,26.562626262626264,0.32929292929292925,19.050505050505052,2.360606060606061,2.207070707070707,20.17676767676768,2.8757575757575755,0.5656565656565656,0.2767676767676768,12.841414141414141,0.9292929292929294,0.29393939393939394,12.910101010101009,0.9686868686868686,0.18585858585858586,14.064646464646463,14.335353535353535,0.5064625850340134,0.4198226337219031,0.6718414139001672,0.9329573934837092,0.37606409614421643,0.6033696729435085,0.7550067760879386,0.4640378473139454,0.5558349275758404,0.8404907975460122,0.6740721102863203,0.3936670945656826,0.9762013729977117,0.6398498122653318,0.33684580259922725,0.3285714285714285,0.5955008125908818,0.5396813324713846
Juan Adams,Orthodox,No,No,No,Juan Adams,0.0,0.25,0.0,0.0,0.7277777777777777,17.666666666666668,4.25,0.8333333333333334,12.166666666666666,6.333333333333333,4.25,22.75,43.5,31.166666666666668,52.166666666666664,0.3333333333333333,37.833333333333336,4.666666666666667,1.0,30.666666666666668,7.583333333333333,5.25,0.08333333333333333,0.5,0.0,0.0,1.048611111111111,11.583333333333334,2.25,0.6666666666666666,8.0,3.0,3.5,14.5,22.833333333333332,19.833333333333332,28.833333333333332,0.6666666666666666,19.583333333333332,2.5833333333333335,0.6666666666666666,15.25,3.9166666666666665,3.6666666666666665,0.16666666666666666,8.0,0.3333333333333333,0.0,7.25,0.9166666666666666,0.16666666666666666,8.333333333333334,9.0,0.75,0.4669603524229075,0.9107142857142857,0.25,0.3967391304347826,0.8351648351648352,0.8095238095238095,0.5229885057471264,0.5974440894568691,0.25,0.40851063829787226,0.12903225806451613,0.25,0.47540983606557374,0.23404255319148937,0.045454545454545414,0.36496350364963503,0.3121387283236995
Darko Stosic,Orthodox,No,No,No,Darko Stosic,0.0,1.1944444444444444,0.0,0.0,1.0407407407407407,6.888888888888889,1.3333333333333333,4.027777777777778,8.416666666666666,1.9444444444444444,1.8888888888888886,12.25,27.722222222222225,15.333333333333334,32.05555555555555,2.361111111111111,19.88888888888889,2.25,5.583333333333333,20.916666666666668,3.555555555555556,3.25,0.0,0.19444444444444442,0.0,0.0,0.2648148148148148,12.055555555555555,5.638888888888889,2.6666666666666665,18.722222222222225,1.1944444444444444,0.4444444444444444,20.36111111111111,48.27777777777777,25.694444444444446,54.25,1.1944444444444444,37.19444444444445,8.13888888888889,2.9444444444444446,46.194444444444436,1.638888888888889,0.4444444444444444,1.0,25.138888888888886,2.5,0.27777777777777773,27.472222222222218,0.4444444444444444,0.0,27.916666666666668,28.555555555555557,0.5058823529411764,0.3463687150837989,0.5925925925925926,0.21393034825870647,0.40239043824701193,0.546875,0.5811965811965811,0.4418837675350701,0.4783362218370885,0.8372093023255814,0.6758775205377148,0.30716723549488056,0.9339622641509434,0.5947083583884545,0.27118644067796616,0.0,0.5782508630609896,0.5263696876600101
Dong Hyun Ma,Orthodox,No,No,No,Dong Hyun Ma,0.041666666666666664,0.35833333333333334,0.0,0.05555555555555555,0.6865740740740741,8.422222222222222,1.6500000000000001,2.058333333333333,9.805555555555555,1.5472222222222223,0.7777777777777778,12.130555555555555,29.641666666666666,18.902777777777775,37.050000000000004,0.6777777777777777,24.2,2.9694444444444446,2.472222222222222,25.947222222222223,2.527777777777778,1.1666666666666667,0.3,0.31666666666666665,0.05555555555555555,0.12222222222222223,1.1531481481481483,12.730555555555556,3.5083333333333333,1.8888888888888886,12.619444444444445,2.408333333333333,3.1,18.127777777777776,39.925000000000004,25.78333333333333,48.59444444444444,0.48055555555555557,32.36666666666667,4.830555555555556,2.727777777777778,31.530555555555555,3.4972222222222222,4.897222222222222,0.1638888888888889,19.63611111111111,1.3222222222222222,0.8388888888888889,18.91111111111111,1.0888888888888888,1.7972222222222223,21.79722222222222,22.811111111111114,0.528688524590164,0.3480257116620753,0.5556594948550047,0.14494382022471913,0.37790386468258214,0.612087912087912,0.6666666666666666,0.4092399962515228,0.5101964312490627,0.34104046242774566,0.6066769653278408,0.27372052903967803,0.8839103869653768,0.5997709452911637,0.31135822081016684,0.366988088485536,0.545954219717526,0.46941808620098324
Pingyuan Liu,Orthodox,No,No,No,Pingyuan Liu,0.08333333333333333,0.08333333333333333,0.3333333333333333,0.08333333333333333,0.5861111111111111,7.5,2.3333333333333335,1.75,8.083333333333334,1.0,2.5,11.583333333333334,34.416666666666664,22.75,46.666666666666664,0.4166666666666667,28.583333333333332,3.8333333333333335,2.0,29.416666666666668,1.75,3.25,0.16666666666666666,0.5833333333333334,0.16666666666666666,0.0,1.7430555555555556,8.666666666666666,4.5,1.5,11.25,0.6666666666666666,2.75,14.666666666666666,32.166666666666664,24.75,44.916666666666664,1.3333333333333333,23.583333333333332,6.666666666666667,1.9166666666666667,28.25,0.6666666666666666,3.25,0.75,14.916666666666666,2.1666666666666665,0.4166666666666667,17.0,0.0,0.5,17.5,20.166666666666668,0.19999999999999998,0.2623906705539359,0.6086956521739131,0.041666666666666664,0.2747875354107649,0.5714285714285714,0.7692307692307693,0.3365617433414044,0.48750000000000004,0.5625,0.6325088339222615,0.32500000000000007,0.6956521739130435,0.6017699115044248,0.0,0.15384615384615385,0.544041450777202,0.44897959183673464
Suman Mokhtarian,Orthodox,No,No,No,Suman Mokhtarian,0.0,0.0,0.0,0.0,0.17499999999999996,4.166666666666667,2.6666666666666665,3.0,8.5,0.6666666666666666,0.6666666666666666,9.833333333333334,23.0,19.833333333333332,33.5,0.3333333333333333,13.833333333333334,5.666666666666667,3.5,21.5,0.8333333333333334,0.6666666666666666,0.3333333333333333,0.0,0.0,0.0,2.163888888888889,22.166666666666668,7.833333333333333,1.0,17.166666666666668,6.5,7.333333333333333,31.0,60.5,53.166666666666664,84.16666666666667,0.0,50.0,9.5,1.0,38.0,10.5,12.0,0.0,27.833333333333332,1.6666666666666667,0.0,20.833333333333332,4.0,4.666666666666667,29.5,31.0,0.0,0.30120481927710846,0.4705882352941176,0.0,0.3953488372093023,0.7999999999999999,1.0,0.427536231884058,0.5920398009950248,,0.5566666666666666,0.17543859649122806,1.0,0.5482456140350878,0.38095238095238093,0.38888888888888895,0.487603305785124,0.3683168316831684
Daniel Teymur,Orthodox,No,No,No,Daniel Teymur,0.0,0.17777777777777778,0.06666666666666667,0.0,0.7442592592592593,6.566666666666666,1.5722222222222222,4.588888888888889,8.927777777777777,2.111111111111111,1.688888888888889,12.72777777777778,27.92222222222222,15.4,31.055555555555557,0.9166666666666666,18.344444444444445,1.9000000000000001,7.677777777777777,22.144444444444446,3.1333333333333333,2.6444444444444444,0.08333333333333333,0.5944444444444444,0.6555555555555556,0.0,1.1925925925925924,12.700000000000001,4.116666666666666,0.9944444444444445,10.383333333333333,2.1777777777777776,5.25,17.811111111111114,40.144444444444446,27.138888888888886,51.888888888888886,1.5,32.97222222222222,6.066666666666666,1.1055555555555554,29.616666666666664,2.8055555555555554,7.722222222222221,0.9055555555555556,20.272222222222222,1.95,0.1111111111111111,19.233333333333334,0.6277777777777778,2.4722222222222223,22.333333333333332,24.75,0.19393939393939397,0.35796486977589337,0.8274853801169589,0.023154848046309698,0.40316106372303057,0.6737588652482269,0.638655462184874,0.45582968563469967,0.4958855098389982,0.6037037037037036,0.6148272957034541,0.3214285714285715,0.4623115577889446,0.6494091164884637,0.22376237623762374,0.32014388489208623,0.5563243841682812,0.4769807280513919
Ben Saunders,Orthodox,No,No,No,Ben Saunders,0.05263157894736842,0.043184885290148446,0.3506072874493927,0.0,0.46172739541160596,6.824021592442645,4.898245614035088,1.130634278002699,7.872334682860998,3.590283400809717,1.3902834008097165,12.852901484480432,25.542240215924426,28.15978407557355,41.896356275303646,0.09581646423751687,17.465317139001346,6.756005398110662,1.3209176788124157,18.785425101214575,5.078812415654521,1.678002699055331,0.21592442645074225,0.4766531713900135,0.11336032388663968,0.08421052631578947,2.1109446693657223,10.228879892037787,1.8898785425101217,2.742780026990553,7.488798920377867,3.110391363022942,4.262348178137652,14.86153846153846,29.9748987854251,28.239406207827262,44.52118758434548,1.528205128205128,23.81970310391363,3.0151147098515523,3.1400809716599185,18.657219973009447,5.080701754385966,6.23697705802969,1.0515519568151148,13.590823211875843,1.1252361673414304,0.3973009446693658,11.16842105263158,1.9703103913630227,1.9746288798920377,15.113360323886639,16.281781376518218,0.45070422535211263,0.3907184472020894,0.7250209739922495,0.03269309358398038,0.419066091954023,0.7069139607801457,0.8285346630207493,0.5032018090749625,0.6721296689987503,0.6880960791239844,0.5705706386257534,0.3731984602989884,0.8482035413443355,0.5986112115732369,0.38780280492987684,0.316600311580405,0.5042005456657392,0.36570860437342
Urijah Faber,Orthodox,No,No,Yes,Urijah Faber,0.06222222222222222,0.39,0.1433333333333333,0.024444444444444442,0.6192222222222222,9.216666666666665,2.587777777777778,0.8866666666666667,8.837777777777777,1.5633333333333332,2.29,12.69111111111111,32.54333333333334,16.21222222222222,36.52777777777778,1.4677777777777776,27.03,4.402222222222223,1.1111111111111112,26.81222222222222,2.45,3.281111111111111,0.06777777777777778,0.4966666666666667,0.01111111111111111,0.057777777777777775,0.41544444444444445,8.672222222222222,2.5455555555555556,3.1911111111111112,12.014444444444445,1.9266666666666665,0.4677777777777778,14.40888888888889,42.19,16.22222222222222,44.23222222222222,1.3177777777777777,33.675555555555555,4.609999999999999,3.9044444444444446,38.39555555555555,2.9455555555555555,0.8488888888888889,0.8211111111111112,25.003333333333334,2.0644444444444447,0.7133333333333333,26.381111111111114,1.018888888888889,0.38111111111111107,27.781111111111112,28.01,0.26570779712339143,0.3409791589591811,0.5878344270570419,0.351,0.3296175044548506,0.638095238095238,0.697934304097528,0.3899757588173034,0.4438326996197718,0.6231028667790893,0.7424772337336676,0.44781875150638706,0.8727945361411497,0.6870876258826253,0.3459072048283667,0.4489528795811518,0.6584762055252692,0.6332487628425734
Trevor Smith,Orthodox,No,No,No,Trevor Smith,0.06666666666666667,0.5055555555555555,0.18888888888888888,0.10000000000000002,1.8183333333333334,8.894444444444444,4.266666666666667,3.1777777777777776,8.533333333333333,3.966666666666667,3.838888888888889,16.33888888888889,29.222222222222225,27.677777777777777,41.77777777777778,1.5166666666666666,20.58888888888889,5.033333333333334,3.6,19.21111111111111,4.955555555555556,5.055555555555555,0.12222222222222223,0.18333333333333335,0.15,0.0,0.5346296296296297,9.305555555555555,4.566666666666666,1.3,10.194444444444445,4.544444444444444,0.43333333333333335,15.172222222222222,32.699999999999996,21.166666666666668,39.08888888888888,0.5888888888888889,25.5,5.7444444444444445,1.4555555555555557,26.122222222222224,6.044444444444444,0.5333333333333333,0.4055555555555556,16.194444444444446,1.1777777777777778,0.15555555555555556,15.927777777777777,1.5,0.10000000000000002,17.527777777777775,17.92222222222222,0.3333333333333333,0.4320021586616298,0.8476821192052979,0.14043209876543208,0.44418739155581266,0.8004484304932735,0.7593406593406594,0.5591254752851711,0.6625,0.6886792452830188,0.6350762527233116,0.20502901353965186,0.8740458015267176,0.6097405359421523,0.24816176470588236,0.1875,0.5360176690451919,0.4584991472427514
Thiago Alves,Orthodox,No,No,Yes,Thiago Alves,0.11869193608324043,0.13278830670135017,0.047020933977455714,0.022792022792022793,0.5428155580329493,6.8902019075932115,1.8754366406540321,4.420438498699368,9.83260250216772,1.4535860274990708,1.8998885172798219,13.186077046946613,38.42492258144432,19.97470580948842,45.810826210826214,0.2393410132540567,30.201040505388335,2.577133655394525,5.646748420661464,30.517552334943638,2.6405053883314755,5.266864858169206,0.06369379412857674,1.3807258763780503,0.2938932243280069,0.038176638176638175,1.7797568025104258,7.805549362071102,2.60364176885916,1.917304595565465,9.622420413724763,1.4284900284900286,1.2755852842809365,12.326495726495727,32.99720054502664,21.684627771584292,42.98062678062678,2.1335810727115074,26.94544778892605,3.5397993311036786,2.511953424996903,29.000297287253808,2.304546017589496,1.6923572401833273,0.7528551963334571,19.13989842685495,0.9361575622445187,0.5946488294314382,19.377876873529047,0.8760559890994675,0.41677195590239063,20.670704818530904,21.295999009042486,0.5548079908912121,0.2281445205957024,0.7277219156749274,0.02351588858031597,0.32219499107433514,0.5504953839225398,0.3607247515251862,0.34316470043622854,0.43602587994293607,0.35285989642600024,0.7103202951676684,0.2644662803392962,0.45033778785936185,0.6681958009460129,0.38014254539199976,0.2462671272982785,0.626438136481442,0.4954790240202246
Isabela de Padua,Orthodox,No,No,No,Isabela de Padua,0.0,0.6666666666666666,0.3333333333333333,0.0,1.55,5.0,0.0,0.0,2.0,0.0,3.0,5.0,14.0,30.0,42.666666666666664,1.0,14.0,0.0,0.0,8.666666666666666,0.0,5.333333333333333,0.3333333333333333,0.0,0.3333333333333333,0.3333333333333333,2.9333333333333336,9.0,1.3333333333333333,0.0,6.0,0.0,4.333333333333333,10.333333333333334,21.0,58.333333333333336,74.66666666666667,0.0,19.333333333333332,1.3333333333333333,0.3333333333333333,15.0,0.0,6.0,0.0,10.333333333333334,0.0,0.3333333333333333,9.0,0.0,1.6666666666666667,10.666666666666666,16.333333333333332,0.6666666666666666,0.35714285714285715,,inf,0.23076923076923078,,0.5625,0.35714285714285715,0.703125,,0.5344827586206896,0.0,1.0,0.6,,0.2777777777777778,0.5079365079365079,0.21875
Renan Barao,Orthodox,Yes,Yes,Yes,Renan Barao,0.04862745098039216,0.3259125188536953,0.10067873303167421,0.0,0.5103019105077928,9.580618401206637,3.2073303167420817,2.818733031674208,13.416500754147814,1.668129713423831,0.522051282051282,15.606681749622926,46.356817496229255,19.47184012066365,50.4621568627451,0.9171794871794872,36.26705882352941,6.1460482654600295,3.943710407239819,43.040588235294116,2.483589743589744,0.8326395173453998,0.13686274509803922,0.03843137254901961,0.023529411764705882,0.0,0.4675894922071392,13.672277526395174,3.1425339366515836,2.1915987933634993,16.265188536953243,1.2140874811463047,1.527134238310709,19.006410256410255,43.508431372549026,23.476274509803922,48.47366515837104,0.7255957767722474,35.89832579185521,5.014283559577677,2.595822021116139,39.787043740573154,1.8115082956259427,1.9098793363499247,0.6871644042232278,22.22604826546003,1.8717496229260935,0.4042232277526395,23.52185520361991,0.597420814479638,0.3827450980392157,24.502021116138764,24.99739064856712,0.3553421368547419,0.26416860677411497,0.5218524453780895,0.08264108801076996,0.3117174115001064,0.6716607353244828,0.6269835519165278,0.3366642188259019,0.38587015163910293,0.9470347350697403,0.619138853280528,0.3732835609886689,0.9851949123490004,0.5911938408138957,0.3297919285946229,0.20040276406712731,0.5631556997846157,0.5156901292051413
Sergio Moraes,Orthodox,No,No,No,Sergio Moraes,0.030303030303030304,0.3647186147186147,0.13347763347763347,0.0,0.8054894179894179,8.934343434343434,1.987012987012987,0.6897546897546897,10.622655122655123,0.30158730158730157,0.6868686868686869,11.611111111111112,27.265151515151516,13.893217893217894,29.734848484848484,0.9502164502164502,23.32683982683983,3.1255411255411256,0.8127705627705627,25.67676767676768,0.6439393939393939,0.9444444444444443,0.275974025974026,0.027777777777777776,0.0,0.10822510822510822,0.27818662818662815,11.5988455988456,2.927849927849928,3.513347763347763,16.87085137085137,0.468975468975469,0.7002164502164502,18.04004329004329,44.855339105339105,21.711760461760463,48.926767676767675,0.11616161616161617,35.733405483405484,4.795815295815296,4.326118326118326,43.08730158730159,0.5959595959595959,1.172077922077922,0.08838383838383838,24.134559884559888,1.867965367965368,0.8127705627705627,26.216450216450216,0.12698412698412698,0.4718614718614719,26.815295815295816,27.215007215007216,0.3838268792710706,0.38300702112523577,0.6357340720221606,0.4487350199733689,0.4137068674834214,0.46834733893557423,0.7272727272727274,0.42585903491710664,0.46723688201395214,0.7608695652173914,0.6754060957265302,0.3894990221152399,0.9935790527018012,0.6084495721629632,0.21307506053268754,0.40258541089566025,0.5978172576584981,0.5562396313364055
Grigory Popov,Switch,No,No,No,Grigory Popov,0.0,0.0,0.0,0.3333333333333333,0.16111111111111112,8.333333333333334,6.666666666666667,2.8333333333333335,14.666666666666666,1.6666666666666667,1.5,17.833333333333332,46.166666666666664,23.666666666666668,52.166666666666664,0.16666666666666666,30.166666666666668,11.666666666666666,4.333333333333333,40.5,2.0,3.6666666666666665,0.3333333333333333,1.3333333333333333,0.0,0.16666666666666666,1.3777777777777775,9.666666666666666,6.333333333333333,2.5,17.333333333333332,0.0,1.1666666666666667,18.5,43.166666666666664,19.333333333333332,44.5,2.3333333333333335,29.666666666666668,10.666666666666666,2.8333333333333335,40.0,0.6666666666666666,2.5,1.0,20.0,4.333333333333333,0.3333333333333333,22.666666666666668,0.6666666666666666,1.3333333333333333,24.666666666666668,25.166666666666668,0.0,0.27624309392265195,0.5714285714285715,0.0,0.3621399176954732,0.8333333333333334,0.4090909090909091,0.3862815884476534,0.45367412140575086,0.4285714285714286,0.6741573033707866,0.40625,0.5294117647058825,0.5666666666666667,1.0,0.5333333333333333,0.5714285714285714,0.5655430711610487
Rustam Khabilov,Orthodox,No,No,No,Rustam Khabilov,0.022727272727272728,0.9632867132867133,0.022727272727272728,0.022727272727272728,1.0005827505827505,5.451048951048951,1.0611888111888113,0.7902097902097902,4.798951048951049,0.6328671328671329,1.8706293706293706,7.3024475524475525,22.63986013986014,12.526223776223777,28.437062937062937,2.3076923076923075,19.087412587412587,2.0437062937062938,1.5087412587412588,18.886363636363637,1.1835664335664335,2.56993006993007,0.2727272727272727,0.1555944055944056,0.291958041958042,0.045454545454545456,0.2865384615384615,4.019230769230769,2.0961538461538463,2.480769230769231,7.433566433566433,0.9527972027972028,0.2097902097902098,8.596153846153847,24.694055944055943,14.818181818181817,31.349650349650346,0.6293706293706294,17.812937062937063,3.512237762237762,3.368881118881119,22.433566433566433,1.7622377622377623,0.4982517482517482,0.47377622377622375,13.793706293706293,1.416083916083916,0.8881118881118881,15.0,0.8094405594405594,0.28846153846153844,16.0979020979021,16.53146853146853,0.4174242424242425,0.2855834401905111,0.5192472198460223,0.6384704519119352,0.2540960844209942,0.5347119645494831,0.7278911564625851,0.3225482625482625,0.4404893643182098,0.7527777777777778,0.774364510746884,0.4031856645097063,0.9538142189932538,0.668640897755611,0.45932539682539686,0.5789473684210527,0.6518938053097345,0.5273254517064465
Zabit Magomedsharipov,Orthodox,No,No,No,Zabit Magomedsharipov,0.0,1.75,0.25,0.16666666666666666,1.5652777777777775,15.805555555555557,2.944444444444444,4.833333333333333,19.47222222222222,0.8611111111111112,3.25,23.583333333333332,48.86111111111111,29.277777777777782,55.833333333333336,3.1666666666666665,38.47222222222222,5.027777777777778,5.361111111111112,43.361111111111114,1.1944444444444444,4.305555555555556,0.0,0.1111111111111111,0.0,0.0,0.1986111111111111,9.5,3.4166666666666665,2.6666666666666665,13.75,1.0,0.8333333333333334,15.583333333333334,43.5,20.666666666666668,48.833333333333336,0.5,34.61111111111111,5.5555555555555545,3.3333333333333335,41.27777777777778,1.388888888888889,0.8333333333333334,0.3888888888888889,25.111111111111114,2.138888888888889,0.6666666666666666,27.527777777777775,0.3888888888888889,0.0,27.916666666666668,28.166666666666668,0.5526315789473685,0.41083032490974736,0.585635359116022,0.32642487046632124,0.4490711082639333,0.7209302325581396,0.7548387096774193,0.4826606026151222,0.5243781094527363,0.7777777777777778,0.725521669341894,0.3849999999999999,0.9666666666666667,0.6668909825033648,0.28000000000000014,0.0,0.6417624521072797,0.5767918088737201
Chance Rencountre,Southpaw,No,No,No,Chance Rencountre,0.0,0.3611111111111111,0.08333333333333333,0.0,1.3648148148148147,1.9722222222222223,1.9444444444444446,0.8611111111111112,4.25,0.3611111111111111,0.16666666666666666,4.777777777777778,24.027777777777782,10.111111111111112,34.638888888888886,1.4444444444444446,18.25,4.722222222222222,1.0555555555555556,22.944444444444443,0.3611111111111111,0.7222222222222222,0.1111111111111111,0.5277777777777778,0.1111111111111111,0.0,0.27546296296296297,11.277777777777779,2.2777777777777777,2.5277777777777777,13.944444444444443,1.361111111111111,0.7777777777777778,16.083333333333332,31.63888888888889,21.805555555555557,38.11111111111111,0.6388888888888888,25.5,3.25,2.888888888888889,29.0,1.8611111111111114,0.7777777777777778,0.1111111111111111,14.222222222222223,0.9722222222222223,0.3611111111111111,15.055555555555555,0.5,0.0,15.555555555555555,16.305555555555557,0.24999999999999997,0.10806697108066972,0.411764705882353,0.34210526315789475,0.18523002421307508,1.0,0.23076923076923075,0.1988439306358381,0.2919005613472334,0.17391304347826075,0.5577342047930283,0.2991452991452992,0.8173076923076923,0.5191570881226054,0.26865671641791067,0.0,0.49165935030728714,0.42784256559766753
Alex White,Southpaw,No,No,No,Alex White,0.15833333333333333,0.3071428571428571,0.16428571428571428,0.08333333333333333,0.3657936507936508,10.772619047619047,5.601190476190477,1.0964285714285713,11.561904761904762,4.957142857142856,0.9511904761904763,17.470238095238095,41.36428571428572,23.551190476190474,48.29047619047619,1.0571428571428572,31.538095238095238,8.47142857142857,1.3547619047619046,32.699999999999996,7.3428571428571425,1.3214285714285714,0.08928571428571429,0.43452380952380953,0.20595238095238097,0.047619047619047616,1.5808333333333333,8.64642857142857,2.551190476190476,2.3964285714285714,9.332142857142857,2.5035714285714286,1.7583333333333335,13.59404761904762,35.220238095238095,18.34642857142857,40.91547619047619,1.538095238095238,26.507142857142856,4.9869047619047615,3.7261904761904763,28.638095238095236,4.020238095238096,2.561904761904762,1.1035714285714286,17.860714285714284,2.4357142857142855,1.3297619047619047,19.30595238095238,1.5166666666666666,0.8035714285714285,21.626190476190477,22.56904761904762,0.2905405405405405,0.3415748150385022,0.6611860595840362,0.22671353251318102,0.35357506917139947,0.6750972762645914,0.7198198198198199,0.42235077418983474,0.4876984518292081,0.7174922600619195,0.673807599029911,0.48842205777035097,0.8833865814696485,0.6741353508480212,0.37725792123186264,0.3136617100371747,0.6140273787392259,0.5516017341208648
Ben Askren,Orthodox,No,No,No,Ben Askren,0.0,1.222222222222222,0.1111111111111111,0.3333333333333333,0.6833333333333332,13.333333333333334,0.8888888888888888,0.7777777777777777,11.555555555555557,1.8888888888888886,1.5555555555555554,15.0,32.44444444444445,24.555555555555554,42.77777777777777,2.111111111111111,30.111111111111114,1.5555555555555554,0.7777777777777777,28.333333333333332,2.5555555555555554,1.5555555555555554,0.1111111111111111,0.1111111111111111,0.3333333333333333,0.6666666666666666,0.5648148148148148,13.777777777777779,6.222222222222222,0.0,12.555555555555557,4.444444444444444,3.0,20.0,32.22222222222222,24.777777777777775,37.0,0.1111111111111111,24.333333333333332,7.888888888888889,0.0,24.222222222222218,4.777777777777778,3.2222222222222228,0.0,10.555555555555555,1.6666666666666667,0.0,11.666666666666666,0.3333333333333333,0.2222222222222222,12.222222222222221,12.222222222222221,0.5789473684210525,0.44280442804428044,0.5714285714285715,1.5714285714285714,0.407843137254902,0.7391304347826086,1.0,0.4623287671232876,0.5740259740259741,0.0,0.43378995433789946,0.21126760563380287,-inf,0.4816513761467889,0.06976744186046524,0.06896551724137945,0.3793103448275862,0.33033033033033044
Aleksandra Albu,Orthodox,No,No,No,Aleksandra Albu,0.0,0.7222222222222222,0.1111111111111111,0.0,0.7467592592592593,15.694444444444443,5.25,0.8888888888888888,12.972222222222221,6.888888888888888,1.9722222222222223,21.833333333333332,46.861111111111114,27.666666666666668,55.05555555555555,1.3055555555555556,38.80555555555555,6.9444444444444455,1.111111111111111,35.5,8.722222222222221,2.638888888888889,0.0,0.47222222222222215,0.08333333333333333,0.08333333333333333,1.0921296296296297,11.944444444444445,9.25,4.472222222222222,13.25,10.777777777777777,1.6388888888888886,25.666666666666668,42.388888888888886,36.47222222222222,54.27777777777778,1.8333333333333333,25.944444444444443,11.888888888888888,4.555555555555555,26.13888888888889,13.611111111111112,2.638888888888889,1.361111111111111,14.0,2.638888888888889,0.08333333333333333,12.888888888888888,2.8333333333333335,1.0,16.722222222222225,17.805555555555557,0.5531914893617021,0.404438081603436,0.7559999999999999,0.6500000000000001,0.365414710485133,0.7898089171974523,0.7473684210526317,0.4659158269116775,0.5025227043390516,0.7424242424242424,0.5396145610278372,0.2219626168224298,0.8963414634146342,0.49309245483528164,0.2081632653061226,0.3789473684210527,0.39449541284403666,0.32804503582395095
Stevie Ray,Southpaw,No,No,No,Stevie Ray,0.030303030303030304,0.2564935064935065,0.19155844155844157,0.0,0.6306006493506494,11.885281385281383,1.9567099567099568,4.683441558441558,13.20887445887446,1.2727272727272727,4.0438311688311686,18.5254329004329,40.93777056277057,24.31006493506494,47.5508658008658,0.5373376623376623,32.2224025974026,2.970238095238095,5.74512987012987,33.40313852813853,2.1385281385281387,5.396103896103895,0.06060606060606061,0.4437229437229437,0.07792207792207792,0.0,1.0995220057720057,7.918290043290043,3.260281385281385,2.280844155844156,11.220779220779221,0.4832251082251082,1.7554112554112553,13.459415584415586,30.436147186147185,17.484307359307362,35.09469696969697,1.0183982683982684,22.751623376623375,5.162878787878788,2.5216450216450217,26.962121212121215,1.1774891774891774,2.2965367965367967,0.5746753246753247,14.833333333333334,1.9025974025974026,0.2408008658008658,15.741341991341992,0.6942640692640693,0.5411255411255411,16.976731601731604,17.61038961038961,0.4773413897280967,0.3688514954573697,0.6587720896338132,0.04464538005086183,0.3954381247063779,0.5951417004048583,0.7493983152827919,0.452526667812248,0.5112433711905684,0.5642933049946866,0.6519681293851824,0.3685148307305315,0.8240343347639485,0.5838317344358368,0.5896139705882353,0.23562676720075404,0.557781886711944,0.5017963148562177
Manny Bermudez,Orthodox,No,No,No,Manny Bermudez,0.06666666666666667,0.6,0.5,0.4666666666666666,1.8277777777777777,10.366666666666667,2.1,0.0,5.7,0.4666666666666666,6.3,12.466666666666667,21.333333333333332,21.566666666666666,31.3,1.4333333333333333,18.400000000000002,2.9333333333333336,0.0,13.4,0.5333333333333333,7.3999999999999995,0.0,0.4666666666666666,0.2333333333333333,0.2333333333333333,1.2216666666666667,5.733333333333333,2.0,2.966666666666667,7.033333333333334,1.3666666666666665,2.3000000000000003,10.700000000000001,20.8,14.366666666666667,25.099999999999998,0.4666666666666666,14.633333333333333,3.1333333333333333,3.033333333333333,16.033333333333335,1.7666666666666666,3.0,0.0,8.9,1.1333333333333333,0.06666666666666667,9.0,0.39999999999999997,0.7000000000000001,10.1,10.733333333333334,0.41860465116279066,0.5634057971014492,0.7159090909090908,inf,0.4253731343283582,0.8749999999999999,0.8513513513513514,0.5843750000000001,0.6890308839190629,0.0,0.6082004555808656,0.36170212765957444,0.8461538461538461,0.5613305613305613,0.2264150943396227,0.23333333333333328,0.485576923076923,0.4276228419654714
Daniel Spitz,Orthodox,No,No,No,Daniel Spitz,0.0,0.19444444444444442,0.0,0.0,0.12499999999999996,7.305555555555556,2.777777777777778,2.361111111111111,11.194444444444445,0.9166666666666666,0.3333333333333333,12.444444444444445,35.27777777777778,15.75,38.69444444444445,0.3055555555555555,27.11111111111111,5.277777777777778,2.888888888888889,33.44444444444445,1.5,0.3333333333333333,0.1111111111111111,0.0,0.0,0.0,0.19027777777777777,12.583333333333334,6.9444444444444455,6.083333333333333,22.277777777777775,2.3333333333333335,1.0,25.61111111111111,46.861111111111114,26.777777777777775,48.138888888888886,0.0,31.0,9.222222222222221,6.638888888888889,42.55555555555555,3.0833333333333335,1.222222222222222,0.0,18.416666666666668,2.277777777777778,0.5555555555555555,20.277777777777775,0.75,0.2222222222222222,21.25,21.36111111111111,0.6363636363636364,0.26946721311475413,0.5263157894736843,0.0673076923076923,0.33471760797342187,0.611111111111111,1.0,0.352755905511811,0.4070351758793969,,0.5940860215053763,0.24698795180722877,1.0,0.4765013054830287,0.2432432432432432,0.18181818181818177,0.4534676941315946,0.44373918061165607
Joe Lauzon,Orthodox,No,No,No,Joe Lauzon,0.037037037037037035,0.5911401597676108,0.5250544662309368,0.18736383442265794,0.9890704429920115,9.81917211328976,1.1851851851851851,0.307915758896151,6.3805374001452435,1.6884531590413943,3.2432824981844592,11.312273057371096,29.16993464052288,16.20479302832244,34.4001452432825,1.4560639070442993,27.24328249818446,1.4807552650689904,0.4458968772694263,22.748729121278142,2.534495279593319,3.886710239651416,0.0813362381989833,0.40159767610748004,0.12781408859840232,0.10820624546114743,0.7027717259743403,18.185911401597675,5.084967320261438,2.018881626724764,18.656499636891795,4.3166303558460415,2.316630355846042,25.28976034858388,54.76978939724037,30.891793754538853,61.397240377632535,0.7857661583151779,45.84241103848947,6.580973129992738,2.34640522875817,44.07552650689905,6.904865649963689,3.789397240377632,0.3841684822076979,27.656499636891795,1.4960058097313,0.32752360203340597,25.41902687000726,2.5882352941176467,1.4727668845315904,29.4800290486565,30.50544662309368,0.4059850374064838,0.36042544116863034,0.8003923491907798,1.3257328990228014,0.28047885075818035,0.666189111747851,0.8344544095665173,0.3878059103243956,0.4710675758407397,0.48890942698706097,0.6032950495049505,0.22732288677996026,0.8288455586505725,0.5767152178211297,0.3748422381152714,0.3886546569566883,0.5382534673420138,0.49685370931112793
Kyle Bochniak,Orthodox,No,No,No,Kyle Bochniak,0.047619047619047616,0.38095238095238093,0.0,0.0,0.5714285714285714,8.190476190476192,2.142857142857143,2.8095238095238098,11.571428571428571,1.3333333333333333,0.23809523809523805,13.142857142857144,41.85714285714286,15.0,43.85714285714286,2.4761904761904763,34.142857142857146,4.0476190476190474,3.6666666666666665,38.904761904761905,2.5238095238095237,0.42857142857142855,0.0,0.7619047619047619,0.0,0.0,0.8063492063492063,16.80952380952381,4.6190476190476195,4.142857142857143,22.571428571428573,1.6666666666666667,1.3333333333333333,25.571428571428573,61.095238095238095,30.28571428571429,66.42857142857143,2.047619047619048,49.57142857142858,6.571428571428572,4.9523809523809526,56.57142857142858,2.2857142857142856,2.238095238095238,1.2857142857142858,32.76190476190476,1.9523809523809523,0.8095238095238094,34.0,0.6190476190476191,0.9047619047619048,35.523809523809526,36.14285714285714,0.15384615384615383,0.23988842398884241,0.5294117647058824,0.10389610389610389,0.2974296205630355,0.5283018867924528,0.5555555555555555,0.31399317406143346,0.34201954397394135,0.627906976744186,0.6609029779058597,0.2971014492753623,0.8461538461538461,0.601010101010101,0.27083333333333326,0.4042553191489362,0.5814497272018706,0.5440860215053763
Boston Salmon,Southpaw,No,No,No,Boston Salmon,0.0,0.0,0.0,0.0,0.35833333333333334,2.0,3.5,0.5,5.5,0.5,0.0,6.0,11.0,8.0,13.0,0.5,6.5,4.0,0.5,10.5,0.5,0.0,1.5,0.0,0.0,0.0,0.07499999999999996,13.0,0.5,0.0,10.5,0.0,3.0,13.5,24.5,14.0,25.0,0.0,23.0,1.5,0.0,19.0,0.5,5.0,0.0,10.0,1.0,0.0,8.5,0.5,2.0,11.0,11.0,0.0,0.3076923076923077,0.875,0.0,0.5238095238095238,1.0,,0.5454545454545454,0.6153846153846154,,0.4347826086956522,0.6666666666666667,,0.4473684210526315,1.0,0.4,0.44897959183673475,0.43999999999999995
Lauren Mueller,Orthodox,No,No,No,Lauren Mueller,0.0,0.3055555555555555,0.0,0.0,0.6898148148148149,10.583333333333334,4.472222222222222,2.8055555555555554,16.25,1.4166666666666667,0.19444444444444442,17.86111111111111,47.25,26.583333333333332,57.27777777777778,0.38888888888888884,36.55555555555555,7.583333333333333,3.111111111111111,44.666666666666664,1.888888888888889,0.6944444444444443,0.0,0.38888888888888884,0.08333333333333333,0.0,1.0222222222222221,12.305555555555557,4.777777777777778,3.6666666666666665,18.305555555555554,1.9444444444444444,0.5,20.75,49.083333333333336,33.19444444444444,62.97222222222222,0.8888888888888888,37.47222222222222,7.25,4.361111111111111,45.888888888888886,2.6944444444444446,0.5,0.5,25.166666666666668,2.4722222222222223,0.6944444444444445,27.583333333333332,0.75,0.0,28.333333333333332,29.777777777777775,0.7857142857142857,0.2895136778115502,0.5897435897435898,0.0982142857142857,0.36380597014925375,0.75,0.28,0.37801293356848914,0.4641125121241513,0.5625,0.6716085989621942,0.34099616858237547,0.910828025477707,0.601089588377724,0.27835051546391754,0.0,0.5772495755517827,0.47287163652404063
Hector Aldana,Orthodox,No,No,No,Hector Aldana,0.0,0.2222222222222222,0.0,0.0,0.11666666666666665,8.888888888888888,2.3333333333333335,4.555555555555556,15.0,0.6666666666666666,0.1111111111111111,15.777777777777779,43.111111111111114,16.333333333333332,43.666666666666664,0.2222222222222222,32.77777777777778,4.222222222222222,6.111111111111112,41.44444444444445,1.5555555555555554,0.1111111111111111,0.2222222222222222,0.1111111111111111,0.0,0.0,0.0074074074074074,17.555555555555557,3.4444444444444446,6.111111111111111,25.555555555555554,0.3333333333333333,1.222222222222222,27.11111111111111,69.22222222222221,27.555555555555554,70.0,0.1111111111111111,55.666666666666664,7.222222222222222,6.333333333333333,66.77777777777779,0.5555555555555556,1.888888888888889,0.0,38.11111111111111,3.7777777777777772,0.2222222222222222,41.22222222222222,0.2222222222222222,0.6666666666666666,42.11111111111111,42.44444444444444,1.0,0.27118644067796605,0.5526315789473685,0.03636363636363636,0.3619302949061662,0.4285714285714286,1.0,0.36597938144329895,0.37404580152671757,0.0,0.684630738522954,0.523076923076923,0.9824561403508771,0.6173044925124793,0.4,0.3529411764705883,0.608346709470305,0.6063492063492064
Thomas Gifford,Orthodox,No,No,No,Thomas Gifford,0.0,0.16666666666666666,0.0,0.0,0.2805555555555555,10.166666666666666,3.8333333333333335,5.666666666666667,17.333333333333332,2.0,0.3333333333333333,19.666666666666668,52.0,29.166666666666668,62.166666666666664,0.5,40.333333333333336,5.0,6.666666666666667,48.666666666666664,2.6666666666666665,0.6666666666666666,0.3333333333333333,0.6666666666666666,0.0,0.0,1.8527777777777779,22.833333333333332,6.5,2.6666666666666665,21.5,3.3333333333333335,7.166666666666667,32.0,51.166666666666664,39.333333333333336,59.333333333333336,1.0,39.833333333333336,7.833333333333333,3.5,38.666666666666664,3.5,9.0,0.3333333333333333,17.0,1.3333333333333333,0.8333333333333334,17.166666666666668,0.16666666666666666,1.8333333333333333,19.166666666666668,20.0,0.3333333333333333,0.25206611570247933,0.7666666666666667,0.024999999999999998,0.3561643835616438,0.75,0.5,0.37820512820512825,0.4691689008042896,0.33333333333333337,0.4267782426778244,0.17021276595744683,0.8095238095238095,0.4439655172413792,0.04761904761904756,0.20370370370370372,0.37459283387622144,0.3370786516853932
James Vick,Orthodox,No,No,No,James Vick,0.15079365079365079,0.09523809523809523,0.1984126984126984,0.047619047619047616,0.32169312169312164,11.936507936507937,4.428571428571429,2.515873015873016,17.126984126984127,1.1111111111111112,0.6428571428571428,18.88095238095238,46.17460317460317,21.793650793650794,49.08730158730159,0.2698412698412698,36.07936507936508,6.817460317460317,3.277777777777778,43.65873015873016,1.5396825396825395,0.9761904761904762,0.16666666666666666,0.48412698412698413,0.023809523809523808,0.0,0.5082010582010582,7.96031746031746,2.714285714285714,3.2460317460317456,11.785714285714286,1.2777777777777777,0.8571428571428571,13.92063492063492,36.62698412698413,16.21428571428571,39.06349206349206,1.4047619047619049,27.18253968253968,4.833333333333333,4.611111111111111,33.26190476190476,2.198412698412698,1.1666666666666667,0.9206349206349206,19.222222222222225,2.119047619047619,1.365079365079365,21.476190476190478,0.9206349206349206,0.30952380952380953,22.706349206349206,22.84920634920635,0.35294117647058826,0.3308402991641003,0.6495925494761351,0.02905569007263922,0.392292310489002,0.7216494845360826,0.6585365853658536,0.408903403231351,0.44397736459175424,0.655367231638418,0.7071532846715328,0.43842364532019706,0.8950086058519793,0.6456692913385826,0.41877256317689526,0.26530612244897966,0.6199349945828819,0.5849248273059733
Rostem Akman,Switch,No,No,No,Rostem Akman,0.0,0.3333333333333333,0.0,0.0,0.563888888888889,6.333333333333333,2.0,0.6666666666666666,7.0,2.0,0.0,9.0,35.0,9.166666666666666,35.5,0.8333333333333334,30.833333333333332,3.5,0.6666666666666666,32.5,2.5,0.0,0.16666666666666666,0.16666666666666666,0.0,0.0,0.3055555555555556,8.166666666666666,5.166666666666667,6.5,18.0,1.8333333333333333,0.0,19.833333333333332,47.0,20.166666666666668,47.833333333333336,1.3333333333333333,29.333333333333332,10.333333333333334,7.333333333333333,44.666666666666664,2.3333333333333335,0.0,1.1666666666666667,21.166666666666668,5.166666666666667,0.8333333333333334,26.666666666666668,0.5,0.0,27.166666666666668,27.666666666666668,0.39999999999999997,0.20540540540540542,0.5714285714285714,0.5,0.2153846153846154,0.8,,0.2571428571428571,0.25821596244131456,0.875,0.7215909090909092,0.5,0.9772727272727273,0.5970149253731343,0.2142857142857144,,0.5780141843971631,0.578397212543554
Luke Jumeau,Orthodox,No,No,No,Luke Jumeau,0.0,0.08333333333333333,0.0,0.0,0.325,9.0,2.3333333333333335,3.3333333333333335,11.0,3.4166666666666665,0.25,14.666666666666666,33.583333333333336,16.666666666666668,35.666666666666664,0.08333333333333333,26.166666666666668,3.9166666666666665,3.5,28.416666666666668,4.75,0.4166666666666667,0.0,0.3333333333333333,0.0,0.0,1.0222222222222224,9.916666666666666,3.0833333333333335,2.8333333333333335,10.166666666666666,4.0,1.6666666666666667,15.833333333333334,37.833333333333336,22.833333333333332,46.25,2.5,28.333333333333332,5.583333333333333,3.9166666666666665,29.75,5.416666666666667,2.6666666666666665,2.1666666666666665,18.416666666666668,2.5,1.0833333333333333,19.583333333333332,1.4166666666666667,1.0,22.0,23.416666666666668,1.0,0.34394904458598724,0.5957446808510639,0.023809523809523808,0.3870967741935484,0.7192982456140351,0.6,0.4367245657568238,0.4672897196261683,0.8666666666666667,0.65,0.4477611940298507,0.9148936170212766,0.6582633053221288,0.2615384615384616,0.3749999999999999,0.5814977973568283,0.5063063063063064
Nadia Kassem,Southpaw,No,No,No,Nadia Kassem,0.0,0.1111111111111111,0.6666666666666666,0.4444444444444444,0.487037037037037,5.888888888888889,7.222222222222222,2.4444444444444446,11.666666666666666,2.8888888888888893,1.0,15.555555555555555,37.44444444444444,32.22222222222222,57.666666666666664,0.3333333333333333,21.666666666666668,12.222222222222223,3.5555555555555554,31.555555555555554,3.888888888888889,2.0,0.1111111111111111,0.8888888888888888,0.3333333333333333,0.0,2.009259259259259,14.666666666666666,3.0,2.5555555555555554,15.111111111111109,0.7777777777777777,4.333333333333333,20.222222222222225,37.77777777777778,33.44444444444445,52.666666666666664,1.5555555555555556,30.222222222222218,3.888888888888889,3.6666666666666665,31.444444444444443,1.4444444444444444,4.888888888888888,0.6666666666666666,15.555555555555557,0.888888888888889,1.1111111111111112,16.333333333333332,0.6666666666666666,0.5555555555555555,17.555555555555554,19.222222222222225,0.3333333333333333,0.2717948717948718,0.5909090909090908,0.03125,0.36971830985915494,0.742857142857143,0.5,0.41543026706231456,0.558766859344894,0.4285714285714286,0.5147058823529411,0.22857142857142854,0.7575757575757576,0.519434628975265,0.46153846153846156,0.11363636363636365,0.4647058823529411,0.36497890295358637
Nohelin Hernandez,Orthodox,No,No,No,Nohelin Hernandez,0.0,0.16666666666666666,0.0,0.16666666666666666,0.6,3.0,0.6666666666666666,1.0,1.8333333333333333,0.6666666666666666,2.1666666666666665,4.666666666666667,13.833333333333334,6.5,15.833333333333334,0.3333333333333333,11.5,0.8333333333333334,1.5,8.333333333333334,1.1666666666666667,4.333333333333333,0.0,1.0,0.5,0.0,1.9361111111111111,7.0,0.5,2.5,5.5,0.5,4.0,10.0,21.0,21.666666666666668,36.833333333333336,1.5,15.833333333333334,1.6666666666666667,3.5,13.666666666666666,0.6666666666666666,6.666666666666667,0.5,8.833333333333334,1.1666666666666667,1.0,8.166666666666666,0.16666666666666666,2.6666666666666665,11.0,15.166666666666666,0.5,0.2608695652173913,0.7999999999999999,0.1111111111111111,0.21999999999999997,0.5714285714285714,0.5,0.3373493975903615,0.4105263157894737,0.33333333333333337,0.5578947368421052,0.7,0.7142857142857143,0.5975609756097561,0.25,0.4,0.5238095238095238,0.4117647058823529
Danilo Belluardo,Southpaw,No,No,No,Danilo Belluardo,0.0,0.75,0.0,0.0,1.4416666666666667,2.75,0.0,1.0,2.5,0.0,1.25,3.75,6.0,16.5,20.5,0.75,5.0,0.0,1.0,4.25,0.0,1.75,0.0,0.25,0.0,0.5,0.35416666666666663,12.5,0.5,0.5,1.75,0.75,11.0,13.5,23.75,38.75,51.0,0.5,20.5,1.75,1.5,8.75,0.75,14.25,0.25,8.0,1.25,1.0,7.0,0.0,3.25,10.25,12.25,1.0,0.55,,0.75,0.5882352941176471,,0.7142857142857143,0.625,0.8048780487804879,0.5,0.3902439024390244,0.7142857142857143,0.8333333333333334,0.8,0.0,0.22807017543859653,0.43157894736842106,0.24019607843137258
Siyar Bahadurzada,Orthodox,No,No,No,Siyar Bahadurzada,0.23214285714285712,0.4321428571428571,0.10833333333333334,0.041666666666666664,0.8041865079365079,9.638095238095238,2.5619047619047617,0.9011904761904762,6.430952380952381,2.7261904761904763,3.9440476190476184,13.101190476190476,31.984523809523807,23.972619047619048,43.94285714285714,0.7464285714285714,26.723809523809525,3.785714285714286,1.4749999999999999,22.015476190476193,4.08452380952381,5.8845238095238095,0.0,0.6178571428571429,0.06666666666666667,0.041666666666666664,1.5151984126984128,8.847619047619048,2.5309523809523813,3.627380952380952,11.11904761904762,1.8345238095238097,2.052380952380952,15.00595238095238,29.222619047619048,33.9202380952381,49.69761904761905,1.5488095238095239,20.283333333333335,4.230952380952381,4.708333333333333,21.80595238095238,2.9226190476190474,4.4940476190476195,0.9309523809523809,11.435714285714285,1.7,1.0809523809523809,10.686904761904762,1.088095238095238,2.441666666666667,14.216666666666667,15.777380952380952,0.5789473684210525,0.360655737704918,0.6767295597484275,0.2929782082324455,0.29211052830800843,0.6674438939084815,0.6702407444871534,0.4096103026017047,0.5455407455570005,0.601076095311299,0.5637985679070314,0.401800787844682,0.8687737041719342,0.49009117213517495,0.3723014256619144,0.5433112582781459,0.4864952947407015,0.31746754180041203
Marcos Mariano,Switch,No,No,No,Marcos Mariano,0.0,0.0,0.0,0.0,0.13333333333333333,0.3333333333333333,0.5,0.16666666666666666,0.6666666666666666,0.0,0.3333333333333333,1.0,3.6666666666666665,2.1666666666666665,5.0,0.0,2.5,0.8333333333333334,0.3333333333333333,3.1666666666666665,0.0,0.5,0.0,1.1666666666666667,0.6666666666666666,0.0,4.427777777777778,9.333333333333334,0.3333333333333333,0.3333333333333333,0.6666666666666666,0.0,9.333333333333334,10.0,17.166666666666668,36.333333333333336,45.333333333333336,1.5,16.166666666666668,0.6666666666666666,0.3333333333333333,2.1666666666666665,0.0,15.0,0.3333333333333333,6.833333333333333,0.3333333333333333,0.0,1.5,0.0,5.666666666666667,7.166666666666667,9.0,,0.13333333333333333,0.6,0.0,0.21052631578947367,,0.6666666666666666,0.27272727272727276,0.4333333333333333,0.2222222222222222,0.4226804123711341,0.5,-2.5000000000000004,0.6923076923076923,,0.37777777777777777,0.41747572815533984,0.19852941176470584
Carlos Huachin,Southpaw,No,No,No,Carlos Huachin,0.0,0.0,0.0,0.0,0.0,7.166666666666667,1.6666666666666667,0.8333333333333334,9.166666666666666,0.16666666666666666,0.3333333333333333,9.666666666666666,44.5,10.5,45.5,0.0,37.0,6.166666666666667,1.3333333333333333,43.0,0.8333333333333334,0.6666666666666666,0.3333333333333333,0.5,0.16666666666666666,0.0,1.6583333333333332,18.666666666666668,2.0,3.3333333333333335,11.666666666666666,0.16666666666666666,12.166666666666666,24.0,46.166666666666664,28.666666666666668,51.833333333333336,1.5,37.833333333333336,3.1666666666666665,5.166666666666667,30.0,0.5,15.666666666666666,1.0,19.166666666666668,1.1666666666666667,1.8333333333333333,18.333333333333332,0.3333333333333333,3.5,22.166666666666668,23.166666666666668,,0.1936936936936937,0.2702702702702703,0.0,0.2131782945736434,0.19999999999999998,0.5,0.21722846441947563,0.23076923076923078,0.6666666666666667,0.5066079295154184,0.36842105263157887,0.9032258064516129,0.6111111111111112,0.6666666666666667,0.22340425531914898,0.4801444043321299,0.44694533762057875
Marco Polo Reyes,Orthodox,No,No,No,Marco Polo Reyes,0.3333333333333333,0.0,0.0,0.0,0.36921296296296285,13.583333333333334,6.166666666666667,2.4583333333333335,18.25,1.6388888888888886,2.319444444444444,22.208333333333332,58.180555555555564,25.111111111111114,61.194444444444436,0.041666666666666664,46.541666666666664,8.652777777777779,2.986111111111111,52.55555555555555,2.7222222222222228,2.9027777777777772,0.08333333333333333,0.5972222222222222,0.0,0.0,0.5398148148148149,14.986111111111109,2.0277777777777777,1.8888888888888886,13.444444444444443,1.9583333333333333,3.5,18.902777777777775,48.138888888888886,24.777777777777782,54.65277777777777,1.0972222222222223,42.736111111111114,3.4305555555555554,1.972222222222222,39.94444444444445,3.097222222222222,5.097222222222222,0.5,27.75,1.4027777777777777,0.08333333333333333,26.5,1.138888888888889,1.597222222222222,29.23611111111111,29.875,0.0,0.29185317815577444,0.7126805778491171,0.0,0.3472515856236787,0.6020408163265304,0.799043062200957,0.3817140128909047,0.410349523377213,0.45569620253164567,0.6493337666558336,0.4089068825910931,0.6971830985915493,0.663421418636996,0.3677130044843049,0.31335149863760214,0.6073283323716099,0.5466327827191866
Martin Bravo,Southpaw,No,No,No,Martin Bravo,0.1111111111111111,0.6944444444444443,0.0,0.0,0.6217592592592592,22.361111111111114,5.166666666666667,1.8333333333333333,26.805555555555557,1.4166666666666667,1.1388888888888888,29.36111111111111,78.05555555555556,36.0,85.44444444444446,1.7777777777777777,66.27777777777779,8.305555555555555,3.4722222222222228,72.72222222222221,3.6666666666666665,1.6666666666666667,0.19444444444444442,0.08333333333333333,0.0,0.0,0.13888888888888887,17.333333333333332,6.027777777777779,1.0833333333333333,23.361111111111114,0.6944444444444443,0.38888888888888884,24.444444444444446,47.97222222222222,25.361111111111114,48.888888888888886,0.8888888888888888,39.30555555555556,7.583333333333333,1.0833333333333333,44.916666666666664,2.1666666666666665,0.8888888888888888,0.8055555555555555,21.972222222222225,1.5555555555555554,0.0,21.555555555555557,1.472222222222222,0.5,23.527777777777775,23.527777777777775,0.39062499999999994,0.337384744341995,0.6220735785953178,0.19999999999999993,0.3686019862490451,0.3863636363636364,0.6833333333333332,0.37615658362989324,0.42132639791937576,0.90625,0.5590106007067138,0.20512820512820495,0.9230769230769231,0.4799010513296227,0.6794871794871795,0.5625,0.49044585987261147,0.48124999999999996
Sergio Pettis,Orthodox,No,No,No,Sergio Pettis,0.014285714285714285,0.1758241758241758,0.07252747252747252,0.02857142857142857,0.27554945054945057,14.632967032967034,2.312087912087912,1.8934065934065933,17.175824175824175,0.6153846153846153,1.0472527472527473,18.838461538461537,51.25934065934066,23.104395604395602,55.8901098901099,0.6274725274725275,45.535164835164835,3.256043956043956,2.468131868131868,48.54615384615384,0.8626373626373626,1.8505494505494504,0.04285714285714286,0.721978021978022,0.045054945054945054,0.04395604395604395,1.371062271062271,8.016483516483516,2.659340659340659,1.831868131868132,10.703296703296704,0.5186813186813187,1.2857142857142858,12.507692307692306,40.64725274725275,17.736263736263737,47.004395604395604,1.456043956043956,33.94395604395605,4.294505494505494,2.4087912087912087,37.252747252747255,0.8241758241758241,2.57032967032967,0.734065934065934,25.927472527472524,1.6351648351648351,0.5769230769230769,26.549450549450547,0.3054945054945055,1.2846153846153847,28.139560439560437,29.268131868131867,0.28021015761821366,0.32135531047131793,0.7100911238609516,0.07123775601068567,0.3538040156642597,0.7133757961783439,0.565914489311164,0.3675127556489302,0.41338969720802193,0.5041509433962263,0.7638317847777526,0.3807574206755374,0.7002737226277372,0.7126843657817109,0.3706666666666666,0.49978623343309103,0.6922868961042472,0.622667975873194
Kyle Prepolec,Southpaw,No,No,No,Kyle Prepolec,0.0,0.0,0.0,0.0,0.13333333333333333,8.333333333333334,5.166666666666667,2.5,15.5,0.5,0.0,16.0,45.833333333333336,16.5,46.333333333333336,0.5,33.5,8.166666666666666,4.166666666666667,45.166666666666664,0.6666666666666666,0.0,0.0,0.5,0.0,0.0,0.9583333333333334,8.666666666666666,6.833333333333333,8.0,21.666666666666668,0.0,1.8333333333333333,23.5,52.166666666666664,37.666666666666664,73.33333333333333,0.8333333333333334,32.166666666666664,10.833333333333334,9.166666666666666,49.833333333333336,0.0,2.3333333333333335,0.3333333333333333,23.5,4.0,1.1666666666666667,28.166666666666668,0.0,0.5,28.666666666666668,35.666666666666664,0.0,0.24875621890547264,0.6326530612244898,0.0,0.34317343173431736,0.75,,0.34909090909090906,0.35611510791366907,0.4,0.7305699481865284,0.36923076923076925,0.9454545454545454,0.5652173913043479,,0.2142857142857144,0.549520766773163,0.48636363636363633
Ryan MacDonald,Switch,No,No,No,Ryan MacDonald,0.0,0.0,0.0,0.0,0.27499999999999997,4.333333333333333,1.3333333333333333,3.3333333333333335,9.0,0.0,0.0,9.0,34.5,9.166666666666666,34.666666666666664,1.0,27.0,3.5,4.0,34.0,0.5,0.0,0.16666666666666666,0.0,0.0,0.0,0.06944444444444443,9.333333333333334,11.0,8.833333333333334,28.833333333333332,0.3333333333333333,0.0,29.166666666666668,51.833333333333336,29.666666666666668,52.666666666666664,0.0,24.5,16.333333333333332,11.0,50.666666666666664,1.1666666666666667,0.0,0.0,15.166666666666666,5.333333333333333,2.1666666666666665,21.833333333333332,0.8333333333333334,0.0,22.666666666666668,23.0,0.0,0.16049382716049382,0.38095238095238093,0.0,0.2647058823529412,0.0,,0.2608695652173913,0.2644230769230769,,0.6190476190476191,0.3265306122448979,1.0,0.430921052631579,0.7142857142857143,,0.4372990353697749,0.43670886075949367
Todd Duffee,Orthodox,No,No,No,Todd Duffee,0.2222222222222222,0.05555555555555555,0.0,0.0,0.14907407407407405,10.111111111111112,1.8333333333333333,0.3888888888888889,10.777777777777779,1.1666666666666667,0.3888888888888889,12.333333333333334,39.94444444444445,12.944444444444443,40.55555555555555,0.16666666666666666,36.833333333333336,2.722222222222222,0.3888888888888889,37.27777777777778,2.1666666666666665,0.5,0.3888888888888889,0.05555555555555555,0.0,0.0,0.08148148148148147,5.277777777777778,0.05555555555555555,0.2222222222222222,4.611111111111111,0.8888888888888888,0.05555555555555555,5.555555555555556,15.555555555555557,6.722222222222221,16.722222222222225,2.2222222222222223,15.166666666666666,0.1111111111111111,0.2777777777777778,13.722222222222221,1.7222222222222223,0.1111111111111111,2.1666666666666665,9.888888888888888,0.05555555555555555,0.05555555555555555,9.11111111111111,0.8333333333333334,0.05555555555555555,10.0,10.0,0.3333333333333333,0.27450980392156865,0.6734693877551021,0.14285714285714285,0.28912071535022354,0.5384615384615385,0.7777777777777778,0.3087621696801112,0.31917808219178084,0.975,0.652014652014652,0.5,0.8,0.6639676113360324,0.4838709677419355,0.5,0.6428571428571428,0.5980066445182726
Don Madge,Southpaw,No,No,No,Don Madge,0.3333333333333333,0.8333333333333334,0.16666666666666666,0.0,2.4194444444444443,5.0,2.6666666666666665,0.8333333333333334,3.3333333333333335,1.1666666666666667,4.0,8.5,16.166666666666668,23.333333333333332,33.333333333333336,2.6666666666666665,11.833333333333334,3.0,1.3333333333333333,8.666666666666666,2.1666666666666665,5.333333333333333,0.0,0.16666666666666666,0.0,0.0,1.075,1.6666666666666667,0.3333333333333333,0.5,2.1666666666666665,0.3333333333333333,0.0,2.5,8.666666666666666,15.833333333333334,23.0,0.8333333333333334,7.5,0.6666666666666666,0.5,7.0,0.6666666666666666,1.0,0.6666666666666666,5.833333333333333,0.3333333333333333,0.0,4.833333333333333,0.3333333333333333,1.0,6.166666666666667,7.166666666666667,0.31250000000000006,0.4225352112676056,0.8888888888888888,0.6250000000000001,0.38461538461538464,0.5384615384615385,0.75,0.5257731958762886,0.7,0.8,0.7777777777777778,0.5,0.6666666666666667,0.6904761904761905,0.5,1.0,0.7115384615384615,0.31159420289855067
Mairbek Taisumov,Orthodox,No,No,No,Mairbek Taisumov,0.16666666666666666,0.46296296296296297,0.0,0.0,0.45324074074074067,7.5740740740740735,2.0925925925925926,2.425925925925926,9.907407407407407,0.9166666666666666,1.2685185185185184,12.092592592592593,32.15740740740741,13.972222222222221,34.49074074074074,0.6666666666666666,25.287037037037038,3.9537037037037037,2.9166666666666665,28.527777777777775,1.472222222222222,2.1574074074074074,0.05555555555555555,0.1574074074074074,0.0,0.0,0.29799382716049383,9.87037037037037,2.5370370370370368,1.537037037037037,12.814814814814815,0.5833333333333334,0.5462962962962963,13.944444444444445,38.166666666666664,16.083333333333332,40.60185185185185,1.5092592592592593,31.63888888888889,4.518518518518518,2.009259259259259,36.31481481481482,1.2314814814814816,0.6203703703703703,1.3518518518518519,21.76851851851852,1.9814814814814816,0.47222222222222215,23.5,0.6481481481481481,0.07407407407407407,24.222222222222225,24.51851851851852,0.6944444444444445,0.29952398388868545,0.5292740046838408,0.15873015873015875,0.347289840960727,0.6226415094339622,0.5879828326180256,0.376043766196372,0.40510067114093956,0.8957055214723927,0.688030436055019,0.4385245901639344,0.9216589861751152,0.6471188169301376,0.5263157894736843,0.11940298507462688,0.6346433770014556,0.6038768529076397
Nordine Taleb,Orthodox,No,No,No,Nordine Taleb,0.06481481481481481,0.6203703703703703,0.0,0.037037037037037035,1.204320987654321,8.675925925925926,3.9537037037037037,4.62037037037037,13.435185185185185,1.0277777777777777,2.7870370370370368,17.25,33.03703703703704,24.574074074074076,40.75,0.8240740740740741,21.444444444444443,6.055555555555556,5.537037037037037,27.84259259259259,1.3240740740740742,3.8703703703703702,0.10185185185185185,0.19444444444444442,0.10185185185185185,0.0,0.3405864197530864,7.435185185185186,2.4166666666666665,2.0555555555555554,10.064814814814815,0.9259259259259259,0.9166666666666666,11.907407407407407,36.14814814814815,15.888888888888891,40.620370370370374,0.8148148148148149,28.98148148148148,3.935185185185185,3.2314814814814814,32.75,1.5740740740740742,1.8240740740740737,0.6203703703703703,21.546296296296294,1.5185185185185184,1.1759259259259258,22.685185185185187,0.6481481481481481,0.9074074074074074,24.240740740740744,24.73148148148148,0.7528089887640449,0.4045768566493955,0.6529051987767583,0.11204013377926421,0.48254073827735283,0.7762237762237761,0.7200956937799042,0.5221412556053812,0.6030447625539651,0.7613636363636365,0.7434504792332268,0.38588235294117645,0.9398280802292264,0.6926774102346621,0.41176470588235303,0.4974619289340101,0.670594262295082,0.6088443127421928
Teemu Packalen,Orthodox,No,No,No,Teemu Packalen,0.08333333333333333,0.75,0.4166666666666667,0.0,0.5958333333333333,8.833333333333334,2.25,0.3333333333333333,9.833333333333334,0.4166666666666667,1.1666666666666667,11.416666666666666,20.416666666666668,12.416666666666666,22.416666666666668,2.75,17.666666666666668,2.3333333333333335,0.4166666666666667,17.666666666666668,0.8333333333333334,1.9166666666666667,0.16666666666666666,0.0,0.0,0.4166666666666667,1.6152777777777778,10.0,3.4166666666666665,3.4166666666666665,12.666666666666666,0.6666666666666666,3.5,16.833333333333332,32.666666666666664,22.166666666666668,38.416666666666664,0.3333333333333333,23.833333333333332,4.416666666666667,4.416666666666667,26.75,0.9166666666666666,5.0,0.3333333333333333,13.833333333333334,1.0,1.0,14.083333333333334,0.25,1.5,15.833333333333334,16.25,0.2727272727272727,0.5,0.9642857142857142,1.7999999999999998,0.5566037735849056,0.5,0.6086956521739131,0.5591836734693877,0.553903345724907,1.0,0.5804195804195804,0.2264150943396227,1.0,0.5264797507788161,0.2727272727272727,0.30000000000000004,0.48469387755102045,0.42299349240780904
Derrick Krantz,Orthodox,No,No,No,Derrick Krantz,0.0,1.1666666666666667,0.3333333333333333,0.3333333333333333,2.138888888888889,6.5,1.8333333333333333,0.8333333333333334,8.166666666666666,0.16666666666666666,0.8333333333333334,9.166666666666666,24.0,15.833333333333334,31.333333333333332,2.3333333333333335,20.833333333333332,2.3333333333333335,0.8333333333333334,22.166666666666668,0.6666666666666666,1.1666666666666667,0.16666666666666666,0.0,0.0,0.3333333333333333,0.27777777777777773,16.0,1.5,2.3333333333333335,17.333333333333332,1.3333333333333333,1.1666666666666667,19.833333333333332,39.5,20.666666666666668,40.333333333333336,0.0,31.833333333333332,4.666666666666667,3.0,36.5,1.8333333333333333,1.1666666666666667,0.0,15.833333333333334,3.1666666666666665,0.6666666666666666,19.166666666666668,0.5,0.0,19.666666666666668,19.666666666666668,0.5,0.312,0.7857142857142856,1.4000000000000001,0.3684210526315789,0.25,0.7142857142857143,0.3819444444444444,0.5053191489361702,,0.4973821989528796,0.6785714285714286,1.0,0.5251141552511416,0.2727272727272727,0.0,0.4978902953586498,0.487603305785124
Andre Soukhamthath,Orthodox,No,No,No,Andre Soukhamthath,0.2857142857142857,0.4365079365079365,0.05555555555555555,0.0,0.735185185185185,6.079365079365079,4.404761904761905,2.73015873015873,8.825396825396824,2.8492063492063493,1.5396825396825395,13.214285714285714,29.92063492063492,17.404761904761905,34.49206349206349,0.8015873015873015,20.825396825396826,5.825396825396825,3.26984126984127,24.071428571428573,3.9444444444444446,1.9047619047619049,0.0,0.34920634920634913,0.14285714285714285,0.10317460317460318,1.3547619047619044,13.103174603174603,4.063492063492063,3.492063492063492,14.031746031746032,2.03968253968254,4.587301587301588,20.658730158730158,41.08730158730159,32.1031746031746,54.42063492063492,0.8492063492063493,31.23015873015873,5.301587301587301,4.555555555555555,32.48412698412699,2.722222222222222,5.8809523809523805,0.5,18.126984126984127,1.2380952380952381,1.0634920634920635,18.452380952380953,0.6825396825396824,1.2936507936507937,20.428571428571427,22.31746031746032,0.5445544554455446,0.291920731707317,0.7561307901907358,0.13349514563106796,0.3666336960105505,0.7223340040241448,0.8083333333333332,0.44164456233421745,0.504601932811781,0.5887850467289721,0.5804320203303686,0.2335329341317366,0.9233449477351916,0.5680430002443196,0.25072886297376074,0.2199730094466935,0.49719915008692295,0.4100918769141024
Jodie Esquibel,Orthodox,No,No,No,Jodie Esquibel,0.0,0.25,0.0,0.0,0.5236111111111111,13.333333333333334,6.083333333333333,1.0833333333333333,18.0,2.0,0.5,20.5,65.33333333333333,22.75,67.66666666666667,1.1666666666666667,51.75,12.333333333333334,1.25,61.25,3.5,0.5833333333333334,0.0,0.16666666666666666,0.08333333333333333,0.0,0.16666666666666666,25.0,8.5,3.3333333333333335,28.666666666666668,7.5,0.6666666666666666,36.833333333333336,77.66666666666667,42.5,83.41666666666667,1.0,62.666666666666664,11.083333333333334,3.9166666666666665,67.58333333333333,9.333333333333334,0.75,0.8333333333333334,37.666666666666664,2.5833333333333335,0.5833333333333334,38.916666666666664,1.8333333333333333,0.08333333333333333,40.833333333333336,40.916666666666664,0.21428571428571427,0.25764895330112725,0.4932432432432432,0.2,0.2938775510204082,0.5714285714285714,0.8571428571428571,0.3137755102040817,0.3362068965517241,0.8333333333333334,0.601063829787234,0.23308270676691734,0.9574468085106383,0.5758323057953143,0.1964285714285715,0.11111111111111116,0.5257510729613735,0.49050949050949055
Humberto Bandenay,Southpaw,No,No,No,Humberto Bandenay,0.08333333333333333,0.75,0.08333333333333333,0.0,0.47361111111111104,5.416666666666667,2.4166666666666665,1.0,7.25,1.4166666666666667,0.16666666666666666,8.833333333333334,21.833333333333332,13.25,26.333333333333332,1.75,17.416666666666668,3.0,1.4166666666666667,19.833333333333332,1.8333333333333333,0.16666666666666666,0.08333333333333333,0.3333333333333333,0.0,0.0,1.1902777777777778,13.583333333333334,6.333333333333333,1.25,13.5,3.4166666666666665,4.25,21.166666666666668,35.166666666666664,24.833333333333332,39.333333333333336,1.0,24.0,9.416666666666666,1.75,25.25,4.5,5.416666666666667,0.6666666666666666,10.416666666666666,3.0833333333333335,0.5,11.75,1.0833333333333333,1.1666666666666667,14.0,14.5,0.42857142857142855,0.31100478468899523,0.8055555555555555,0.5294117647058824,0.365546218487395,0.7727272727272728,1.0,0.4045801526717558,0.5031645569620253,0.6666666666666667,0.4340277777777778,0.327433628318584,0.8095238095238095,0.4653465346534653,0.2407407407407408,0.2153846153846154,0.3981042654028435,0.3686440677966102
Bobby Moffett,Orthodox,No,No,No,Bobby Moffett,0.0,0.7777777777777777,0.38888888888888884,0.1111111111111111,1.0074074074074073,9.722222222222221,2.8888888888888893,2.6666666666666665,14.722222222222223,0.4444444444444444,0.1111111111111111,15.277777777777777,42.55555555555555,19.166666666666668,47.666666666666664,1.3333333333333333,34.72222222222222,4.611111111111112,3.222222222222222,41.333333333333336,1.111111111111111,0.1111111111111111,0.0,0.5,0.27777777777777773,0.27777777777777773,0.9268518518518519,10.277777777777779,4.444444444444444,1.388888888888889,14.222222222222223,1.8888888888888886,0.0,16.11111111111111,42.94444444444445,20.166666666666668,47.555555555555564,1.5,35.333333333333336,6.111111111111111,1.5,40.388888888888886,2.555555555555556,0.0,1.0,25.055555555555554,1.6666666666666667,0.1111111111111111,26.166666666666668,0.6666666666666666,0.0,26.833333333333332,27.38888888888889,0.5833333333333333,0.27999999999999997,0.6265060240963856,0.24137931034482757,0.35618279569892475,0.4,1.0,0.35900783289817234,0.40209790209790214,0.6666666666666667,0.7091194968553459,0.2727272727272728,0.6666666666666667,0.6478679504814304,0.26086956521739146,,0.6248382923673999,0.5759345794392524
Liz Carmouche,Orthodox,No,No,Yes,Liz Carmouche,0.0,0.5477777777777778,0.09222222222222223,0.0,0.937962962962963,3.6222222222222222,1.295,2.4066666666666667,4.294444444444444,0.9866666666666667,2.042777777777778,7.32388888888889,17.310555555555556,34.84222222222222,46.07277777777777,1.4294444444444445,10.845555555555555,2.0883333333333334,4.376666666666667,13.419444444444446,1.1316666666666666,2.759444444444444,0.025,0.17944444444444443,0.17222222222222222,0.04722222222222222,1.9769259259259258,3.7444444444444445,1.2366666666666668,3.9588888888888887,5.611666666666666,1.6483333333333334,1.6800000000000002,8.940000000000001,23.65277777777778,23.139444444444443,38.94,0.5277777777777778,16.498333333333335,2.371111111111111,4.783333333333333,18.793333333333333,2.4633333333333334,2.3961111111111113,0.34833333333333333,12.75388888888889,1.1344444444444446,0.8244444444444443,13.181666666666667,0.8150000000000001,0.7161111111111111,14.712777777777779,15.800555555555556,0.3832102603964244,0.33398217395758634,0.6201117318435754,0.12515866971312517,0.32001655971848475,0.8718703976435936,0.7402858868532314,0.4230880323502038,0.7562431418890403,0.66,0.773041047917298,0.4784442361761948,0.9624854819976771,0.7014012061014545,0.3308525033829499,0.2988638998377,0.6220317087492659,0.40576670661416425
Salim Touahri,Orthodox,No,No,No,Salim Touahri,0.0,0.0,0.0,0.0,0.29814814814814816,5.444444444444444,6.4444444444444455,1.1111111111111112,8.555555555555555,3.6666666666666665,0.7777777777777777,13.0,27.666666666666668,17.333333333333332,32.55555555555556,0.3333333333333333,17.22222222222222,9.111111111111112,1.3333333333333333,21.777777777777782,4.444444444444444,1.4444444444444444,0.1111111111111111,0.3333333333333333,0.0,0.0,0.9740740740740742,9.777777777777777,1.5555555555555556,3.0,9.777777777777779,3.555555555555556,1.0,14.333333333333334,34.333333333333336,19.555555555555554,40.111111111111114,2.0,26.555555555555557,3.6666666666666665,4.111111111111112,28.222222222222225,4.888888888888888,1.2222222222222223,1.6666666666666667,16.77777777777778,2.111111111111111,1.111111111111111,18.444444444444446,1.3333333333333333,0.2222222222222222,20.0,20.555555555555554,0.0,0.3161290322580645,0.7073170731707317,0.0,0.3928571428571428,0.8250000000000001,0.5384615384615384,0.4698795180722891,0.5324232081911262,0.8333333333333334,0.6317991631799164,0.5757575757575757,0.918918918918919,0.6535433070866141,0.2727272727272726,0.18181818181818188,0.5825242718446602,0.5124653739612189
Cristiane Justino,Orthodox,Yes,No,Yes,Cristiane Justino,0.09523809523809523,0.10714285714285714,0.0,0.0,0.4341269841269841,16.44047619047619,8.18095238095238,4.476190476190476,21.254761904761903,5.254761904761905,2.5880952380952382,29.097619047619048,51.31666666666666,31.86190476190476,54.27380952380952,0.16428571428571428,36.58571428571429,10.06904761904762,4.661904761904762,40.8547619047619,6.521428571428572,3.9404761904761907,0.05714285714285714,0.05714285714285714,0.0,0.0,0.5542857142857143,6.930952380952381,2.4714285714285715,1.4523809523809523,9.769047619047619,0.8404761904761905,0.2452380952380952,10.854761904761904,39.91666666666667,13.135714285714286,42.490476190476194,0.6309523809523809,33.659523809523805,3.919047619047619,2.338095238095238,37.94761904761905,1.4738095238095237,0.49523809523809526,0.5738095238095238,26.728571428571428,1.4476190476190476,0.8857142857142858,28.178571428571427,0.6333333333333334,0.25,29.06190476190476,29.354761904761904,0.6521739130434783,0.44936873617076656,0.8124852210924567,0.022982635342185902,0.5202517629232473,0.8057685286600949,0.656797583081571,0.567020832366724,0.5870585654748849,0.909433962264151,0.7940864398387211,0.3693803159173754,0.9755600814663951,0.7425649391391642,0.4297253634894991,0.5048076923076924,0.7280644199224575,0.6908550935783929
Erik Koch,Southpaw,No,No,No,Erik Koch,0.06666666666666667,0.3428571428571428,0.3142857142857143,0.06666666666666667,1.0386507936507938,7.671428571428571,1.6952380952380952,1.1523809523809525,6.385714285714286,1.9333333333333333,2.1999999999999997,10.519047619047619,26.171428571428574,16.504761904761907,32.88095238095238,0.7047619047619048,22.609523809523807,2.085714285714286,1.4761904761904763,20.857142857142858,2.566666666666667,2.747619047619048,0.09999999999999999,0.3904761904761904,0.08095238095238096,0.06666666666666667,1.7125396825396824,8.952380952380953,4.204761904761905,2.066666666666667,6.228571428571428,3.857142857142857,5.1380952380952385,15.223809523809523,30.014285714285716,26.21904761904762,43.180952380952384,2.6857142857142855,21.138095238095236,5.923809523809524,2.9523809523809526,17.742857142857144,5.0095238095238095,7.261904761904762,2.2952380952380955,12.185714285714285,1.719047619047619,0.8857142857142857,11.514285714285714,1.1523809523809525,2.123809523809524,14.790476190476191,16.961904761904762,0.4864864864864864,0.33930075821398487,0.8127853881278538,0.232258064516129,0.3061643835616438,0.7532467532467532,0.800693240901213,0.4019286754002911,0.5019551049963795,0.8546099290780143,0.5764811894570849,0.2901929260450161,0.867741935483871,0.6489533011272142,0.23003802281368824,0.2924590163934425,0.4927812152943044,0.3928098808998677
Kyle Stewart,Orthodox,No,No,No,Kyle Stewart,0.0,0.0,0.0,0.0,0.5638888888888889,3.3333333333333335,0.8333333333333334,1.5,4.666666666666667,1.0,0.0,5.666666666666667,17.833333333333332,17.5,32.833333333333336,1.6666666666666667,13.333333333333334,2.0,2.5,16.0,1.8333333333333333,0.0,0.0,1.6666666666666667,0.16666666666666666,0.0,3.025,9.333333333333334,1.8333333333333333,0.16666666666666666,4.333333333333333,1.3333333333333333,5.666666666666667,11.333333333333334,18.333333333333332,22.0,32.0,3.5,15.333333333333334,2.8333333333333335,0.16666666666666666,9.833333333333334,1.8333333333333333,6.666666666666667,1.8333333333333333,6.0,1.0,0.0,5.5,0.5,1.0,7.0,10.0,0.0,0.25,0.4166666666666667,0.0,0.2916666666666667,0.5454545454545455,,0.31775700934579443,0.532994923857868,0.5238095238095237,0.3913043478260869,0.3529411764705883,-9.000000000000002,0.5593220338983051,0.2727272727272727,0.15000000000000002,0.3818181818181817,0.3125
Sarah Frota,Southpaw,No,No,No,Sarah Frota,0.0,0.0,0.0,0.0,1.0305555555555557,7.166666666666667,1.8333333333333333,0.6666666666666666,6.333333333333333,0.6666666666666666,2.6666666666666665,9.666666666666666,25.5,24.666666666666668,42.166666666666664,0.0,21.0,3.0,1.5,21.0,0.6666666666666666,3.8333333333333335,0.0,1.0,0.5,0.0,1.9416666666666664,7.0,1.6666666666666667,1.1666666666666667,4.833333333333333,0.5,4.5,9.833333333333334,21.166666666666668,23.166666666666668,34.833333333333336,2.6666666666666665,16.5,3.0,1.6666666666666667,12.833333333333334,0.5,7.833333333333333,1.6666666666666667,9.5,1.3333333333333333,0.5,8.0,0.0,3.3333333333333335,11.333333333333334,11.666666666666666,,0.3412698412698413,0.611111111111111,0.0,0.30158730158730157,1.0,0.6956521739130435,0.3790849673202614,0.5849802371541503,0.625,0.5757575757575757,0.4444444444444444,0.4,0.6233766233766234,0.0,0.42553191489361697,0.5354330708661417,0.33492822966507174
Yoshinori Horie,Orthodox,No,No,No,Yoshinori Horie,0.0,0.0,0.0,0.0,0.0111111111111111,8.0,2.3333333333333335,2.6666666666666665,11.666666666666666,1.3333333333333333,0.0,13.0,26.333333333333332,13.666666666666666,27.0,0.3333333333333333,20.666666666666668,2.6666666666666665,3.0,22.666666666666668,3.6666666666666665,0.0,0.3333333333333333,0.0,0.0,0.0,0.43888888888888894,14.0,9.0,3.6666666666666665,12.666666666666666,14.0,0.0,26.666666666666668,51.333333333333336,29.666666666666668,55.333333333333336,0.0,31.666666666666668,14.666666666666666,5.0,33.0,18.333333333333332,0.0,0.0,17.666666666666668,5.666666666666667,1.3333333333333333,20.333333333333332,4.333333333333333,0.0,24.666666666666668,25.666666666666668,0.0,0.3870967741935484,0.8750000000000001,0.0,0.5147058823529411,0.36363636363636365,,0.4936708860759494,0.5061728395061729,,0.5578947368421052,0.38636363636363635,1.0,0.6161616161616161,0.23636363636363633,,0.48051948051948057,0.463855421686747
Olivier Aubin-Mercier,Southpaw,No,No,No,Olivier Aubin-Mercier,0.05808080808080809,0.7196969696969697,0.16498316498316498,0.030303030303030304,1.3543490460157128,7.508417508417509,2.3585858585858586,1.122053872053872,7.945286195286195,1.6851851851851851,1.3585858585858588,10.989057239057239,21.431818181818183,17.764309764309765,29.184343434343432,2.1237373737373737,16.910774410774412,3.2760942760942764,1.244949494949495,17.696127946127945,2.01010101010101,1.7255892255892256,0.05808080808080809,0.3106060606060606,0.07407407407407407,0.13888888888888887,1.1251262626262626,8.850168350168351,3.023569023569023,1.8636363636363635,8.087542087542088,1.6624579124579124,3.9873737373737375,13.737373737373737,30.56228956228956,26.594276094276097,45.01767676767677,1.0303030303030303,23.73737373737374,4.511784511784512,2.313131313131313,22.941077441077443,2.6170033670033668,5.004208754208754,0.7196969696969697,14.88720538720539,1.488215488215488,0.44949494949494956,14.853535353535355,0.9545454545454546,1.0168350168350169,16.824915824915823,18.423400673400675,0.33888228299643286,0.44400199104031857,0.7199383350462486,0.5780933062880325,0.44898444560719214,0.8383584589614741,0.7873170731707319,0.512744982522289,0.608693144126215,0.6985294117647058,0.6271631205673759,0.32985074626865696,0.8657205240174672,0.647464592353416,0.3647475072370536,0.2031959629941127,0.5505122837942051,0.4092481442007442
Jin Soo Son,Orthodox,No,No,No,Jin Soo Son,0.0,0.5,0.0,0.0,0.7027777777777778,20.833333333333332,3.0,1.6666666666666667,20.833333333333332,4.0,0.6666666666666666,25.5,70.0,28.166666666666668,73.16666666666667,2.0,62.5,5.333333333333333,2.1666666666666665,63.833333333333336,5.166666666666667,1.0,0.0,0.0,0.0,0.16666666666666666,0.18888888888888888,29.833333333333332,6.166666666666667,2.1666666666666665,29.5,7.5,1.1666666666666667,38.166666666666664,80.0,49.0,91.66666666666667,0.5,69.0,8.666666666666666,2.3333333333333335,69.16666666666667,9.5,1.3333333333333333,0.5,39.166666666666664,2.5,0.16666666666666666,39.666666666666664,2.0,0.16666666666666666,41.833333333333336,42.666666666666664,0.25,0.3333333333333333,0.5625,0.23076923076923078,0.3263707571801566,0.7741935483870968,0.6666666666666666,0.36428571428571427,0.38496583143507973,1.0,0.567632850241546,0.2884615384615383,1.0,0.5734939759036145,0.21052631578947367,0.12499999999999989,0.5229166666666667,0.46545454545454545
Sheymon Moraes,Orthodox,No,No,No,Sheymon Moraes,0.15,0.0,0.0,0.0,0.24138888888888888,6.566666666666666,6.55,1.4833333333333334,11.75,2.2666666666666666,0.5833333333333334,14.6,34.75,15.816666666666668,36.21666666666667,0.31666666666666665,23.083333333333332,9.916666666666666,1.75,30.150000000000002,3.0833333333333335,1.5166666666666666,0.15,0.9500000000000001,0.21666666666666667,0.08333333333333333,1.3661111111111108,10.299999999999999,4.633333333333334,2.8166666666666664,13.133333333333333,2.0,2.6166666666666667,17.75,48.98333333333333,23.55,55.86666666666667,2.033333333333333,37.449999999999996,7.45,4.083333333333333,41.96666666666667,3.0500000000000003,3.966666666666667,1.0833333333333333,27.150000000000002,2.8166666666666664,1.2666666666666666,28.833333333333332,1.05,1.3499999999999999,31.233333333333334,32.31666666666667,0.0,0.28447653429602887,0.6605042016806723,0.0,0.3897180762852404,0.7351351351351351,0.38461538461538464,0.4201438848920863,0.436723423838012,0.5327868852459016,0.7249666221628839,0.37807606263982096,0.7673469387755102,0.687053216838761,0.34426229508196726,0.3403361344537815,0.6376318475671997,0.5784606205250596
Nicco Montano,Southpaw,Yes,No,Yes,Nicco Montano,0.0,0.8,0.1,0.2,1.6816666666666666,20.1,2.7,6.3,24.1,2.0,3.0,29.1,68.8,39.4,81.0,1.4,58.0,3.9,6.9,61.6,3.5,3.7,0.0,0.4,0.2,0.0,0.8883333333333333,18.8,3.1,1.0,19.0,1.9,2.0,22.9,61.9,31.9,72.4,1.8,56.1,4.5,1.3,57.5,2.3,2.1,1.4,37.3,1.4,0.3,38.5,0.4,0.1,39.0,40.5,0.5714285714285715,0.34655172413793106,0.6923076923076924,0.11594202898550725,0.39123376623376627,0.5714285714285714,0.8108108108108107,0.4229651162790698,0.4864197530864197,0.7777777777777778,0.6648841354723707,0.3111111111111111,0.6923076923076923,0.6695652173913044,0.17391304347826086,0.04761904761904767,0.630048465266559,0.5593922651933703
Cezar Ferreira,Southpaw,No,No,No,Cezar Ferreira,0.07037037037037037,0.8814814814814814,0.14444444444444443,0.0,1.5747530864197532,4.718518518518518,2.111111111111111,1.8,6.618518518518518,0.5592592592592592,1.451851851851852,8.62962962962963,20.385185185185186,17.45925925925926,30.607407407407408,1.6296296296296298,13.992592592592592,4.003703703703704,2.388888888888889,17.333333333333332,0.9148148148148149,2.1370370370370373,0.19259259259259257,0.1259259259259259,0.08148148148148147,0.07037037037037037,0.33432098765432094,7.937037037037037,1.6555555555555557,1.8074074074074076,7.785185185185185,1.9925925925925927,1.622222222222222,11.4,24.35185185185185,18.97037037037037,32.922222222222224,0.8111111111111112,19.27037037037037,2.451851851851852,2.6296296296296298,19.155555555555555,3.055555555555556,2.140740740740741,0.6851851851851851,11.333333333333334,0.7962962962962963,0.8222222222222223,11.370370370370372,1.062962962962963,0.5185185185185185,12.95185185185185,13.95185185185185,0.5409090909090908,0.33721545791424035,0.5272895467160037,0.36899224806201547,0.3818376068376068,0.611336032388664,0.6793760831889081,0.423328488372093,0.5704259438528557,0.8447488584474886,0.588122237170863,0.324773413897281,0.9521126760563381,0.5935808197989172,0.3478787878787879,0.24221453287197248,0.5318631178707224,0.4237822027224659
Gilbert Melendez,Orthodox,No,No,Yes,Gilbert Melendez,0.0,0.08571428571428572,0.0,0.0,0.19182539682539682,8.295238095238094,2.6904761904761907,0.5809523809523809,10.147619047619049,1.2142857142857142,0.20476190476190476,11.566666666666666,44.62380952380953,15.295238095238096,48.79047619047619,0.5238095238095238,39.49523809523809,3.8904761904761904,1.2380952380952381,42.16666666666667,2.1095238095238096,0.3476190476190476,0.18571428571428572,0.18571428571428572,0.09047619047619046,0.02857142857142857,0.2922222222222222,8.266666666666667,4.0095238095238095,5.5095238095238095,16.13809523809524,1.1428571428571428,0.5047619047619047,17.785714285714285,44.83333333333333,20.942857142857143,48.17619047619048,1.080952380952381,32.7047619047619,5.480952380952381,6.647619047619048,42.076190476190476,2.019047619047619,0.7380952380952381,0.8952380952380953,24.438095238095237,1.4714285714285713,1.138095238095238,25.93809523809524,0.8761904761904763,0.23333333333333334,27.047619047619047,27.23333333333333,0.16363636363636364,0.21003134796238243,0.6915544675642595,0.06923076923076923,0.2406549971767363,0.5756207674943566,0.589041095890411,0.2592039270088571,0.31348819051337107,0.8281938325991189,0.7472335468841002,0.26846220677671595,0.9720630372492837,0.6164554096876415,0.4339622641509434,0.31612903225806455,0.6032926181625067,0.5652861520213501
Dan Moret,Southpaw,No,No,No,Dan Moret,0.0,0.3333333333333333,0.1111111111111111,0.0,1.2324074074074074,6.0,3.3888888888888893,2.0,6.5,4.055555555555556,0.8333333333333334,11.388888888888891,26.166666666666668,12.666666666666666,27.666666666666668,1.3333333333333333,19.11111111111111,4.777777777777778,2.2777777777777777,18.38888888888889,6.722222222222222,1.0555555555555556,0.1111111111111111,0.8333333333333334,0.3333333333333333,0.27777777777777773,1.9435185185185186,11.611111111111112,3.6666666666666665,0.3333333333333333,8.61111111111111,4.111111111111112,2.8888888888888893,15.611111111111109,27.388888888888886,37.833333333333336,51.94444444444445,1.5,22.88888888888889,4.166666666666667,0.3333333333333333,16.61111111111111,6.333333333333333,4.444444444444445,0.6666666666666666,11.277777777777777,0.5,0.0,8.0,2.2222222222222223,1.5555555555555554,11.777777777777777,14.111111111111109,0.25,0.313953488372093,0.7093023255813955,0.14634146341463414,0.35347432024169184,0.603305785123967,0.7894736842105263,0.4352441613588111,0.4578313253012048,0.4444444444444444,0.49271844660194175,0.1200000000000001,-1.5000000000000004,0.4816053511705686,0.350877192982456,0.35,0.4300202839756593,0.27165775401069525
Junior Albini,Orthodox,No,No,No,Junior Albini,0.06666666666666667,0.19999999999999998,0.0,0.0,0.8505555555555556,9.466666666666667,1.9000000000000001,2.8666666666666667,12.1,1.8666666666666665,0.26666666666666666,14.233333333333334,28.2,19.833333333333332,34.13333333333333,0.7999999999999999,22.03333333333333,2.9,3.266666666666667,25.400000000000002,2.4,0.39999999999999997,0.3,0.0,0.06666666666666667,0.06666666666666667,0.17666666666666667,14.299999999999999,5.966666666666666,4.066666666666666,19.633333333333333,3.8333333333333335,0.8666666666666667,24.333333333333332,52.0,27.5,55.36666666666667,0.3666666666666667,39.93333333333333,7.6000000000000005,4.466666666666667,46.166666666666664,4.633333333333334,1.2,0.3666666666666667,25.633333333333336,1.6333333333333335,0.39999999999999997,26.53333333333333,0.7999999999999999,0.3333333333333333,27.666666666666668,27.866666666666664,0.25,0.42965204236006055,0.6551724137931035,0.06122448979591835,0.47637795275590544,0.7777777777777777,0.6666666666666667,0.5047281323877069,0.5810546875,1.0,0.6419031719532554,0.2149122807017545,1.0,0.5747292418772563,0.17266187050359716,0.2777777777777777,0.532051282051282,0.5033112582781457
Allen Crowder,Orthodox,No,No,No,Allen Crowder,0.0,0.16666666666666666,0.16666666666666666,0.0,0.4111111111111111,4.666666666666666,0.16666666666666666,1.3333333333333333,5.166666666666666,0.5,0.5,6.166666666666666,16.166666666666664,7.166666666666667,17.333333333333336,0.8333333333333333,14.666666666666668,0.16666666666666666,1.3333333333333333,14.166666666666668,1.5,0.5,0.3333333333333333,0.0,0.0,0.0,0.24999999999999992,9.166666666666668,1.5,1.1666666666666667,7.333333333333333,2.333333333333333,2.166666666666667,11.833333333333332,27.0,13.333333333333334,28.5,0.0,24.333333333333336,1.5,1.1666666666666667,20.5,4.333333333333334,2.166666666666667,0.0,15.166666666666668,0.0,0.0,13.166666666666668,2.0,0.0,15.166666666666668,15.166666666666668,0.2,0.3181818181818181,1.0,0.125,0.3647058823529411,0.3333333333333333,1.0,0.3814432989690722,0.41346153846153844,,0.6232876712328768,0.0,1.0,0.6422764227642277,0.4615384615384617,0.0,0.5617283950617284,0.5321637426900585
Syuri Kondo,Orthodox,No,No,No,Syuri Kondo,0.0,0.0,0.1111111111111111,0.0,0.03703703703703703,18.472222222222225,4.472222222222222,2.5833333333333335,22.222222222222225,2.9722222222222228,0.3333333333333333,25.527777777777782,56.666666666666664,27.0,58.583333333333336,0.0,47.52777777777777,6.25,2.8888888888888893,51.88888888888889,4.444444444444445,0.3333333333333333,0.08333333333333333,0.08333333333333333,0.0,0.0,1.312037037037037,25.88888888888889,3.472222222222222,3.9444444444444446,26.111111111111114,1.2777777777777777,5.916666666666667,33.30555555555556,80.05555555555556,41.13888888888889,90.44444444444446,0.611111111111111,68.25,5.888888888888889,5.916666666666667,70.27777777777777,2.388888888888889,7.388888888888888,0.5277777777777778,42.361111111111114,2.4166666666666665,1.972222222222222,44.166666666666664,1.1111111111111112,1.4722222222222223,46.75,49.305555555555564,,0.3886616014026886,0.7155555555555556,0.0,0.4282655246252677,0.6687500000000001,1.0,0.4504901960784315,0.46088193456614507,0.8636363636363636,0.6206756206756207,0.4103773584905661,0.9859154929577465,0.6284584980237153,0.4651162790697675,0.19924812030075179,0.583969465648855,0.5451474201474202
Eric Spicely,Orthodox,No,No,No,Eric Spicely,0.0,0.19047619047619047,0.14285714285714285,0.0,0.4238095238095237,19.595238095238095,3.25,0.35714285714285715,15.678571428571429,6.238095238095238,1.2857142857142858,23.202380952380953,48.61904761904762,27.34523809523809,53.19047619047618,1.130952380952381,44.642857142857146,3.619047619047619,0.35714285714285715,39.845238095238095,7.214285714285714,1.5595238095238095,0.16666666666666666,0.047619047619047616,0.17857142857142858,0.047619047619047616,0.7178571428571429,25.21428571428571,5.7976190476190474,1.1428571428571428,25.48809523809524,5.476190476190477,1.1904761904761905,32.154761904761905,70.75,34.773809523809526,73.97619047619048,0.4761904761904762,62.63095238095238,6.976190476190477,1.1428571428571428,60.69047619047618,8.214285714285714,1.8452380952380951,0.42857142857142855,37.416666666666664,1.1785714285714286,0.0,35.202380952380956,2.7380952380952386,0.6547619047619048,38.595238095238095,39.202380952380956,0.16842105263157894,0.4389333333333333,0.8980263157894737,0.5333333333333333,0.39348670451150286,0.8646864686468647,0.8244274809160306,0.477228207639569,0.5141002685765443,0.9,0.5974149401254515,0.16894197952218448,0.9583333333333334,0.5800313848568065,0.33333333333333315,0.3548387096774194,0.5455157327948847,0.5299324106855487
Duda Santana,Orthodox,No,No,No,Duda Santana,0.0,1.5,0.0,0.0,1.2916666666666667,18.0,1.0,2.0,20.0,0.0,1.0,21.0,53.0,24.0,56.0,2.5,45.0,5.0,3.0,51.0,1.0,1.0,0.0,0.0,1.0,0.0,0.575,6.0,2.5,1.0,9.0,0.0,0.5,9.5,35.5,15.0,41.0,0.0,31.5,3.0,1.0,34.5,0.0,1.0,0.0,25.5,0.5,0.0,25.5,0.0,0.5,26.0,26.0,0.6,0.4,0.2,0.5,0.39215686274509803,0.0,1.0,0.39622641509433965,0.42857142857142855,,0.8095238095238095,0.16666666666666663,1.0,0.7391304347826086,,0.5,0.7323943661971831,0.6341463414634146
Sung Bin Jo,Orthodox,No,No,No,Sung Bin Jo,0.0,0.3333333333333333,0.3333333333333333,0.0,0.04999999999999997,4.333333333333333,2.3333333333333335,0.3333333333333333,4.0,2.6666666666666665,0.3333333333333333,7.0,21.0,7.666666666666667,21.666666666666668,1.0,17.666666666666668,3.0,0.3333333333333333,17.333333333333332,3.3333333333333335,0.3333333333333333,0.0,0.3333333333333333,0.0,0.0,1.3111111111111111,7.333333333333333,1.6666666666666667,4.333333333333333,8.0,2.6666666666666665,2.6666666666666665,13.333333333333334,27.666666666666668,16.333333333333332,31.0,2.0,17.666666666666668,2.0,8.0,19.0,3.6666666666666665,5.0,1.6666666666666667,10.333333333333334,0.3333333333333333,3.6666666666666665,11.0,1.0,2.3333333333333335,14.333333333333334,14.666666666666666,0.3333333333333333,0.2452830188679245,0.7777777777777778,1.0,0.23076923076923078,0.7999999999999999,1.0,0.3333333333333333,0.35384615384615387,0.8333333333333334,0.5849056603773586,0.16666666666666663,0.9583333333333334,0.5789473684210527,0.2727272727272727,0.4666666666666667,0.5180722891566265,0.4731182795698925
Jimi Manuwa,Orthodox,No,No,No,Jimi Manuwa,0.09722222222222221,0.08333333333333333,0.06944444444444443,0.0,0.7069444444444445,6.583333333333333,3.8333333333333335,3.5138888888888893,9.930555555555555,3.8611111111111107,0.1388888888888889,13.930555555555555,26.875,17.333333333333332,30.527777777777775,0.6388888888888888,17.11111111111111,5.472222222222222,4.291666666666667,21.847222222222225,4.763888888888889,0.2638888888888889,0.20833333333333334,0.4166666666666667,0.0,0.0,0.8129629629629629,12.583333333333334,3.9444444444444446,2.3055555555555554,14.555555555555557,3.944444444444444,0.3333333333333333,18.833333333333332,35.98611111111111,25.152777777777775,42.583333333333336,1.4166666666666667,28.375,5.111111111111111,2.5,30.38888888888889,5.097222222222222,0.5,1.0,15.791666666666666,1.1666666666666667,0.19444444444444442,15.833333333333334,1.1527777777777777,0.16666666666666666,17.15277777777778,17.430555555555554,0.13043478260869565,0.3847402597402597,0.700507614213198,0.019417475728155338,0.4545454545454545,0.8104956268221573,0.5263157894736842,0.5183462532299742,0.5677888989990901,0.7058823529411764,0.5565345080763583,0.2282608695652173,0.8333333333333333,0.5210237659963437,0.22615803814713897,0.33333333333333337,0.4766499421072945,0.4093281148075669
Nick Hein,Southpaw,No,No,No,Nick Hein,0.08333333333333333,0.25595238095238093,0.0,0.05555555555555555,0.2966931216931216,9.279761904761905,2.2261904761904763,2.0654761904761902,13.053571428571429,0.43452380952380953,0.08333333333333333,13.571428571428571,38.59920634920635,17.648809523809522,43.09325396825397,0.8234126984126985,31.740079365079367,4.378968253968254,2.48015873015873,37.49603174603175,1.0198412698412698,0.08333333333333333,0.05555555555555555,0.09722222222222221,0.041666666666666664,0.041666666666666664,0.4006283068783069,12.484126984126982,3.7896825396825395,1.9761904761904763,16.807539682539684,1.107142857142857,0.3353174603174603,18.25,45.33531746031746,21.86904761904762,49.263888888888886,0.5813492063492064,36.21230158730159,6.583333333333333,2.5396825396825395,43.507936507936506,1.4503968253968254,0.376984126984127,0.48412698412698413,23.728174603174605,2.793650793650794,0.5634920634920635,26.700396825396826,0.3432539682539682,0.041666666666666664,27.08531746031746,27.39484126984127,0.31084337349397584,0.29236731887228856,0.5083824195740825,0.10320000000000001,0.3481320774685152,0.4260700389105059,1.0,0.3515986429526062,0.4095492425986463,0.832764505119454,0.6552517670264644,0.4243520192887281,0.96171875,0.6136902590295512,0.23666210670314647,0.1105263157894737,0.5974440894568691,0.5560836119054331
Tonya Evinger,Orthodox,No,No,Yes,Tonya Evinger,0.0,0.27777777777777773,0.0,0.0,0.9657407407407407,2.5,2.388888888888889,1.4444444444444446,4.777777777777778,1.3888888888888886,0.16666666666666666,6.333333333333333,15.5,17.444444444444446,28.166666666666668,1.1666666666666667,9.777777777777779,3.6111111111111107,2.111111111111111,13.444444444444445,1.8888888888888886,0.16666666666666666,0.16666666666666666,0.1111111111111111,0.0,0.16666666666666666,1.5805555555555555,17.055555555555557,3.7777777777777772,3.1666666666666665,9.0,3.3333333333333335,11.666666666666666,24.0,39.333333333333336,39.888888888888886,57.38888888888889,0.38888888888888884,31.0,5.0,3.3333333333333335,18.61111111111111,5.666666666666667,15.055555555555557,0.27777777777777773,13.944444444444443,1.222222222222222,0.16666666666666666,9.611111111111112,2.3333333333333335,3.3888888888888893,15.333333333333334,17.5,0.23809523809523805,0.2556818181818182,0.6615384615384616,0.13157894736842102,0.35537190082644626,0.7352941176470588,1.0,0.4086021505376344,0.6193293885601578,0.7142857142857142,0.4498207885304659,0.24444444444444458,0.9666666666666667,0.5164179104477612,0.4117647058823529,0.2250922509225094,0.38983050847457634,0.30493707647628276
Desmond Green,Southpaw,No,No,No,Desmond Green,0.047619047619047616,0.5238095238095238,0.0,0.0,0.298015873015873,12.246031746031747,3.198412698412698,2.5634920634920637,15.15079365079365,1.5476190476190474,1.3095238095238095,18.00793650793651,39.285714285714285,20.00793650793651,41.60317460317461,1.0555555555555556,31.23809523809524,4.8809523809523805,3.1666666666666665,35.43650793650793,2.301587301587302,1.5476190476190477,0.0,0.30158730158730157,0.16666666666666666,0.0,0.2691798941798942,5.349206349206349,2.777777777777778,4.174603174603175,11.031746031746032,0.5714285714285715,0.6984126984126983,12.301587301587302,39.904761904761905,14.412698412698413,42.01587301587301,1.2380952380952381,28.626984126984127,6.19047619047619,5.087301587301588,37.93650793650794,1.2142857142857142,0.753968253968254,0.9365079365079364,23.277777777777775,3.412698412698413,0.9126984126984127,26.90476190476191,0.6428571428571429,0.05555555555555555,27.603174603174605,27.603174603174605,0.4962406015037594,0.39202235772357724,0.6552845528455284,0.16541353383458648,0.42754759238521844,0.6724137931034482,0.8461538461538461,0.45838383838383845,0.4809233117130866,0.7564102564102564,0.8131411144995842,0.5512820512820511,0.9407176287051482,0.7092050209205021,0.5294117647058822,0.07368421052631602,0.6917263325377884,0.6569701548923309
Patrick Cummins,Orthodox,No,No,No,Patrick Cummins,0.0,1.221153846153846,0.025641025641025644,0.0,1.8098646723646723,16.11431623931624,1.8098290598290598,1.25,8.025641025641026,3.1495726495726495,7.998931623931624,19.174145299145298,36.83440170940171,28.511752136752136,47.77350427350427,2.858974358974359,32.85790598290598,2.4914529914529915,1.485042735042735,21.59615384615385,4.386752136752136,10.851495726495727,0.12820512820512822,0.6602564102564102,0.07692307692307693,0.0,0.4896545584045584,10.873931623931623,1.4316239316239316,0.7307692307692308,9.777777777777777,1.6655982905982905,1.5929487179487178,13.036324786324785,30.62713675213675,17.599358974358974,35.824786324786324,0.905982905982906,27.76709401709402,1.903846153846154,0.9561965811965812,26.245726495726498,2.4188034188034186,1.9626068376068375,0.24572649572649574,16.893162393162395,0.47222222222222227,0.22542735042735043,16.46794871794872,0.7532051282051282,0.3696581196581197,17.590811965811966,18.22542735042735,0.4271300448430493,0.49042432124857743,0.7264150943396226,0.8223021582733812,0.3716236271890768,0.7179736970287385,0.7371271044599783,0.520549931838617,0.5968109848823687,0.27122641509433965,0.6083878414774915,0.24803591470258135,0.3094972067039107,0.6274525767320688,0.3113957597173145,0.1883505715841045,0.5743537865838769,0.5087379219849696
BJ Penn,Orthodox,Yes,No,Yes,BJ Penn,0.06044195455960162,0.38018051665110486,0.12499221910986616,0.009523809523809523,0.6677167755991286,9.659346405228758,1.9633986928104576,0.7953439153439152,8.114011826953003,2.4519389978213506,1.8521381886087767,12.418089013383131,27.1464301276066,22.6035231870526,37.777653283535635,0.644120759414877,23.94923124805478,2.3298972922502332,0.8673015873015872,21.3531279178338,3.2710737628384683,2.5222284469343292,0.009523809523809523,0.3935014005602241,0.028695922813569873,0.20617491441020852,1.358062039630667,10.193476501711796,2.909106753812636,2.4127233115468405,10.58999066293184,1.7969747899159665,3.1283411142234674,15.515306567071272,35.85467787114846,29.844793028322442,51.40397136632431,1.8914285714285715,28.35560535325241,4.26188608776844,3.2371864301276068,28.438381574852162,2.9730718954248365,4.443224400871459,1.4979271708683473,18.162128851540615,1.3527793339558045,0.8244631185807656,17.848390911920326,1.1760971055088703,1.3148832866479925,20.339371304077186,21.559178338001868,0.590231740080017,0.4033259483438875,0.8426975297757403,0.43834869233198404,0.37999172103382134,0.7495823009792616,0.7343261039102064,0.4574483258023138,0.5983305267112431,0.7919554528760144,0.640512823664948,0.3174133015516919,0.8784433924169414,0.6276162679982997,0.3955831365258027,0.2959299751752581,0.5672724595984691,0.4194068622512245
Talita Bernardo,Orthodox,No,No,No,Talita Bernardo,0.0,0.5,0.16666666666666666,0.16666666666666666,1.636111111111111,8.833333333333334,2.0,3.6666666666666665,12.333333333333334,0.5833333333333334,1.5833333333333333,14.5,34.416666666666664,20.75,41.833333333333336,2.25,27.833333333333332,2.5,4.083333333333333,31.583333333333332,0.75,2.0833333333333335,0.08333333333333333,0.4166666666666667,0.4166666666666667,0.3333333333333333,0.6375,14.5,2.4166666666666665,1.8333333333333333,12.75,1.3333333333333333,4.666666666666667,18.75,42.333333333333336,34.166666666666664,59.333333333333336,0.5833333333333334,36.666666666666664,3.3333333333333335,2.3333333333333335,33.166666666666664,1.8333333333333333,7.333333333333333,0.16666666666666666,22.166666666666668,0.9166666666666666,0.5,20.416666666666668,0.5,2.6666666666666665,23.583333333333332,25.166666666666668,0.2222222222222222,0.3173652694610779,0.8,0.12244897959183675,0.39050131926121373,0.7777777777777778,0.7599999999999999,0.4213075060532688,0.49601593625498,0.2857142857142857,0.6045454545454545,0.275,0.8214285714285714,0.6155778894472361,0.2727272727272727,0.36363636363636354,0.5570866141732284,0.4241573033707866
Arjan Bhullar,Orthodox,No,No,No,Arjan Bhullar,0.08333333333333333,0.5555555555555555,0.0,0.0,2.0041666666666664,9.5,1.1388888888888888,0.3333333333333333,5.5,3.388888888888889,2.0833333333333335,10.972222222222221,19.333333333333332,24.833333333333332,35.638888888888886,0.7222222222222222,17.694444444444443,1.222222222222222,0.4166666666666667,12.166666666666666,4.361111111111111,2.805555555555556,0.0,0.0,0.08333333333333333,0.0,0.1638888888888889,8.611111111111112,4.0,2.75,10.777777777777779,4.305555555555556,0.27777777777777773,15.361111111111112,37.611111111111114,21.722222222222225,44.166666666666664,0.08333333333333333,29.666666666666668,5.111111111111111,2.8333333333333335,31.444444444444443,5.722222222222221,0.4444444444444444,0.08333333333333333,21.055555555555557,1.111111111111111,0.08333333333333333,20.666666666666668,1.4166666666666667,0.16666666666666666,22.25,22.444444444444443,0.7692307692307692,0.5368916797488227,0.9318181818181819,1.333333333333333,0.452054794520548,0.7770700636942676,0.7425742574257426,0.5675287356321839,0.6968043647700701,1.0,0.7097378277153558,0.21739130434782605,1.0,0.657243816254417,0.24757281553398036,0.3750000000000001,0.5915805022156573,0.5081761006289307
Elias Theodorou,Orthodox,No,No,No,Elias Theodorou,0.0,0.4276094276094276,0.0,0.10437710437710439,1.1206509539842873,8.932659932659933,6.67003367003367,4.92929292929293,13.087542087542088,5.2020202020202015,2.242424242424242,20.531986531986533,48.67340067340067,31.249158249158253,60.74074074074074,1.5420875420875422,29.087542087542086,11.595959595959597,7.98989898989899,38.21212121212121,7.575757575757575,2.885521885521886,0.030303030303030304,0.6464646464646465,0.09764309764309764,0.037037037037037035,0.6849607182940517,6.892255892255892,3.138047138047138,1.744107744107744,7.296296296296298,4.168350168350169,0.30976430976430974,11.774410774410775,25.06734006734007,15.727272727272728,29.306397306397304,1.5993265993265993,18.444444444444443,4.326599326599326,2.2962962962962963,18.71717171717172,5.973063973063972,0.3771043771043771,0.952861952861953,11.552188552188554,1.1885521885521886,0.5521885521885522,11.42087542087542,1.8047138047138045,0.06734006734006734,13.292929292929292,13.57912457912458,0.27729257641921395,0.30709572867230006,0.5752032520325203,0.053518752633796886,0.3424971363115693,0.6866666666666666,0.777129521586931,0.4218317653569453,0.5144678492239468,0.5957894736842104,0.6263234757210661,0.2747081712062256,0.718475073313783,0.6101816873538406,0.3021420518602028,0.1785714285714286,0.5302887844190732,0.4633501838235293
Mitch Gagnon,Southpaw,No,No,No,Mitch Gagnon,0.15,0.3,0.5416666666666666,0.13333333333333333,0.9168055555555554,7.25,2.841666666666667,1.2416666666666667,6.5249999999999995,2.908333333333333,1.9000000000000001,11.333333333333334,24.566666666666666,17.108333333333334,30.683333333333334,1.25,18.941666666666666,4.058333333333334,1.5666666666666667,17.2,4.508333333333334,2.858333333333333,0.041666666666666664,0.725,0.375,0.041666666666666664,1.9541666666666666,5.033333333333334,2.5749999999999997,2.033333333333333,5.625,2.975,1.0416666666666667,9.641666666666666,24.65833333333333,18.849999999999998,36.324999999999996,2.0833333333333335,17.95,4.033333333333333,2.6750000000000003,18.400000000000002,4.208333333333333,2.05,1.3583333333333334,12.916666666666666,1.4583333333333333,0.6416666666666667,12.775,1.2333333333333334,1.0083333333333335,15.016666666666666,17.474999999999998,0.24,0.3827540695116586,0.7002053388090349,0.19148936170212766,0.3793604651162791,0.6451016635859519,0.664723032069971,0.46132971506105835,0.5575774035850082,0.652,0.7195914577530176,0.36157024793388437,0.7289719626168225,0.6942934782608696,0.293069306930693,0.49186991869918695,0.6089895234876648,0.48107364074328973
Dmitrii Smoliakov,Switch,No,No,No,Dmitrii Smoliakov,0.0,0.0,0.0,0.0,0.0,2.166666666666667,1.5,0.3333333333333333,2.333333333333333,1.1666666666666667,0.5,4.0,9.833333333333332,19.5,28.833333333333332,1.0,7.0,2.333333333333333,0.5,7.166666666666667,2.166666666666667,0.5,0.0,0.3333333333333333,0.5,0.0,2.3666666666666667,9.166666666666668,1.0,0.0,1.6666666666666667,1.0,7.5,10.166666666666666,22.666666666666668,37.833333333333336,72.66666666666667,2.3333333333333335,21.666666666666668,1.0,0.0,7.166666666666667,1.8333333333333333,13.666666666666666,2.0,12.5,0.0,0.0,5.5,0.8333333333333334,6.166666666666667,12.5,34.833333333333336,0.0,0.3095238095238096,0.6428571428571429,0.0,0.3255813953488372,0.5384615384615384,1.0,0.4067796610169492,0.6763005780346821,0.8571428571428572,0.5769230769230769,0.0,-inf,0.7674418604651163,0.4545454545454545,0.4512195121951219,0.5514705882352942,0.47935779816513757
Jason Gonzalez,Southpaw,No,No,No,Jason Gonzalez,0.0,0.0,0.125,0.0,0.014583333333333325,4.625,1.25,1.0,6.0,0.75,0.125,6.875,16.75,8.25,18.375,0.0,13.5,2.125,1.125,15.625,0.875,0.25,0.25,1.25,0.625,0.0,1.9333333333333333,4.75,0.75,0.75,4.625,0.625,1.0,6.25,17.25,12.5,25.125,1.625,15.0,1.5,0.75,12.625,2.0,2.625,0.375,10.25,0.75,0.0,8.0,1.375,1.625,11.0,12.625,,0.3425925925925926,0.5882352941176471,0.0,0.384,0.8571428571428571,0.5,0.41044776119402987,0.4489795918367347,0.23076923076923073,0.6833333333333333,0.5,-0.6666666666666667,0.6336633663366337,0.6875,0.6190476190476191,0.6376811594202898,0.5024875621890548
John Lineker,Orthodox,No,No,No,John Lineker,0.16788461538461538,0.10076923076923076,0.12076923076923078,0.015384615384615385,0.1726826923076923,13.675192307692308,9.516923076923076,2.6415384615384614,21.465769230769233,2.8448076923076924,1.523076923076923,25.833653846153844,69.78,27.97096153846154,72.12961538461539,0.17192307692307693,48.9125,17.5,3.3674999999999997,61.684615384615384,5.779038461538462,2.316346153846154,0.0,0.30903846153846154,0.06038461538461539,0.0,0.44810897435897434,14.9625,5.144807692307692,2.8996153846153847,20.629615384615384,0.9357692307692307,1.4415384615384614,23.006923076923076,47.870384615384616,26.54673076923077,52.10230769230769,1.6640384615384616,37.60326923076923,6.945961538461537,3.321153846153846,44.26307692307692,1.6075,1.9998076923076922,1.355,22.64076923076923,1.801153846153846,0.42153846153846153,23.63346153846154,0.6717307692307692,0.5582692307692307,24.86346153846154,25.555576923076924,0.5861297539149888,0.27958481589966383,0.5438241758241757,0.02992404774141968,0.34799226836263875,0.4922631526405111,0.6575342465753424,0.3702157329629384,0.3877874766046167,0.8142840633306367,0.6020957670415317,0.2593095046928209,0.9069484655471917,0.5339317368183241,0.4178729513099654,0.2791614578324839,0.5193913050464797,0.490488388230257
Marcelo Golm,Orthodox,No,No,No,Marcelo Golm,0.0,0.08333333333333333,0.08333333333333333,0.0,0.3527777777777778,11.333333333333334,3.1666666666666665,2.5833333333333335,8.75,6.666666666666667,1.6666666666666667,17.083333333333332,28.833333333333332,24.416666666666668,36.833333333333336,0.25,22.333333333333332,3.75,2.75,18.833333333333332,8.083333333333334,1.9166666666666667,0.08333333333333333,0.16666666666666666,0.0,0.0,1.9527777777777775,12.666666666666666,3.6666666666666665,2.1666666666666665,7.5,9.5,1.5,18.5,34.5,35.25,53.25,1.25,27.333333333333332,4.583333333333333,2.5833333333333335,20.416666666666668,12.25,1.8333333333333333,1.0833333333333333,14.666666666666666,0.9166666666666666,0.4166666666666667,12.916666666666666,2.75,0.3333333333333333,16.0,18.0,0.3333333333333333,0.5074626865671642,0.8444444444444444,0.0303030303030303,0.4646017699115045,0.8247422680412371,0.8695652173913043,0.5924855491329479,0.6628959276018099,0.8666666666666667,0.5365853658536586,0.19999999999999996,0.935483870967742,0.6326530612244898,0.22448979591836737,0.18181818181818177,0.46376811594202894,0.3380281690140845
Keita Nakamura,Southpaw,No,No,No,Keita Nakamura,0.12121212121212122,0.5696969696969697,0.12424242424242425,0.06060606060606061,0.7373737373737373,8.327272727272726,1.5212121212121212,0.6454545454545454,8.333333333333334,1.1575757575757575,1.003030303030303,10.493939393939394,29.409090909090907,17.636363636363637,37.766666666666666,1.1090909090909091,25.875757575757575,2.4484848484848487,1.084848484848485,26.02121212121212,1.7424242424242424,1.6454545454545455,0.030303030303030304,0.4090909090909091,0.16363636363636366,0.06363636363636364,1.056919191919192,10.799999999999999,3.215151515151515,2.26969696969697,11.754545454545456,2.3424242424242423,2.187878787878788,16.284848484848485,38.61818181818182,22.14242424242424,45.25757575757576,1.1272727272727272,31.790909090909093,4.36969696969697,2.4575757575757575,30.98787878787879,3.521212121212121,4.1090909090909085,0.7181818181818181,20.99090909090909,1.1545454545454545,0.1878787878787879,19.23333333333333,1.1787878787878787,1.9212121212121211,22.333333333333332,23.115151515151513,0.5136612021857924,0.3218175430378264,0.6212871287128713,0.5251396648044693,0.3202515430301619,0.6643478260869564,0.6095764272559852,0.35682637815558993,0.466982267511835,0.6370967741935483,0.6602802402058908,0.26421636615811384,0.8335388409371147,0.6206727948366908,0.3347676419965576,0.46755162241887893,0.5783113622096673,0.5107465684633412
Sultan Aliev,Orthodox,No,No,No,Sultan Aliev,0.0,0.5555555555555555,0.0,0.16666666666666666,2.108333333333333,5.5,0.6944444444444443,0.19444444444444442,3.972222222222222,1.1111111111111112,1.3055555555555556,6.388888888888889,14.611111111111112,17.194444444444446,26.444444444444443,1.388888888888889,13.083333333333334,1.1666666666666667,0.3611111111111111,10.972222222222221,2.1666666666666665,1.4722222222222223,0.08333333333333333,0.0,0.1111111111111111,0.0,0.45509259259259255,3.6111111111111107,2.9166666666666665,2.8333333333333335,5.805555555555556,2.777777777777778,0.7777777777777777,9.361111111111112,23.166666666666668,28.027777777777775,42.416666666666664,0.5833333333333334,14.388888888888888,5.0,3.777777777777778,19.13888888888889,3.25,0.7777777777777777,0.5833333333333334,10.777777777777779,2.0833333333333335,0.9444444444444443,13.333333333333334,0.47222222222222215,0.0,13.805555555555555,14.388888888888888,0.3999999999999999,0.4203821656050955,0.5952380952380951,1.5384615384615383,0.3620253164556962,0.5128205128205129,0.8867924528301886,0.43726235741444863,0.6502100840336136,1.0,0.7490347490347491,0.41666666666666674,1.0,0.6966618287373004,0.14529914529914523,0.0,0.5959232613908872,0.33922724296005247
Curtis Millender,Orthodox,No,No,No,Curtis Millender,0.15,0.08333333333333333,0.0,0.0,0.07814814814814815,11.677777777777777,2.566666666666667,4.5055555555555555,17.32777777777778,1.0555555555555556,0.3666666666666667,18.75,38.78333333333333,19.316666666666666,39.35,0.08333333333333333,28.383333333333336,4.588888888888889,5.811111111111111,36.855555555555554,1.3611111111111114,0.5666666666666667,0.0,0.7000000000000001,0.06666666666666667,0.0,1.5848148148148147,9.261111111111111,1.6500000000000001,3.6555555555555554,11.21111111111111,0.3055555555555555,3.0500000000000003,14.566666666666668,37.40555555555556,25.92222222222222,52.27222222222222,1.5833333333333333,29.061111111111114,3.3388888888888886,5.0055555555555555,31.494444444444444,0.9,5.011111111111111,0.8833333333333333,19.8,1.6888888888888889,1.3499999999999999,20.283333333333335,0.5944444444444444,1.9611111111111112,22.83888888888889,26.349999999999998,1.0,0.41143080837737317,0.5593220338983051,0.014340344168260038,0.47015375339161897,0.7755102040816325,0.6470588235294118,0.48345509239363993,0.4908936891147819,0.5578947368421052,0.6813228828139934,0.5058236272878536,0.8601553829078801,0.6440289292644206,0.6604938271604939,0.39135254988913515,0.610574780929749,0.5040918269741737
Wilson Reis,Southpaw,No,No,Yes,Wilson Reis,0.0,1.6242165242165243,0.1883190883190883,0.06666666666666667,1.8671747388414055,4.7868945868945865,1.1643874643874643,2.615954415954416,5.739601139601139,1.1396011396011396,1.688034188034188,8.567236467236468,28.663247863247864,18.3985754985755,41.1982905982906,3.7535612535612537,23.214245014245012,2.2943019943019944,3.1547008547008546,24.29002849002849,1.7256410256410257,2.6475783475783476,0.18461538461538463,0.3173789173789174,0.06267806267806268,0.22535612535612537,0.3792592592592592,10.34871794871795,2.7065527065527064,1.0376068376068377,9.3988603988604,1.2347578347578347,3.459259259259259,14.092877492877493,31.809971509971508,22.477492877492878,41.24529914529914,0.5980056980056979,26.536467236467235,3.837891737891738,1.4356125356125355,24.88831908831909,2.0752136752136754,4.846438746438746,0.28062678062678065,16.187749287749288,1.1313390313390315,0.398005698005698,15.489458689458688,0.8404558404558404,1.387179487179487,17.717094017094016,18.767806267806268,0.4327134724857685,0.20620505142240003,0.507512728175835,0.5148559559288359,0.23629454127471905,0.6603929337956084,0.6375766706122888,0.29889273218829515,0.4465858954676846,0.4692710814673653,0.6100190030383388,0.2947813822284908,0.778924389759873,0.6223585704800934,0.4049972542559034,0.2862265592851685,0.5569666735331786,0.45502897679783927
David Branch,Orthodox,No,No,No,David Branch,0.037037037037037035,0.6785714285714285,0.0,0.0,1.7720238095238094,3.064814814814815,2.058201058201058,1.634920634920635,3.5066137566137563,2.3955026455026456,0.8558201058201057,6.757936507936509,16.88095238095238,17.784391534391535,29.53968253968254,2.193121693121693,12.207671957671957,2.757936507936508,1.9153439153439153,12.555555555555555,2.8955026455026456,1.4298941798941798,0.047619047619047616,0.4576719576719577,0.15873015873015872,0.0,0.6229717813051145,5.1534391534391535,1.457671957671958,0.9153439153439153,3.4894179894179893,1.7632275132275133,2.2738095238095237,7.526455026455026,17.80820105820106,10.40079365079365,21.51322751322751,0.794973544973545,14.585978835978835,2.029100529100529,1.1931216931216932,11.712962962962962,2.7962962962962963,3.298941798941799,0.33730158730158727,9.432539682539682,0.5714285714285715,0.27777777777777773,8.223544973544973,1.033068783068783,1.0251322751322751,10.281746031746032,11.112433862433862,0.3094089264173703,0.25105645248672664,0.7462829736211031,0.3542817679558011,0.27928782132321955,0.8273184102329831,0.5985198889916743,0.4003291020216268,0.6020508687085796,0.42429284525790356,0.646685408542668,0.28161668839634924,0.6164079822616408,0.7020892151326934,0.36944181646168395,0.31074578989574986,0.5773601723241477,0.5165395966551893
Jessica Aguilar,Orthodox,No,No,No,Jessica Aguilar,0.0,0.31666666666666665,0.06666666666666667,0.0,0.8380555555555556,13.433333333333332,6.616666666666667,4.5,15.483333333333334,7.266666666666667,1.8,24.55,48.68333333333334,31.233333333333334,55.800000000000004,1.2666666666666666,35.65,8.466666666666667,4.566666666666666,36.61666666666667,9.416666666666666,2.65,0.06666666666666667,0.3833333333333333,0.13333333333333333,0.06666666666666667,0.7952777777777778,24.083333333333332,7.766666666666667,3.8000000000000003,23.3,6.3500000000000005,6.0,35.65,77.39999999999999,43.68333333333334,86.38333333333333,0.7666666666666666,62.4,10.533333333333333,4.466666666666667,60.699999999999996,8.85,7.8500000000000005,0.3833333333333333,38.31666666666667,2.766666666666667,0.6666666666666666,37.4,2.5,1.8499999999999999,41.75,42.699999999999996,0.25,0.3768115942028985,0.781496062992126,0.06934306569343066,0.42284934000910335,0.7716814159292036,0.679245283018868,0.5042793563847997,0.55973715651135,0.5,0.6140491452991452,0.2626582278481012,0.914179104477612,0.616144975288303,0.28248587570621464,0.23566878980891726,0.5394056847545219,0.49430831564730837
Ross Pearson,Orthodox,No,No,No,Ross Pearson,0.09027777777777779,0.2398504273504274,0.0,0.013888888888888888,0.33521189458689454,9.188034188034187,4.944444444444444,3.209935897435898,14.188568376068375,2.756410256410257,0.3974358974358974,17.34241452991453,42.67948717948718,21.119658119658123,46.914529914529915,0.6517094017094017,31.18696581196581,7.6201923076923075,3.8723290598290596,37.97115384615385,3.9503205128205128,0.7580128205128206,0.11004273504273504,0.29967948717948717,0.026709401709401708,0.012820512820512822,0.6509437321937321,12.346153846153847,3.6175213675213675,2.9577991452991452,15.011217948717949,3.124465811965812,0.7857905982905983,18.92147435897436,50.27564102564103,22.302884615384613,54.10470085470086,1.3178418803418803,40.993589743589745,5.413995726495727,3.868055555555556,44.399572649572654,4.72275641025641,1.1533119658119657,1.0181623931623933,28.647435897435898,1.7964743589743588,0.9102564102564102,29.388354700854702,1.5982905982905982,0.36752136752136755,31.354166666666668,31.80181623931624,0.36803278688524593,0.29461135281422357,0.6488608482299333,0.061939577872810056,0.37366703244140564,0.6977687626774849,0.5243128964059196,0.40634074296585565,0.45017307341956647,0.7725982975273612,0.6988272087568412,0.3318204242723236,0.922524513188786,0.6619062515039222,0.3384232552878632,0.31866604909680407,0.6236452887925539,0.5877828679751985
Justin Willis,Southpaw,No,No,No,Justin Willis,0.13333333333333333,0.31666666666666665,0.0,0.0,0.5161111111111111,13.516666666666666,1.45,1.2666666666666666,13.083333333333334,0.9666666666666667,2.183333333333333,16.233333333333334,27.166666666666668,21.95,33.300000000000004,0.48333333333333334,23.633333333333336,1.9666666666666668,1.5666666666666667,22.866666666666664,1.8499999999999999,2.4499999999999997,0.0,0.5166666666666667,0.0,0.0,1.1172222222222223,5.283333333333333,4.266666666666667,2.8000000000000003,9.366666666666667,1.9166666666666667,1.0666666666666667,12.35,29.383333333333336,21.46666666666667,39.31666666666667,0.8333333333333334,20.05,6.2,3.1333333333333333,25.05,2.733333333333333,1.5999999999999999,0.31666666666666665,14.766666666666666,1.9333333333333333,0.3333333333333333,15.683333333333332,0.8166666666666668,0.5333333333333333,17.033333333333335,17.849999999999998,0.6551724137931034,0.5719322990126938,0.7372881355932203,0.20212765957446807,0.5721574344023325,0.5225225225225225,0.891156462585034,0.5975460122699386,0.659159159159159,0.38,0.7364921030756442,0.31182795698924737,0.8351063829787234,0.6260811709913506,0.29878048780487787,0.33333333333333326,0.5796937039137834,0.4540059347181009
Eric Shelton,Orthodox,No,No,No,Eric Shelton,0.0,0.9444444444444443,0.05555555555555555,0.05555555555555555,1.0657407407407409,10.166666666666666,1.7222222222222223,0.9444444444444443,7.388888888888889,0.16666666666666666,5.277777777777778,12.833333333333334,30.166666666666668,24.166666666666668,42.55555555555555,1.8333333333333333,26.777777777777775,2.1666666666666665,1.2222222222222223,23.38888888888889,0.611111111111111,6.166666666666667,0.0,0.7777777777777778,0.5,0.0,0.9324074074074074,5.222222222222222,1.888888888888889,2.277777777777778,7.777777777777779,0.4444444444444444,1.1666666666666667,9.388888888888888,25.722222222222225,14.5,31.5,1.4444444444444444,19.944444444444443,2.6666666666666665,3.111111111111111,23.166666666666668,1.0555555555555556,1.5,0.6666666666666666,14.722222222222223,0.7777777777777777,0.8333333333333334,15.388888888888891,0.611111111111111,0.3333333333333333,16.333333333333332,17.0,0.5151515151515151,0.37966804979253116,0.7948717948717949,0.7727272727272726,0.3159144893111639,0.27272727272727276,0.8558558558558558,0.425414364640884,0.5678851174934727,0.46153846153846156,0.7381615598885793,0.2916666666666665,0.75,0.6642685851318945,0.5789473684210527,0.2222222222222222,0.634989200863931,0.5396825396825398
Jesus Pinedo,Southpaw,No,No,No,Jesus Pinedo,0.0,0.8333333333333334,0.0,0.0,0.7416666666666666,8.833333333333334,4.333333333333333,3.0,12.5,1.1666666666666667,2.5,16.166666666666668,42.5,17.5,44.5,0.8333333333333334,29.5,7.166666666666667,5.833333333333333,36.5,1.3333333333333333,4.666666666666667,0.0,0.0,0.0,0.0,0.0472222222222222,7.166666666666667,3.8333333333333335,10.833333333333334,20.5,1.1666666666666667,0.16666666666666666,21.833333333333332,46.0,23.833333333333332,49.333333333333336,0.16666666666666666,23.0,8.166666666666666,14.833333333333334,41.666666666666664,2.3333333333333335,2.0,0.16666666666666666,15.833333333333334,4.333333333333333,4.0,21.166666666666668,1.1666666666666667,1.8333333333333333,24.166666666666668,25.5,1.0,0.2994350282485876,0.6046511627906976,0.14285714285714288,0.3424657534246575,0.8750000000000001,0.5357142857142857,0.38039215686274513,0.39325842696629215,1.0,0.6884057971014492,0.5306122448979591,1.0,0.508,0.5,0.9166666666666666,0.5253623188405797,0.5168918918918919
Jordan Rinaldi,Orthodox,No,No,No,Jordan Rinaldi,0.0,0.4666666666666666,0.39999999999999997,0.1111111111111111,1.5762962962962963,3.3111111111111113,0.9555555555555556,2.9111111111111114,6.133333333333333,0.1111111111111111,0.9333333333333332,7.177777777777777,20.400000000000002,17.88888888888889,32.355555555555554,1.3777777777777775,14.0,2.2444444444444445,4.155555555555556,18.377777777777776,0.35555555555555557,1.6666666666666667,0.1111111111111111,0.35555555555555557,0.06666666666666667,0.0,0.7125925925925927,8.133333333333333,2.022222222222222,0.5111111111111111,7.266666666666666,0.7111111111111111,2.6888888888888887,10.666666666666666,26.46666666666667,18.57777777777778,34.62222222222223,0.4222222222222222,22.866666666666664,2.6888888888888887,0.9111111111111111,21.222222222222225,1.2444444444444445,4.0,0.06666666666666667,14.733333333333334,0.6666666666666666,0.39999999999999997,13.955555555555556,0.5333333333333333,1.3111111111111111,15.799999999999999,16.044444444444444,0.33870967741935487,0.23650793650793653,0.42574257425742573,0.11229946524064169,0.33373639661426846,0.31249999999999994,0.5599999999999999,0.3518518518518518,0.5528846153846154,0.1578947368421052,0.6443148688046647,0.2479338842975206,0.6097560975609756,0.6575916230366493,0.4285714285714286,0.32777777777777783,0.5969773299748111,0.46341463414634154
Zak Ottow,Orthodox,No,No,No,Zak Ottow,0.08333333333333333,0.3,0.125,0.08333333333333333,0.6855555555555556,6.95,2.6083333333333334,2.6916666666666664,10.65,0.48333333333333334,1.1166666666666667,12.25,33.34166666666667,19.891666666666666,42.141666666666666,1.2083333333333333,25.483333333333334,4.7,3.158333333333333,30.641666666666666,0.7833333333333333,1.9166666666666667,0.10833333333333334,0.3833333333333333,0.08333333333333333,0.10833333333333334,0.9491666666666667,7.233333333333333,1.9416666666666667,3.1166666666666667,8.558333333333334,1.5833333333333333,2.15,12.291666666666666,29.883333333333336,19.633333333333333,38.09166666666667,0.85,22.566666666666666,3.3833333333333333,3.9333333333333336,24.78333333333333,1.8833333333333335,3.216666666666667,0.4666666666666666,15.333333333333334,1.4416666666666667,0.8166666666666668,16.224999999999998,0.3,1.0666666666666667,17.591666666666665,18.458333333333332,0.2482758620689655,0.2727272727272727,0.5549645390070922,0.09498680738786279,0.34756595050312755,0.6170212765957447,0.5826086956521739,0.36740814796300925,0.472018983587107,0.5490196078431373,0.6794682422451994,0.42610837438423643,0.902542372881356,0.6546738399462004,0.15929203539823023,0.3316062176165804,0.5886781929726715,0.4845766790636623
Tim Boetsch,Orthodox,No,No,No,Tim Boetsch,0.12810457516339868,0.4426470588235294,0.2785947712418301,0.04722222222222222,0.6914406318082787,7.301960784313725,3.0276143790849672,1.8972222222222221,7.464052287581699,3.024183006535948,1.738562091503268,12.226797385620914,23.669607843137253,20.098856209150327,32.43022875816994,1.263562091503268,17.14346405228758,4.316993464052287,2.2091503267973858,17.037254901960782,4.386928104575163,2.245424836601307,0.03349673202614379,0.4679738562091503,0.21454248366013073,0.0,1.2365522875816994,7.401797385620914,2.9197712418300656,1.6880718954248366,6.168790849673203,2.616013071895425,3.224836601307189,12.009640522875818,27.50996732026144,20.46830065359477,36.86192810457516,1.0999999999999999,21.602124183006538,3.7604575163398692,2.1473856209150326,18.718627450980392,4.127614379084967,4.663725490196079,0.6320261437908496,14.200326797385621,0.8406862745098039,0.45931372549019606,12.54983660130719,1.5116013071895427,1.4388888888888889,15.50032679738562,16.393627450980393,0.35031682400103453,0.42593263310394786,0.701324753974262,0.20036982248520707,0.4381018145548011,0.6893623361144221,0.7742686654053268,0.516561045989866,0.6197568435001234,0.5745692216280451,0.6573578911538899,0.22355957243417046,0.7820727438746006,0.6704464114247803,0.36621669767625986,0.30852778361712574,0.5634440280112377,0.4447306012987877
Carlo Pedersoli Jr.,Southpaw,No,No,No,Carlo Pedersoli Jr.,0.0,1.111111111111111,0.0,0.0,0.49444444444444446,11.555555555555557,7.111111111111111,1.7777777777777777,19.444444444444446,0.3333333333333333,0.6666666666666666,20.444444444444446,53.77777777777778,20.77777777777778,54.44444444444445,1.888888888888889,41.0,10.555555555555555,2.2222222222222223,52.333333333333336,0.4444444444444444,1.0,0.2222222222222222,0.0,0.0,0.0,0.024074074074074043,10.111111111111112,4.222222222222222,3.111111111111111,15.666666666666666,0.4444444444444444,1.3333333333333333,17.444444444444443,48.0,19.666666666666668,50.22222222222222,0.0,34.44444444444444,9.777777777777777,3.777777777777778,46.0,0.5555555555555556,1.4444444444444444,0.0,24.333333333333332,5.5555555555555545,0.6666666666666666,30.333333333333332,0.1111111111111111,0.1111111111111111,30.555555555555557,30.555555555555557,0.588235294117647,0.2818428184281843,0.6736842105263158,0.4999999999999999,0.3715498938428875,0.75,0.6666666666666666,0.38016528925619836,0.38163265306122446,,0.7064516129032258,0.5681818181818181,1.0,0.6594202898550725,0.20000000000000007,0.07692307692307698,0.6365740740740742,0.6084070796460177
Myles Jury,Orthodox,No,No,No,Myles Jury,0.12301587301587301,0.6706349206349206,0.05555555555555555,0.1111111111111111,1.4249338624338623,8.924603174603176,1.496031746031746,2.6904761904761902,8.936507936507937,0.6349206349206349,3.5396825396825395,13.111111111111112,31.027777777777782,18.384920634920636,37.73015873015873,1.3333333333333333,24.531746031746035,2.698412698412698,3.7976190476190474,24.68650793650794,0.6626984126984127,5.678571428571428,0.027777777777777776,0.13888888888888887,0.1865079365079365,0.16666666666666666,0.37070105820105814,5.178571428571428,1.9444444444444446,3.1031746031746033,8.543650793650793,0.33730158730158727,1.3452380952380951,10.226190476190476,30.884920634920633,12.964285714285715,34.023809523809526,0.2698412698412698,21.9484126984127,4.484126984126984,4.4523809523809526,28.440476190476193,0.6547619047619048,1.7896825396825395,0.13095238095238096,16.76984126984127,2.5396825396825395,1.349206349206349,19.896825396825395,0.31746031746031744,0.4444444444444444,20.658730158730158,21.05952380952381,0.5029761904761905,0.36379812358460045,0.5544117647058824,0.17659352142110762,0.36199967850827836,0.9580838323353293,0.623340321453529,0.4225604297224709,0.487273874631889,0.4852941176470589,0.7640571325257639,0.5663716814159292,0.9688057040998217,0.6995953676573183,0.48484848484848486,0.24833702882483366,0.6688937427727097,0.6189643107067879
Cain Velasquez,Orthodox,Yes,No,Yes,Cain Velasquez,0.16999999999999998,1.1066666666666667,0.07666666666666666,0.0,2.605388888888889,15.886666666666667,2.4699999999999998,2.53,7.63,7.533333333333334,5.723333333333334,20.886666666666667,37.36333333333333,48.52333333333333,69.18666666666667,3.1566666666666667,31.606666666666666,2.7666666666666666,2.9899999999999998,18.413333333333334,10.879999999999999,8.07,0.013333333333333332,0.07666666666666666,0.18333333333333332,0.0,0.13099999999999998,7.473333333333334,2.933333333333333,0.2333333333333333,6.866666666666667,3.5666666666666673,0.20666666666666664,10.64,24.133333333333333,12.936666666666667,26.75333333333333,0.37666666666666665,20.093333333333334,3.793333333333334,0.24666666666666667,18.2,5.64,0.29333333333333333,0.3,12.620000000000001,0.86,0.013333333333333332,11.333333333333334,2.0733333333333333,0.08666666666666667,13.493333333333334,13.816666666666668,0.3505807814149947,0.5026365745623287,0.8927710843373493,0.3701226309921962,0.41437364228819695,0.6924019607843138,0.7092110698058653,0.5590150771701312,0.7013393717479283,0.7964601769911505,0.6280690112806901,0.22671353251318116,0.6891891891891893,0.6227106227106227,0.36761229314420785,0.2954545454545455,0.5591160220994476,0.5164465487166707
Austin Arnett,Orthodox,No,No,No,Austin Arnett,0.0,0.19444444444444442,0.0,0.0,0.6592592592592593,15.333333333333334,3.3055555555555554,0.27777777777777773,15.277777777777779,1.638888888888889,2.0,18.916666666666668,43.861111111111114,21.444444444444443,46.77777777777778,1.0,38.77777777777778,4.722222222222222,0.3611111111111111,38.861111111111114,2.555555555555556,2.444444444444444,0.19444444444444442,0.25,0.0,0.08333333333333333,0.287962962962963,14.138888888888888,6.472222222222222,6.75,23.305555555555557,2.8055555555555554,1.25,27.36111111111111,64.55555555555556,30.416666666666668,68.1388888888889,0.611111111111111,46.52777777777778,9.805555555555555,8.222222222222223,57.72222222222222,4.833333333333333,2.0,0.3611111111111111,32.388888888888886,3.3333333333333335,1.472222222222222,34.416666666666664,2.027777777777778,0.75,37.19444444444445,37.72222222222222,0.19444444444444442,0.3954154727793696,0.7,0.5384615384615384,0.39313795568263044,0.6413043478260869,0.8181818181818182,0.4312856238125396,0.4584323040380047,0.5909090909090908,0.6961194029850747,0.33994334277620397,0.9695945945945946,0.5962463907603465,0.41954022988505746,0.375,0.5761617900172118,0.5536078271504281
Teruto Ishihara,Southpaw,No,No,No,Teruto Ishihara,0.3925925925925926,0.15925925925925924,0.0,0.0,0.40086419753086416,8.007407407407408,2.3407407407407406,3.896296296296296,11.625925925925927,1.1222222222222222,1.4962962962962962,14.244444444444445,32.403703703703705,16.27777777777778,34.84444444444444,0.9296296296296296,24.055555555555554,4.118518518518519,4.229629629629629,28.003703703703707,2.088888888888889,2.311111111111111,0.1111111111111111,0.8666666666666667,0.17037037037037037,0.0,1.1866049382716048,10.307407407407407,3.3925925925925924,3.5148148148148146,13.196296296296296,2.8555555555555556,1.162962962962963,17.214814814814815,36.32962962962963,21.94814814814815,41.48888888888889,1.2888888888888888,27.1037037037037,4.814814814814814,4.411111111111111,30.718518518518522,3.8296296296296295,1.7814814814814817,0.4222222222222222,16.796296296296294,1.4222222222222223,0.8962962962962964,17.522222222222222,0.9740740740740742,0.6185185185185186,19.114814814814814,19.54074074074074,0.17131474103585656,0.3328714395688992,0.5683453237410071,0.03765323992994746,0.4151567253008861,0.5372340425531915,0.6474358974358975,0.439593096353869,0.46715561224489804,0.3275862068965516,0.6197048373872642,0.29538461538461536,0.8035264483627205,0.5704123462744153,0.2543520309477756,0.34719334719334727,0.5261494545825263,0.47098732369219776
Wuliji Buren,Orthodox,No,No,No,Wuliji Buren,0.0,1.111111111111111,0.16666666666666666,0.27777777777777773,1.3546296296296296,4.055555555555556,2.0,1.5,5.222222222222222,1.0555555555555556,1.277777777777778,7.5555555555555545,17.666666666666668,13.722222222222221,24.38888888888889,2.7777777777777772,11.888888888888888,3.8333333333333335,1.9444444444444444,14.833333333333334,1.3333333333333333,1.5,0.2222222222222222,0.2222222222222222,0.0,0.2222222222222222,1.3435185185185186,8.222222222222221,2.7222222222222228,3.7222222222222228,7.388888888888888,2.1666666666666665,5.111111111111111,14.666666666666666,33.44444444444445,19.333333333333332,39.333333333333336,0.7777777777777777,23.38888888888889,4.722222222222222,5.333333333333333,23.444444444444446,2.5555555555555554,7.444444444444444,0.5555555555555555,15.166666666666666,2.0,1.611111111111111,16.055555555555557,0.38888888888888884,2.3333333333333335,18.77777777777778,20.0,0.4,0.3411214953271029,0.5217391304347826,0.5714285714285714,0.35205992509363293,0.7916666666666667,0.851851851851852,0.4276729559748427,0.5626423690205011,0.7142857142857142,0.6484560570071259,0.4235294117647058,0.9583333333333334,0.6848341232227488,0.15217391304347827,0.31343283582089554,0.5614617940199336,0.5084745762711864
Bibulatov Magomed,Orthodox,No,No,No,Bibulatov Magomed,0.0,0.8333333333333334,0.0,0.0,1.6342592592592593,9.277777777777779,6.888888888888889,1.0555555555555556,8.722222222222221,2.7777777777777772,5.722222222222222,17.22222222222222,33.166666666666664,25.611111111111114,42.88888888888889,2.1666666666666665,22.944444444444446,8.88888888888889,1.3333333333333333,20.666666666666668,3.4444444444444446,9.055555555555555,0.1111111111111111,0.16666666666666666,0.2222222222222222,0.1111111111111111,0.46296296296296297,5.5555555555555545,2.0,0.8333333333333334,6.833333333333333,0.8333333333333334,0.7222222222222222,8.38888888888889,17.5,13.333333333333334,23.11111111111111,0.611111111111111,13.888888888888888,2.611111111111111,1.0,15.944444444444445,0.8333333333333334,0.7222222222222222,0.4444444444444444,8.333333333333334,0.611111111111111,0.16666666666666666,9.111111111111112,0.0,0.0,9.111111111111112,9.777777777777779,0.38461538461538464,0.4043583535108959,0.775,0.6250000000000001,0.42204301075268813,0.8064516129032256,0.6319018404907976,0.5192629815745394,0.5971502590673575,0.7272727272727273,0.6000000000000001,0.23404255319148937,0.8333333333333334,0.5714285714285714,0.0,0.0,0.5206349206349206,0.423076923076923
David Teymur,Southpaw,No,No,No,David Teymur,0.16666666666666666,0.27777777777777773,0.0,0.0,0.20555555555555557,9.555555555555555,4.444444444444444,6.944444444444444,18.833333333333332,1.6666666666666667,0.4444444444444445,20.944444444444446,48.444444444444436,23.166666666666668,51.166666666666664,1.0555555555555556,33.0,7.4444444444444455,8.0,45.11111111111111,2.6666666666666665,0.6666666666666666,0.0,0.27777777777777773,0.05555555555555555,0.0,0.1296296296296296,8.61111111111111,4.555555555555555,3.111111111111111,14.388888888888891,1.722222222222222,0.16666666666666666,16.27777777777778,36.22222222222222,18.222222222222225,38.27777777777778,1.222222222222222,26.38888888888889,6.111111111111111,3.722222222222222,33.0,3.0555555555555554,0.16666666666666666,0.9444444444444445,17.777777777777775,1.5555555555555556,0.6111111111111112,18.61111111111111,1.3333333333333333,0.0,19.944444444444443,20.055555555555554,0.26315789473684204,0.2895622895622896,0.5970149253731342,0.03472222222222222,0.41748768472906406,0.6250000000000001,0.6666666666666667,0.4323394495412845,0.45276872964169385,0.7727272727272727,0.6736842105263159,0.2545454545454545,0.9253731343283582,0.5639730639730639,0.4363636363636364,0.0,0.5506134969325154,0.5239477503628447
Dennis Bermudez,Orthodox,No,No,No,Dennis Bermudez,0.1285822021116139,1.235042735042735,0.3313222724987431,0.06699346405228758,1.6938557901793196,14.084338863750629,2.9962292609351433,3.7944947209653095,10.941804927099044,3.8374811463046754,6.095776772247361,20.875062845651083,44.91767219708396,32.1675465057818,57.742207139265965,2.978381096028155,35.97423328305681,4.630593262946204,4.312845651080945,29.617521367521366,6.172699849170438,9.127450980392156,0.17106586224233286,0.220211161387632,0.17106586224233286,0.0392156862745098,0.7280480140774258,10.088235294117647,2.9167923579688284,1.2686023127199597,9.701734539969834,3.418300653594771,1.1535947712418302,14.273629964806437,35.12229763700352,18.4973604826546,40.02966314731021,1.3761940673705382,29.095776772247362,4.230266465560583,1.7962543991955757,28.123805932629462,5.193313222724988,1.80517848164907,1.155982905982906,19.007541478129713,1.3134741075917546,0.5276520864756159,18.42207139265963,1.775012569130216,0.6515837104072398,20.848667672197084,21.532302664655607,0.41466914247130315,0.3915118566372362,0.6470508400966315,0.28636376883396963,0.36943688809482383,0.6216860109957238,0.6678509460464349,0.4647405313894758,0.5570889666236393,0.8399853867933145,0.653274928073404,0.31049441407178513,0.8774053600167938,0.6550347928295934,0.3417880826758314,0.36095251357749614,0.5936020441393822,0.5379086650171442
Te Edwards,Orthodox,No,No,No,Te Edwards,0.16666666666666666,0.16666666666666666,0.0,0.0,2.6333333333333333,4.0,0.6666666666666666,0.8333333333333334,3.6666666666666665,0.6666666666666666,1.1666666666666667,5.5,14.333333333333334,6.0,14.833333333333334,0.16666666666666666,12.333333333333334,1.0,1.0,10.0,0.6666666666666666,3.6666666666666665,0.3333333333333333,1.1666666666666667,0.8333333333333334,0.0,0.2722222222222222,12.666666666666666,3.6666666666666665,2.3333333333333335,7.666666666666667,1.0,10.0,18.666666666666668,32.833333333333336,27.0,42.666666666666664,2.0,25.666666666666668,4.0,3.1666666666666665,16.333333333333332,2.3333333333333335,14.166666666666666,0.8333333333333334,13.0,0.3333333333333333,0.8333333333333334,8.666666666666666,1.3333333333333333,4.166666666666667,14.166666666666666,15.666666666666666,1.0,0.3243243243243243,0.6666666666666666,0.16666666666666666,0.36666666666666664,1.0,0.31818181818181823,0.3837209302325581,0.4044943820224719,0.41666666666666663,0.5064935064935066,0.08333333333333337,0.631578947368421,0.5306122448979591,0.5714285714285714,0.2941176470588235,0.4314720812182741,0.3671875
Dustin Ortiz,Orthodox,No,No,No,Dustin Ortiz,0.047619047619047616,0.9448051948051948,0.027777777777777776,0.3023088023088023,1.6359547859547858,8.376262626262626,4.207070707070707,1.5075757575757576,5.432900432900433,3.7200577200577203,4.937950937950938,14.090909090909092,31.450937950937952,30.605699855699857,49.89430014430014,2.623015873015873,23.922799422799425,5.535714285714286,1.9924242424242424,20.053391053391053,5.191197691197691,6.2063492063492065,0.05158730158730159,0.9834054834054834,0.393939393939394,0.1836219336219336,1.3874218374218374,5.713564213564214,2.2723665223665224,2.2507215007215007,6.704184704184705,2.2164502164502164,1.316017316017316,10.236652236652239,23.493506493506498,16.528860028860027,30.751082251082252,2.086219336219336,17.38744588744589,3.376984126984127,2.729076479076479,18.727272727272727,3.035353535353535,1.7308802308802307,1.1028138528138527,11.673881673881674,1.1046176046176046,0.4783549783549783,12.023088023088023,0.8189033189033189,0.4148629148629149,13.256854256854256,14.222222222222223,0.3601980470361711,0.35013722592514396,0.7599869664385793,0.47419880499728406,0.27092178167949915,0.7166087560806116,0.7956289235061613,0.4480282627147806,0.6134107456600173,0.5286183641708455,0.6713971534088552,0.32710180536267497,0.6396563119629874,0.6420095546309138,0.2697884478250534,0.23968320133388898,0.5642773785394017,0.4624950141948805
Cat Zingano,Southpaw,No,No,Yes,Cat Zingano,0.0,0.7904761904761904,0.22857142857142856,0.22857142857142856,1.9831746031746034,6.6000000000000005,2.6666666666666665,1.5999999999999999,3.657142857142857,2.6476190476190475,4.561904761904762,10.866666666666667,17.495238095238097,24.657142857142855,32.542857142857144,1.161904761904762,12.057142857142857,3.466666666666667,1.9714285714285715,7.6190476190476195,3.1333333333333333,6.742857142857143,0.0,0.45714285714285713,0.38095238095238093,0.11428571428571428,1.3946031746031746,4.9714285714285715,0.9619047619047619,0.36190476190476195,2.419047619047619,1.0476190476190477,2.8285714285714287,6.295238095238095,11.761904761904761,20.390476190476193,28.152380952380952,0.7619047619047619,10.276190476190477,1.1238095238095238,0.36190476190476195,6.552380952380953,1.4952380952380953,3.714285714285714,0.3047619047619048,5.304761904761905,0.1619047619047619,0.0,4.133333333333334,0.4476190476190476,0.8857142857142858,5.466666666666666,7.761904761904762,0.6803278688524589,0.54739336492891,0.7692307692307692,0.4009661835748792,0.48,0.8449848024316109,0.6765536723163842,0.6211213935764833,0.7576821773485513,0.4,0.5162187210379982,0.14406779661016944,-0.2631578947368418,0.6308139534883721,0.2993630573248407,0.2384615384615384,0.46477732793522264,0.27571041948579156
Chad Mendes,Orthodox,No,No,Yes,Chad Mendes,0.15428571428571428,0.8714285714285713,0.05428571428571429,0.0,1.0181428571428572,9.297142857142855,1.6514285714285712,2.142857142857143,10.228571428571428,0.5342857142857143,2.3285714285714283,13.09142857142857,29.994285714285716,14.837142857142856,31.954285714285714,1.937142857142857,23.557142857142857,3.1,3.3371428571428567,25.39714285714286,1.302857142857143,3.2942857142857145,0.1,0.0,0.05428571428571429,0.0,0.1215238095238095,9.777142857142858,1.9742857142857144,0.8542857142857143,11.725714285714286,0.3514285714285714,0.5285714285714286,12.605714285714287,39.08571428571429,18.482857142857142,45.205714285714286,0.32285714285714284,34.582857142857144,3.12,1.382857142857143,37.73714285714286,0.7514285714285714,0.5971428571428572,0.32285714285714284,24.805714285714284,1.1457142857142857,0.5285714285714286,26.01142857142857,0.4,0.06857142857142857,26.48,26.72285714285714,0.4498525073746312,0.3946634323832625,0.5327188940092166,0.2611301369863014,0.40274496568792884,0.41008771929824556,0.7068516912402427,0.43646408839779,0.46432403433476394,1.0,0.7172835426305353,0.36721611721611724,1.0,0.6892792247122956,0.532319391634981,0.11483253588516751,0.6774853801169591,0.5911389204904564
Adam Milstead,Orthodox,No,No,No,Adam Milstead,0.0,0.0,0.0,0.0,0.031018518518518504,15.444444444444445,1.8888888888888886,1.0277777777777777,13.777777777777779,4.0,0.5833333333333334,18.36111111111111,38.80555555555556,21.527777777777782,42.22222222222222,0.0,35.22222222222222,2.555555555555556,1.0277777777777777,31.972222222222225,6.25,0.5833333333333334,0.16666666666666666,1.1388888888888888,0.0,0.0,2.062962962962963,14.166666666666666,2.5,3.0277777777777772,14.722222222222221,1.722222222222222,3.25,19.694444444444446,37.02777777777778,40.166666666666664,61.138888888888886,3.8055555555555554,30.666666666666668,3.0,3.3611111111111107,30.63888888888889,2.8055555555555554,3.5833333333333335,2.6666666666666665,16.5,0.5,0.3333333333333333,15.916666666666666,1.0833333333333333,0.3333333333333333,17.333333333333332,20.97222222222222,,0.4384858044164038,0.7391304347826085,0.0,0.4309296264118158,0.64,1.0,0.47315676449534716,0.5098684210526316,0.7007299270072993,0.5380434782608696,0.16666666666666663,0.6611570247933884,0.5194922937443336,0.38613861386138615,0.09302325581395354,0.46811702925731424,0.34302589731940025
Chris de la Rocha,Orthodox,No,No,No,Chris de la Rocha,0.0,0.38888888888888884,0.19444444444444442,0.0,0.9175925925925927,9.638888888888888,2.0833333333333335,0.6666666666666666,8.777777777777779,1.5277777777777777,2.0833333333333335,12.388888888888891,26.416666666666668,17.36111111111111,32.55555555555555,1.2222222222222223,23.305555555555554,2.361111111111111,0.75,21.63888888888889,2.3055555555555554,2.4722222222222223,0.08333333333333333,0.19444444444444442,0.0,0.0,0.46157407407407414,18.722222222222225,2.055555555555556,0.5,12.694444444444445,5.027777777777778,3.555555555555556,21.277777777777775,36.0,24.972222222222225,39.861111111111114,0.27777777777777773,32.94444444444445,2.472222222222222,0.5833333333333334,25.13888888888889,6.388888888888889,4.472222222222222,0.08333333333333333,14.222222222222223,0.4166666666666667,0.08333333333333333,12.444444444444443,1.361111111111111,0.9166666666666666,14.722222222222223,14.888888888888891,0.3181818181818181,0.41358760429082236,0.8823529411764707,0.5185185185185185,0.40564826700898593,0.6626506024096386,0.8426966292134832,0.4689800210304943,0.5332764505119455,0.29999999999999993,0.4317032040472175,0.16853932584269637,0.6666666666666667,0.4950276243093923,0.21304347826086967,0.20496894409937882,0.40895061728395066,0.37351916376306615
Matthew Lopez,Southpaw,No,No,No,Matthew Lopez,0.0,0.9722222222222223,0.3833333333333333,0.1111111111111111,1.1375,8.727777777777778,3.1222222222222222,1.611111111111111,9.75,0.45555555555555555,3.255555555555556,13.46111111111111,26.655555555555555,18.266666666666666,31.73888888888889,1.6666666666666667,20.427777777777777,4.477777777777778,1.75,21.622222222222224,0.7722222222222221,4.261111111111112,0.13888888888888887,0.2611111111111111,0.13888888888888887,0.0,0.7199074074074074,9.661111111111111,2.4499999999999997,3.9555555555555557,12.816666666666668,1.1666666666666667,2.0833333333333335,16.066666666666666,36.53333333333333,24.58888888888889,45.74444444444445,0.9111111111111111,27.849999999999998,4.055555555555555,4.627777777777777,32.138888888888886,1.5888888888888888,2.805555555555556,0.65,18.188888888888886,1.6055555555555554,0.6722222222222222,19.322222222222223,0.4222222222222222,0.7222222222222223,20.466666666666665,21.155555555555555,0.5833333333333334,0.42725047593146587,0.6972704714640199,0.5555555555555556,0.45092497430626927,0.5899280575539568,0.7640156453715775,0.5050020842017507,0.5755294941361806,0.7134146341463414,0.6531019349690803,0.3958904109589041,0.943577430972389,0.601210025929127,0.2657342657342656,0.25742574257425743,0.5602189781021898,0.4624726742773865
Chad Laprise,Orthodox,No,No,No,Chad Laprise,0.13333333333333333,0.3,0.0,0.0,0.5716666666666667,12.533333333333333,4.833333333333333,3.966666666666667,18.400000000000002,1.5666666666666667,1.3666666666666665,21.333333333333332,50.1,23.5,52.6,0.5666666666666668,39.666666666666664,6.366666666666667,4.066666666666666,45.43333333333334,2.566666666666667,2.1,0.13333333333333333,0.20000000000000004,0.0,0.10000000000000002,0.18555555555555558,8.566666666666666,3.4,4.333333333333333,13.533333333333331,1.9666666666666668,0.7999999999999999,16.3,46.23333333333333,17.2,47.46666666666667,0.8333333333333334,35.23333333333333,5.5,5.5,42.300000000000004,2.3666666666666667,1.5666666666666667,0.6333333333333334,26.666666666666668,2.1,1.1666666666666667,28.766666666666666,0.4000000000000001,0.7666666666666666,29.933333333333337,30.26666666666667,0.5294117647058822,0.3159663865546219,0.7591623036649213,0.07377049180327869,0.40498899486427,0.6103896103896104,0.6507936507936507,0.4258150365934797,0.4467680608365019,0.76,0.7568590350047304,0.38181818181818183,0.9636363636363636,0.6800630417651695,0.16901408450704225,0.4893617021276596,0.6474405191059841,0.6376404494382022
Alex Gorgees,Switch,No,No,No,Alex Gorgees,0.0,0.0,0.0,0.0,0.0,1.6666666666666667,1.0,0.6666666666666666,1.6666666666666667,1.6666666666666667,0.0,3.3333333333333335,10.333333333333334,7.333333333333333,14.333333333333334,0.0,7.0,1.6666666666666667,1.6666666666666667,8.666666666666666,1.6666666666666667,0.0,0.0,1.6666666666666667,0.0,0.0,3.255555555555556,7.333333333333333,3.0,1.0,6.666666666666667,1.0,3.6666666666666665,11.333333333333334,18.333333333333332,34.333333333333336,45.666666666666664,3.6666666666666665,12.666666666666666,4.333333333333333,1.3333333333333333,10.666666666666666,1.0,6.666666666666667,2.0,5.333333333333333,1.3333333333333333,0.3333333333333333,4.0,0.0,3.0,7.0,11.333333333333334,,0.2380952380952381,0.6,0.0,0.19230769230769232,1.0,,0.3225806451612903,0.5116279069767441,0.5454545454545454,0.42105263157894735,0.3076923076923076,-0.2500000000000002,0.3749999999999999,0.0,0.45000000000000007,0.3818181818181817,0.24817518248175174
Elias Garcia,Southpaw,No,No,No,Elias Garcia,0.16666666666666666,0.3333333333333333,0.3333333333333333,0.3333333333333333,0.1305555555555555,3.8333333333333335,0.8333333333333334,2.0,6.166666666666667,0.5,0.0,6.666666666666667,26.166666666666668,11.166666666666666,30.666666666666668,1.6666666666666667,22.0,1.5,2.6666666666666665,25.666666666666668,0.5,0.0,0.3333333333333333,0.3333333333333333,0.16666666666666666,0.3333333333333333,2.286111111111111,18.833333333333332,2.6666666666666665,1.1666666666666667,11.5,0.5,10.666666666666666,22.666666666666668,47.666666666666664,37.833333333333336,65.5,0.5,42.666666666666664,3.5,1.5,26.833333333333332,0.8333333333333334,20.0,0.16666666666666666,23.833333333333332,0.8333333333333334,0.3333333333333333,15.333333333333334,0.3333333333333333,9.333333333333334,25.0,27.666666666666668,0.19999999999999998,0.17424242424242425,0.5555555555555556,0.125,0.24025974025974026,1.0,,0.25477707006369427,0.36413043478260865,0.33333333333333337,0.55859375,0.23809523809523814,0.7777777777777778,0.5714285714285714,0.4,0.4666666666666667,0.5244755244755244,0.4223918575063613
Mark Hunt,Orthodox,No,No,Yes,Mark Hunt,0.12632478632478633,0.15965811965811966,0.015384615384615385,0.015384615384615385,0.47128490028490033,11.709401709401709,1.3418803418803418,0.7666666666666667,12.08034188034188,1.0312820512820513,0.7063247863247863,13.817948717948719,25.86136752136752,19.818461538461538,32.39606837606838,0.3683760683760684,22.885128205128204,2.063076923076923,0.9131623931623931,23.65931623931624,1.2791452991452992,0.9229059829059828,0.0776068376068376,0.5304273504273505,0.04871794871794872,0.01111111111111111,1.3556837606837608,12.797094017094016,2.252136752136752,1.3524786324786324,9.684786324786325,1.5697435897435896,5.147179487179487,16.401709401709404,30.790085470085472,34.39709401709401,51.17521367521367,1.3943589743589744,26.25452991452992,2.766153846153846,1.7694017094017096,21.454017094017093,2.8188034188034186,6.517264957264958,0.8639316239316239,13.457435897435897,0.514017094017094,0.41692307692307684,11.76923076923077,1.2490598290598292,1.37008547008547,14.388376068376067,16.778119658119657,0.4334106728538283,0.5116598694333647,0.6504267130665341,0.17484088356420818,0.5105955623631753,0.8062274488841373,0.7653269123911837,0.5343085088803549,0.6117551459763504,0.6195905357361775,0.5125757704002241,0.18582375478927204,0.7002222007535504,0.5485793507880101,0.44311704063068524,0.21022399412474435,0.4673054929436715,0.3278563674321503
Mizuto Hirota,Orthodox,No,No,No,Mizuto Hirota,0.0,0.42857142857142855,0.047619047619047616,0.0,0.8547619047619048,12.571428571428571,2.5238095238095237,2.380952380952381,14.571428571428571,1.2380952380952381,1.6666666666666667,17.476190476190478,44.142857142857146,28.19047619047619,56.61904761904762,0.9523809523809524,37.666666666666664,3.7619047619047614,2.714285714285714,39.19047619047619,2.0952380952380953,2.857142857142857,0.14285714285714285,0.7619047619047619,0.047619047619047616,0.09523809523809523,1.2666666666666666,11.571428571428571,3.142857142857143,3.095238095238095,14.142857142857144,1.3809523809523807,2.285714285714286,17.80952380952381,39.23809523809524,24.19047619047619,46.095238095238095,1.7619047619047619,30.61904761904762,4.904761904761905,3.714285714285714,33.666666666666664,1.9523809523809526,3.619047619047619,1.0,19.047619047619047,1.7619047619047619,0.6190476190476191,19.523809523809522,0.5714285714285714,1.3333333333333333,21.428571428571427,21.9047619047619,0.44999999999999996,0.3337547408343869,0.6708860759493671,0.15789473684210528,0.3718104495747266,0.5909090909090909,0.5833333333333334,0.3959007551240561,0.4978973927670311,0.5675675675675675,0.6220839813374806,0.35922330097087385,0.7948717948717949,0.5799151343705798,0.29268292682926844,0.36842105263157887,0.546116504854369,0.4752066115702479
Ben Nguyen,Switch,No,No,No,Ben Nguyen,0.14285714285714285,0.047619047619047616,0.19047619047619047,0.09523809523809523,0.33048941798941794,10.654761904761905,2.76984126984127,1.5952380952380951,12.543650793650793,1.7261904761904763,0.75,15.01984126984127,40.34126984126984,18.158730158730158,44.08730158730159,0.14285714285714285,33.861111111111114,4.5,1.9801587301587302,37.23412698412698,2.119047619047619,0.9880952380952381,0.1111111111111111,1.007936507936508,0.7063492063492064,0.17857142857142858,1.2709656084656087,10.678571428571429,1.3095238095238095,1.3174603174603174,6.333333333333333,0.2857142857142857,6.686507936507937,13.305555555555555,33.62301587301587,19.821428571428573,40.9484126984127,2.7460317460317456,29.388888888888886,2.4523809523809526,1.7817460317460316,23.78968253968254,0.9761904761904762,8.857142857142856,1.7380952380952381,18.71031746031746,1.142857142857143,0.46428571428571425,17.456349206349206,0.6904761904761904,2.1706349206349205,20.317460317460316,21.126984126984127,0.3333333333333333,0.314660728934724,0.615520282186949,0.024048096192384766,0.3368858574016839,0.8146067415730337,0.7590361445783133,0.3723194963604171,0.41188118811881186,0.6329479768786126,0.6366459627329192,0.46601941747572817,0.4342984409799554,0.7337781484570476,0.7073170731707317,0.24507168458781348,0.6042723946654078,0.5159414671964337
Yushin Okami,Southpaw,No,No,Yes,Yushin Okami,0.07151211361737676,0.6076858813700919,0.18095238095238098,0.0,1.7758284600389862,7.442439431913115,1.279699248120301,0.5949874686716792,5.0775271512113616,1.2111946532999165,3.028404344193818,9.317126148705094,24.225563909774436,20.680701754385964,36.96157059314954,1.5938178780284042,22.061319966583124,1.4548036758563072,0.7094402673350042,18.063826232247283,1.374937343358396,4.786800334168755,0.0907268170426065,0.18111946532999165,0.13199665831244778,0.044444444444444446,0.6240239487607909,5.543024227234754,1.4404344193817877,3.268671679197995,6.525814536340852,2.9313283208020047,0.7949874686716791,10.252130325814536,26.075187969924812,16.786466165413533,33.18329156223893,1.1781119465329992,19.759398496240603,2.4061821219715958,3.9096073517126144,21.271010860484544,3.725981620718463,1.0781954887218044,0.9969924812030074,14.216374269005849,0.9657477025898079,0.6409356725146199,14.745196324143691,0.7946532999164578,0.2832080200501253,15.823057644110277,16.396825396825395,0.3812768634028725,0.33735240879450457,0.8796370736189275,0.8565708902496467,0.28108813082729023,0.8809089804350468,0.6326573353345667,0.3845989378577832,0.5595190199579595,0.846262941426748,0.7194740402502959,0.4013610165960698,0.9536732338988846,0.693206186619746,0.21327354260089693,0.26266852626685255,0.6068242983467897,0.4941289614404689
Justin Frazier,Southpaw,No,No,No,Justin Frazier,0.0,0.0,0.0,0.0,0.0,0.0,4.0,0.0,0.0,4.0,0.0,4.0,6.0,17.0,19.0,0.0,2.0,4.0,0.0,1.0,5.0,0.0,0.0,2.0,2.0,0.0,3.35,19.0,3.0,0.0,0.0,5.0,17.0,22.0,23.0,44.0,52.0,2.0,20.0,3.0,0.0,0.0,5.0,18.0,0.0,1.0,0.0,0.0,0.0,0.0,1.0,1.0,8.0,,0.0,1.0,,0.0,0.8,,0.6666666666666666,0.8947368421052632,0.0,0.050000000000000044,0.0,-inf,,0.0,0.05555555555555558,0.04347826086956519,0.15384615384615385
Michel Batista,Orthodox,No,No,No,Michel Batista,0.0,1.0,0.0,0.0,1.2,0.0,0.0,0.0,0.0,0.0,0.0,0.0,0.0,4.0,10.0,2.0,0.0,0.0,0.0,0.0,0.0,0.0,0.0,0.0,1.0,0.0,0.0,6.0,1.0,2.0,4.0,5.0,0.0,9.0,15.0,11.0,18.0,0.0,11.0,2.0,2.0,10.0,5.0,0.0,0.0,5.0,1.0,0.0,6.0,0.0,0.0,6.0,7.0,0.5,,,inf,,,,,0.4,,0.4545454545454546,0.5,1.0,0.6,0.0,,0.4,0.38888888888888884
Bryan Caraway,Orthodox,No,No,No,Bryan Caraway,0.0,0.7058201058201058,0.23968253968253964,0.037037037037037035,1.4382275132275133,9.72010582010582,1.211111111111111,1.1296296296296295,10.553968253968256,1.255026455026455,0.2518518518518518,12.060846560846562,34.831216931216936,24.900000000000002,50.55767195767195,3.4492063492063494,31.408994708994708,1.993121693121693,1.4291005291005294,31.54126984126984,2.9010582010582007,0.38888888888888884,0.03333333333333333,0.18465608465608466,0.09999999999999999,0.11798941798941798,0.38186948853615527,11.326984126984128,3.948148148148148,2.670899470899471,13.95185185185185,3.4058201058201063,0.5883597883597883,17.946031746031746,39.13333333333333,24.08783068783069,45.76243386243386,0.78994708994709,31.134391534391536,5.050264550264551,2.948677248677248,32.780423280423285,5.457142857142856,0.8957671957671959,0.6052910052910053,19.807407407407407,1.1021164021164023,0.27777777777777773,18.828571428571426,2.051322751322751,0.3074074074074074,21.187301587301587,21.674603174603174,0.20463261236385946,0.3094688610750804,0.6076453411202548,0.49389115142539786,0.334608223038599,0.4326098850993982,0.6476190476190476,0.346265437256004,0.4925068547627521,0.7662424648359009,0.6361906056692271,0.21822943949711893,0.9373766373586937,0.5743846340085548,0.3758968392476244,0.34317779090372136,0.5414131581082178,0.4736330947728665
Darrell Horcher,Southpaw,No,No,No,Darrell Horcher,0.0,0.08333333333333333,0.19444444444444442,0.1111111111111111,1.0194444444444446,7.666666666666667,1.3055555555555556,0.861111111111111,4.527777777777778,2.722222222222222,2.5833333333333335,9.833333333333334,21.5,16.5,28.805555555555557,0.16666666666666666,18.75,1.8055555555555554,0.9444444444444443,14.222222222222221,3.777777777777778,3.5,0.0,1.0277777777777777,0.4166666666666667,0.16666666666666666,2.086574074074074,13.111111111111109,3.638888888888889,3.1666666666666665,6.5,2.3333333333333335,11.083333333333334,19.916666666666668,32.27777777777778,46.833333333333336,60.5,1.9722222222222223,24.111111111111114,4.0,4.166666666666667,15.361111111111112,2.805555555555556,14.111111111111109,0.9444444444444443,11.0,0.3611111111111111,1.0,8.86111111111111,0.47222222222222215,3.0277777777777772,12.361111111111112,13.666666666666666,0.5,0.4088888888888889,0.7230769230769232,0.08823529411764706,0.318359375,0.7205882352941175,0.7380952380952381,0.45736434108527135,0.5728061716489874,0.47887323943661975,0.45622119815668216,0.09027777777777779,0.7533333333333334,0.5768535262206149,0.16831683168316836,0.2145669291338581,0.382960413080895,0.22589531680440766
Ricky Rainey,Switch,No,No,No,Ricky Rainey,0.0,0.0,0.0,0.0,0.033333333333333326,3.75,2.0,2.5,6.75,1.5,0.0,8.25,17.75,9.25,18.75,0.25,11.25,2.75,3.75,14.75,3.0,0.0,0.5,0.5,0.0,0.0,0.2833333333333333,8.75,3.5,3.0,10.25,0.0,5.0,15.25,25.75,17.25,27.75,1.0,19.0,3.5,3.25,19.5,0.25,6.0,0.5,10.25,0.0,0.25,9.25,0.25,1.0,10.5,10.5,0.0,0.3333333333333333,0.7272727272727273,0.0,0.4576271186440678,0.5,,0.4647887323943662,0.49333333333333335,0.5,0.5394736842105263,0.0,0.8461538461538461,0.47435897435897434,1.0,0.16666666666666663,0.4077669902912622,0.3783783783783784
Rashad Coulter,Orthodox,No,No,No,Rashad Coulter,0.08333333333333333,0.0,0.0,0.0,0.07083333333333332,20.86111111111111,3.2777777777777772,1.9444444444444444,18.305555555555554,7.611111111111112,0.16666666666666666,26.083333333333332,44.944444444444436,27.944444444444443,46.88888888888889,0.25,39.63888888888889,3.3611111111111107,1.9444444444444444,35.38888888888889,9.13888888888889,0.4166666666666667,0.19444444444444442,0.27777777777777773,0.19444444444444442,0.0,1.6124999999999998,18.36111111111111,7.083333333333333,9.277777777777777,24.555555555555557,6.083333333333333,4.083333333333333,34.72222222222222,66.25,40.111111111111114,73.1388888888889,0.611111111111111,46.583333333333336,8.25,11.416666666666666,51.02777777777778,9.861111111111112,5.361111111111112,0.3333333333333333,28.222222222222225,1.1666666666666667,2.138888888888889,26.472222222222225,3.777777777777778,1.277777777777778,31.527777777777775,33.02777777777778,0.0,0.5262789067974771,0.9752066115702479,0.0,0.5172684458398743,0.8328267477203648,0.39999999999999997,0.5803461063040792,0.5959715639810426,0.5454545454545454,0.6058437686344663,0.14141414141414144,0.975669099756691,0.5187806205770278,0.38309859154929593,0.23834196891191728,0.47589098532494756,0.45157614887960507
Yuta Sasaki,Southpaw,No,No,No,Yuta Sasaki,0.0,0.5370370370370371,0.25925925925925924,0.4444444444444444,0.8518518518518517,5.981481481481481,2.555555555555556,1.2592592592592593,6.055555555555556,0.5185185185185185,3.222222222222222,9.796296296296296,25.14814814814815,21.833333333333332,38.629629629629626,1.2962962962962965,18.537037037037038,4.185185185185185,2.425925925925926,19.25925925925926,1.037037037037037,4.851851851851852,0.0925925925925926,1.0185185185185184,0.3148148148148148,0.07407407407407407,2.015432098765432,5.2592592592592595,1.3518518518518519,2.3333333333333335,5.962962962962963,0.9814814814814814,2.0,8.944444444444445,22.48148148148148,15.296296296296298,29.796296296296294,1.8703703703703702,17.074074074074073,2.6296296296296298,2.7777777777777772,18.314814814814813,1.388888888888889,2.777777777777778,0.8518518518518517,11.814814814814815,1.2777777777777777,0.4444444444444444,12.351851851851853,0.40740740740740744,0.7777777777777777,13.537037037037038,14.5,0.41428571428571426,0.32267732267732263,0.6106194690265487,0.22137404580152673,0.31442307692307697,0.5,0.66412213740458,0.3895434462444771,0.5651965484180249,0.4554455445544555,0.6919739696312364,0.4859154929577465,0.6333333333333333,0.6744186046511628,0.29333333333333345,0.28000000000000014,0.6021416803953872,0.4866376631448104
Devin Powell,Orthodox,No,No,No,Devin Powell,0.08333333333333333,0.0,0.2222222222222222,0.1111111111111111,0.2657407407407407,4.277777777777778,3.2777777777777772,6.0,10.333333333333334,1.7222222222222223,1.5,13.555555555555557,32.47222222222222,22.111111111111114,42.22222222222222,0.5,19.02777777777778,5.333333333333333,8.111111111111112,26.472222222222218,3.1944444444444446,2.8055555555555554,0.0,0.6666666666666666,0.19444444444444442,0.1111111111111111,2.008796296296296,10.055555555555555,5.25,2.0833333333333335,9.583333333333334,4.222222222222222,3.5833333333333335,17.38888888888889,35.583333333333336,24.777777777777775,44.25,0.6666666666666666,25.972222222222218,6.638888888888888,2.9722222222222228,24.666666666666668,5.083333333333333,5.833333333333333,0.0,15.916666666666666,1.388888888888889,0.888888888888889,15.083333333333334,0.861111111111111,2.25,18.194444444444446,19.47222222222222,0.0,0.22481751824817517,0.6145833333333333,0.0,0.39034627492130125,0.5391304347826087,0.5346534653465347,0.4174508126603936,0.5236842105263159,0.0,0.6128342245989304,0.20920502092050208,0.7757009345794393,0.6114864864864864,0.1693989071038251,0.3857142857142857,0.5113192818110851,0.4400502197112367
Amanda Cooper,Switch,No,No,No,Amanda Cooper,0.0,0.5555555555555556,0.6666666666666666,0.05555555555555555,1.6314814814814815,14.277777777777779,2.1666666666666665,1.722222222222222,11.888888888888891,0.6666666666666666,5.611111111111111,18.166666666666668,39.94444444444444,32.44444444444445,58.22222222222223,1.2222222222222223,35.22222222222222,2.777777777777778,1.9444444444444446,32.111111111111114,0.9444444444444445,6.888888888888888,0.1111111111111111,0.3333333333333333,0.7222222222222223,0.05555555555555555,0.9157407407407407,9.888888888888888,2.8888888888888893,1.388888888888889,10.555555555555555,0.9444444444444443,2.6666666666666665,14.166666666666666,31.333333333333332,19.055555555555554,36.77777777777778,0.5,26.0,3.5,1.8333333333333333,26.888888888888886,1.0555555555555556,3.388888888888889,0.16666666666666666,16.11111111111111,0.6111111111111112,0.4444444444444444,16.333333333333332,0.1111111111111111,0.7222222222222223,17.166666666666668,17.722222222222225,0.45454545454545453,0.4053627760252366,0.7799999999999998,0.2857142857142857,0.370242214532872,0.7058823529411764,0.8145161290322581,0.4547983310152991,0.5572519083969466,0.33333333333333337,0.6196581196581197,0.17460317460317454,0.8181818181818181,0.6074380165289256,0.10526315789473695,0.21311475409836067,0.5478723404255319,0.4818731117824774
John Gunther,Orthodox,No,No,No,John Gunther,0.0,1.8333333333333333,0.0,0.0,2.966666666666667,6.5,0.5,0.8333333333333334,6.333333333333333,1.1666666666666667,0.3333333333333333,7.833333333333333,22.0,24.833333333333332,43.166666666666664,5.0,19.166666666666668,1.8333333333333333,1.0,20.0,1.6666666666666667,0.3333333333333333,0.0,0.16666666666666666,0.5,0.0,0.2916666666666667,11.333333333333334,5.5,2.5,14.333333333333334,4.0,1.0,19.333333333333332,36.333333333333336,30.166666666666668,47.5,0.16666666666666666,25.833333333333332,7.5,3.0,31.0,4.333333333333333,1.0,0.0,14.5,2.0,0.5,16.666666666666668,0.3333333333333333,0.0,17.0,17.333333333333332,0.36666666666666664,0.3391304347826087,0.27272727272727276,1.8333333333333333,0.31666666666666665,0.7000000000000001,1.0,0.356060606060606,0.5752895752895753,0.0,0.5612903225806452,0.2666666666666667,0.9444444444444444,0.5376344086021505,0.07692307692307687,0.0,0.4678899082568808,0.3649122807017544
Joseph Morales,Switch,No,No,No,Joseph Morales,0.1111111111111111,0.3333333333333333,0.8888888888888888,0.0,0.36481481481481487,4.722222222222222,1.8333333333333333,0.611111111111111,4.222222222222222,0.27777777777777773,2.6666666666666665,7.166666666666667,19.222222222222225,8.722222222222221,21.0,0.4444444444444444,16.0,2.3333333333333335,0.8888888888888888,13.444444444444445,1.1666666666666667,4.611111111111112,0.16666666666666666,1.7222222222222223,0.1111111111111111,0.3333333333333333,2.562037037037037,5.277777777777778,1.611111111111111,0.5555555555555556,4.0,0.3333333333333333,3.1111111111111107,7.444444444444444,19.722222222222225,16.555555555555557,30.166666666666668,2.388888888888889,16.166666666666668,2.8333333333333335,0.7222222222222223,13.888888888888888,0.5,5.333333333333333,0.6666666666666666,10.888888888888888,1.222222222222222,0.16666666666666666,9.88888888888889,0.16666666666666666,2.222222222222222,12.277777777777779,13.611111111111112,0.75,0.2951388888888889,0.7857142857142856,0.375,0.3140495867768595,0.23809523809523805,0.5783132530120481,0.3728323699421965,0.4153439153439153,0.2790697674418604,0.6735395189003437,0.431372549019608,-1.3846153846153846,0.712,0.33333333333333337,0.41666666666666674,0.6225352112676057,0.4511970534069981
Joby Sanchez,Orthodox,No,No,No,Joby Sanchez,0.15,0.19444444444444442,0.06666666666666667,0.1111111111111111,0.3651851851851852,12.277777777777779,3.505555555555555,0.24444444444444446,13.394444444444446,1.2444444444444445,1.388888888888889,16.027777777777775,49.03333333333333,20.972222222222225,54.25555555555555,0.3611111111111111,43.52777777777778,5.127777777777778,0.37777777777777777,44.37777777777777,2.283333333333333,2.3722222222222222,0.08333333333333333,1.0944444444444443,0.17777777777777778,0.0,0.8731481481481481,10.594444444444443,1.9944444444444445,2.6,12.661111111111111,1.888888888888889,0.6388888888888888,15.188888888888888,44.01111111111111,20.872222222222224,52.105555555555554,2.3000000000000003,37.888888888888886,3.1666666666666665,2.9555555555555557,39.65555555555556,3.716666666666667,0.6388888888888888,1.2055555555555555,27.29444444444444,1.1722222222222223,0.35555555555555557,26.994444444444444,1.8277777777777777,0.0,28.822222222222223,31.233333333333334,0.5384615384615384,0.2820676451818762,0.683640303358613,0.5147058823529411,0.3018277416124187,0.5450121654501217,0.5854800936768151,0.32687514162701103,0.3865451566659841,0.5241545893719808,0.7203812316715543,0.37017543859649116,0.6296992481203008,0.6807228915662651,0.49177877428998507,0.0,0.6548851300176723,0.599424245655187
Adam Wieczorek,Orthodox,No,No,No,Adam Wieczorek,0.0,0.1111111111111111,0.1111111111111111,0.0,0.4925925925925925,3.944444444444444,2.7222222222222228,1.5555555555555556,5.777777777777778,1.6666666666666667,0.7777777777777777,8.222222222222223,21.27777777777778,15.833333333333334,29.722222222222225,0.4444444444444444,15.833333333333334,3.555555555555556,1.8888888888888886,18.277777777777775,1.7777777777777777,1.2222222222222223,0.0,0.8888888888888888,0.0,0.0,2.6185185185185182,4.055555555555556,2.888888888888889,1.5555555555555554,4.055555555555556,1.4444444444444444,3.0,8.5,17.22222222222222,18.88888888888889,30.722222222222225,2.3333333333333335,12.055555555555555,3.388888888888889,1.7777777777777777,11.0,1.6666666666666667,4.555555555555555,1.4444444444444444,8.0,0.5,0.2222222222222222,6.944444444444444,0.2222222222222222,1.5555555555555554,8.722222222222223,11.833333333333334,0.25,0.24912280701754383,0.7656250000000001,0.05882352941176471,0.31610942249240126,0.9375000000000001,0.6363636363636362,0.3864229765013055,0.5327102803738317,0.6190476190476191,0.663594470046083,0.14754098360655743,0.5,0.6313131313131313,0.13333333333333341,0.3414634146341463,0.5064516129032257,0.3851717902350814
Jason Knight,Orthodox,No,No,No,Jason Knight,0.12169312169312169,0.39351851851851855,0.5092592592592592,0.1111111111111111,0.8025793650793651,9.77116402116402,1.9735449735449737,2.3855820105820107,10.80026455026455,0.7705026455026456,2.5595238095238098,14.130291005291005,41.39087301587302,21.617063492063494,49.350529100529094,1.3234126984126984,34.767857142857146,3.2757936507936507,3.3472222222222228,36.76521164021164,1.582671957671958,3.042989417989418,0.0,0.7579365079365079,0.08928571428571429,0.1263227513227513,1.5636133156966492,11.191798941798941,1.4107142857142858,1.6091269841269842,11.560185185185185,0.30092592592592593,2.350529100529101,14.21164021164021,29.386243386243383,22.15608465608466,38.2037037037037,1.462962962962963,25.087962962962962,2.30489417989418,1.9933862433862435,25.39351851851852,0.542989417989418,3.4497354497354498,0.705026455026455,13.89616402116402,0.8941798941798943,0.38425925925925924,13.833333333333334,0.24206349206349206,1.0992063492063493,15.174603174603176,16.047619047619047,0.2973513243378311,0.2810401567463714,0.6024631536442561,0.11756569847856153,0.29376315458094227,0.48683660676974505,0.8411214953271028,0.3413866385440135,0.43803103808732485,0.48191681735985537,0.5538976616666227,0.387948350071736,0.6197743861977438,0.5447584320875114,0.4457978075517661,0.31863496932515323,0.5163845876845516,0.42005401287999433
Alex Garcia,Orthodox,No,No,No,Alex Garcia,0.10833333333333334,1.186904761904762,0.041666666666666664,0.03333333333333333,1.3431547619047617,6.989285714285714,1.005952380952381,0.4238095238095238,6.385714285714286,1.1690476190476191,0.8642857142857142,8.41904761904762,26.958333333333332,13.15,32.661904761904765,2.2547619047619047,24.742857142857144,1.7440476190476193,0.47142857142857136,23.275000000000002,1.9345238095238095,1.748809523809524,0.08928571428571429,0.2642857142857143,0.0,0.13095238095238096,0.7181547619047618,9.13452380952381,3.0392857142857146,2.4690476190476187,11.02857142857143,1.6333333333333335,1.980952380952381,14.642857142857144,35.550000000000004,24.50952380952381,46.199999999999996,0.8107142857142856,28.28690476190476,4.6380952380952385,2.625,30.36904761904762,2.638095238095238,2.5428571428571427,0.5464285714285714,19.152380952380952,1.598809523809524,0.15595238095238095,19.340476190476192,1.0047619047619047,0.5619047619047619,20.90714285714286,21.69047619047619,0.5263991552270327,0.28247690531177827,0.5767918088737201,2.517676767676768,0.27435936780727327,0.6043076923076923,0.4942137508509189,0.31229852064473396,0.40260970987024347,0.6740088105726871,0.677075880644754,0.3447125256673511,0.8993197278911564,0.6368482947863583,0.38086642599277964,0.22097378277153545,0.588105284307816,0.4694908266336837
Artem Lobov,Southpaw,No,No,No,Artem Lobov,0.0,0.08571428571428572,0.0,0.0,0.5138095238095237,12.485714285714286,3.057142857142857,4.257142857142857,18.97142857142857,0.6571428571428571,0.17142857142857143,19.8,47.8,21.885714285714286,50.57142857142857,1.0285714285714285,35.94285714285714,6.371428571428572,5.485714285714286,45.114285714285714,2.4857142857142858,0.2,0.05714285714285714,0.5142857142857142,0.02857142857142857,0.0,0.6390476190476191,16.857142857142854,6.542857142857143,7.171428571428573,25.91428571428571,3.685714285714286,0.9714285714285715,30.571428571428573,53.94285714285714,42.885714285714286,67.57142857142858,0.8857142857142858,37.42857142857143,9.028571428571428,7.485714285714286,47.31428571428571,5.2,1.4285714285714284,0.37142857142857144,20.571428571428573,2.4857142857142858,0.3142857142857143,21.4,1.5142857142857142,0.45714285714285713,23.371428571428574,24.685714285714287,0.08333333333333334,0.34737678855325915,0.4798206278026905,0.015625,0.42051931602279924,0.26436781609195403,0.8571428571428571,0.41422594142259417,0.43276836158192095,0.4193548387096775,0.549618320610687,0.27531645569620256,0.9312977099236641,0.4522946859903382,0.2912087912087912,0.31999999999999984,0.4332627118644068,0.3653276955602538
Thibault Gouti,Orthodox,No,No,No,Thibault Gouti,0.05555555555555555,0.4444444444444444,0.05555555555555555,0.05555555555555555,0.6898148148148149,11.166666666666666,1.777777777777778,1.4444444444444446,12.0,1.0,1.3888888888888886,14.388888888888888,43.444444444444436,19.666666666666668,49.5,0.5,37.77777777777778,3.4444444444444446,2.2222222222222223,39.77777777777778,2.0,1.6666666666666667,0.2222222222222222,0.3333333333333333,0.16666666666666666,0.0,1.1935185185185186,17.444444444444443,4.444444444444444,2.444444444444444,15.388888888888888,2.6666666666666665,6.277777777777779,24.333333333333332,48.0,36.38888888888889,60.833333333333336,2.0,38.88888888888889,6.333333333333333,2.777777777777778,34.22222222222222,4.111111111111111,9.666666666666666,1.6666666666666667,21.444444444444443,1.888888888888889,0.3333333333333333,18.833333333333332,1.4444444444444444,3.388888888888889,23.666666666666668,24.444444444444443,0.8888888888888888,0.29558823529411765,0.5161290322580645,0.19999999999999998,0.3016759776536313,0.5,0.8333333333333331,0.33120204603580566,0.39730639730639733,0.8333333333333334,0.5514285714285715,0.29824561403508776,0.88,0.5503246753246753,0.3513513513513513,0.350574712643678,0.4930555555555556,0.4018264840182648
Gray Maynard,Orthodox,No,No,Yes,Gray Maynard,0.06,0.6978991596638655,0.19910364145658263,0.04781512605042017,1.0092152194211017,7.277591036414566,1.9001120448179272,0.7121008403361344,6.568487394957984,1.6038375350140057,1.7174789915966386,9.889803921568628,31.493641456582633,13.552661064425768,35.57442577030812,2.5741176470588236,27.94232492997199,2.6385434173669466,0.9127731092436975,26.568543417366946,2.236190476190476,2.68890756302521,0.1319607843137255,0.2446778711484594,0.1295238095238095,0.02857142857142857,0.31720401493930905,10.06420168067227,1.8340616246498598,1.6475350140056022,10.952521008403362,1.5221848739495798,1.07109243697479,13.54579831932773,42.53750700280112,17.337086834733892,46.97515406162465,1.5019327731092438,36.65733893557423,3.8878991596638657,1.9922689075630253,38.29778711484594,2.8199439775910364,1.4197759103641456,1.2572549019607844,26.59313725490196,2.0538375350140057,0.344733893557423,27.34526610644258,1.2977591036414566,0.34868347338935574,28.991708683473387,29.638067226890758,0.2711217027944633,0.26045044765077324,0.7201367361671409,0.7645921561406739,0.2472279827980479,0.7172186591842871,0.6387274204637791,0.3140254179626318,0.380966404122182,0.8370913295660121,0.7254519293296156,0.5282640960244385,0.8771863224790507,0.7140168705946544,0.46020740623013356,0.24559049836246682,0.6815563658106308,0.6309307083487129
Ryan LaFlare,Southpaw,No,No,No,Ryan LaFlare,0.042222222222222223,0.43111111111111117,0.042222222222222223,0.10444444444444445,1.0247407407407407,5.42,4.375555555555556,2.2888888888888888,8.77111111111111,1.5444444444444445,1.768888888888889,12.084444444444443,31.175555555555558,17.848888888888887,37.57555555555556,0.9622222222222222,20.491111111111113,7.771111111111111,2.913333333333333,25.52,2.6933333333333334,2.962222222222222,0.10444444444444442,0.6911111111111111,0.3044444444444444,0.0,1.4653703703703704,6.037777777777778,1.5022222222222221,0.8400000000000001,5.3,0.7244444444444444,2.3555555555555556,8.379999999999999,20.864444444444445,12.833333333333332,26.78222222222222,2.246666666666667,17.551111111111112,2.268888888888889,1.0444444444444445,16.580000000000002,1.3333333333333333,2.9511111111111115,1.5555555555555556,11.513333333333332,0.7666666666666666,0.20444444444444443,11.28,0.6088888888888888,0.5955555555555556,12.484444444444444,13.948888888888888,0.4480369515011548,0.2645049343888949,0.5630540463254218,0.14797864225781848,0.3436955764541971,0.5734323432343235,0.5971492873218305,0.38762563261814803,0.4750133065231532,0.6923837784371909,0.6559888579387186,0.337904015670911,0.3382978723404255,0.6803377563329314,0.45666666666666667,0.20180722891566272,0.5983597827244649,0.5208264188516429
Alex Chambers,Southpaw,No,No,No,Alex Chambers,0.0,0.6,0.3333333333333333,0.0,0.9233333333333332,6.7555555555555555,2.422222222222222,2.488888888888889,7.955555555555556,2.488888888888889,1.2222222222222223,11.666666666666666,22.177777777777777,18.311111111111114,29.88888888888889,1.4444444444444444,14.311111111111112,3.6,4.266666666666667,16.51111111111111,4.377777777777777,1.288888888888889,0.0,0.6444444444444444,0.8666666666666667,0.2222222222222222,1.5437037037037038,12.044444444444444,6.222222222222222,3.1999999999999997,11.511111111111111,7.333333333333333,2.6222222222222222,21.466666666666665,43.17777777777778,44.400000000000006,71.22222222222221,1.3555555555555554,29.822222222222223,9.11111111111111,4.2444444444444445,27.844444444444445,11.844444444444443,3.488888888888889,0.7111111111111111,17.777777777777775,2.8888888888888893,1.0444444444444445,16.333333333333332,4.511111111111111,0.8666666666666667,21.71111111111111,26.822222222222223,0.41538461538461535,0.4720496894409938,0.6728395061728395,0.140625,0.48183041722745634,0.5685279187817259,0.9482758620689655,0.5260521042084169,0.612639405204461,0.5245901639344261,0.5961251862891208,0.31707317073170727,0.8481675392670157,0.5865921787709497,0.38086303939962474,0.24840764331210197,0.5028306742151313,0.3765990639625584
Luis Henrique,Orthodox,No,No,No,Luis Henrique,0.0,0.8888888888888888,0.3333333333333333,0.0,2.0097222222222224,5.916666666666667,1.777777777777778,0.7222222222222222,3.75,1.7222222222222223,2.9444444444444446,8.416666666666666,19.63888888888889,20.333333333333332,35.111111111111114,2.388888888888889,16.722222222222225,2.138888888888889,0.7777777777777777,12.305555555555555,2.8333333333333335,4.5,0.1111111111111111,0.1111111111111111,0.05555555555555555,0.08333333333333333,0.799074074074074,8.472222222222221,1.7222222222222223,0.2777777777777778,4.222222222222222,2.777777777777778,3.4722222222222228,10.472222222222221,19.13888888888889,24.916666666666668,35.77777777777778,0.25,16.86111111111111,1.8333333333333333,0.4444444444444444,11.611111111111112,3.305555555555556,4.222222222222222,0.13888888888888887,8.38888888888889,0.1111111111111111,0.16666666666666666,7.388888888888889,0.5277777777777778,0.75,8.666666666666666,10.861111111111112,0.37209302325581395,0.3538205980066445,0.8311688311688312,1.142857142857143,0.3047404063205418,0.6078431372549019,0.654320987654321,0.42857142857142855,0.5791139240506328,0.5555555555555556,0.49752883031301487,0.06060606060606055,0.75,0.6363636363636365,0.15966386554621848,0.17763157894736836,0.4528301886792453,0.3035714285714286
Hector Lombard,Southpaw,No,No,No,Hector Lombard,0.20370370370370372,0.5,0.05555555555555555,0.0,0.9826388888888888,9.467592592592593,1.8564814814814816,3.152777777777778,10.37962962962963,2.009259259259259,2.0879629629629632,14.476851851851853,29.939814814814813,21.5,37.35648148148148,1.0648148148148149,23.185185185185187,2.6481481481481484,4.106481481481482,24.00462962962963,3.2083333333333335,2.7268518518518516,0.0787037037037037,0.21296296296296294,0.11574074074074074,0.0,0.2506172839506173,10.699074074074076,3.2731481481481484,2.555555555555556,9.958333333333334,2.5462962962962963,4.023148148148148,16.52777777777778,36.36574074074074,22.291666666666668,42.523148148148145,1.0277777777777777,28.199074074074076,4.6342592592592595,3.532407407407407,28.421296296296294,3.3055555555555554,4.638888888888889,0.8148148148148149,17.5,1.3611111111111114,0.976851851851852,18.462962962962962,0.7592592592592592,0.6157407407407408,19.837962962962962,20.23148148148148,0.4695652173913043,0.40834664536741216,0.701048951048951,0.12175873731679819,0.43240115718418515,0.6262626262626262,0.7657045840407471,0.48353177671254066,0.5755360019828976,0.7927927927927928,0.6205877524216056,0.29370629370629375,0.9397116644823067,0.6496172014986153,0.22969187675070024,0.13273453093812393,0.5455124124761298,0.47577572128470325
Thales Leites,Orthodox,No,No,Yes,Thales Leites,0.040336134453781515,0.41803921568627445,0.22296918767507004,0.0,0.8780457516339869,6.582072829131652,1.1955182072829131,1.9574789915966384,7.724649859943978,0.6796638655462185,1.3307563025210083,9.735070028011204,27.055070028011205,12.879103641456584,30.645658263305325,2.239439775910364,22.461512605042017,2.2953501400560223,2.2982072829131655,23.76532212885154,1.355518207282913,1.9342296918767505,0.03619047619047619,0.1038655462184874,0.04795518207282913,0.021288515406162466,0.5418132586367881,11.19406162464986,1.6277310924369748,5.863305322128851,15.180560224089636,1.133389355742297,2.371148459383753,18.68509803921569,36.139047619047616,21.82364145658263,40.025994397759106,0.15025210084033613,27.49535014005602,2.133893557422969,6.509803921568627,31.53579831932773,1.5631932773109243,3.040056022408964,0.04638655462184874,16.301288515406164,0.5061624649859944,0.646498599439776,16.355238095238096,0.42980392156862746,0.66890756302521,17.453949579831935,18.202352941176468,0.1866713363686396,0.2930378262973327,0.5208435028800156,0.18189795968115444,0.32503871893939573,0.5014051909406514,0.6880032439321091,0.35982424062965257,0.42025867190713406,0.3087248322147651,0.5928743744804316,0.2372013651877133,0.9840447504302926,0.5186245145794917,0.2749525140665877,0.22003132774348133,0.482966506583659,0.4547632910825459
Adam Yandiev,Orthodox,No,No,No,Adam Yandiev,0.0,0.0,0.0,0.0,0.0,0.0,0.0,0.5,0.5,0.0,0.0,0.5,6.0,0.5,6.0,0.0,4.5,1.0,0.5,5.0,1.0,0.0,0.0,1.5,1.0,0.0,1.7916666666666667,16.5,0.5,0.5,1.5,1.0,15.0,17.5,27.5,27.5,41.0,2.0,26.0,1.0,0.5,7.5,1.0,19.0,0.5,9.5,0.5,0.0,6.0,0.0,4.0,10.0,13.5,,0.0,0.0,0.0,0.1,0.0,,0.08333333333333333,0.08333333333333333,0.25,0.3653846153846154,0.5,-2.0,0.8,0.0,0.21052631578947367,0.36363636363636365,0.3292682926829268
Jordan Johnson,Orthodox,No,No,No,Jordan Johnson,0.0,0.9722222222222222,0.3611111111111111,0.0,2.0564814814814816,14.027777777777777,1.1111111111111112,0.8611111111111112,10.916666666666666,0.75,4.333333333333333,16.0,33.833333333333336,34.77777777777778,57.361111111111114,2.361111111111111,31.027777777777782,1.6666666666666667,1.1388888888888888,26.722222222222218,1.472222222222222,5.638888888888889,0.0,0.0,0.0,0.0,0.027777777777777776,7.916666666666667,2.5555555555555554,1.9444444444444444,10.361111111111112,1.8333333333333333,0.2222222222222222,12.416666666666666,27.0,15.055555555555557,29.833333333333332,0.3333333333333333,21.583333333333332,3.1944444444444446,2.2222222222222223,23.61111111111111,3.055555555555556,0.3333333333333333,0.3333333333333333,13.666666666666666,0.6388888888888888,0.27777777777777773,13.25,1.2222222222222223,0.1111111111111111,14.583333333333334,14.777777777777777,0.4117647058823529,0.45210384959713507,0.6666666666666666,0.8536585365853658,0.4085239085239086,0.5094339622641509,0.7684729064039407,0.4729064039408867,0.6062953995157385,1.0,0.6332046332046332,0.20000000000000007,1.0,0.5611764705882352,0.4,0.33333333333333337,0.5401234567901234,0.4953445065176908
CB Dollaway,Orthodox,No,No,No,CB Dollaway,0.049999999999999996,1.0477272727272726,0.27121212121212124,0.16363636363636364,1.8582575757575757,7.743181818181818,2.231060606060606,1.212878787878788,6.34469696969697,1.1901515151515152,3.6522727272727273,11.187121212121212,23.536363636363635,21.471969696969694,35.59621212121212,2.006060606060606,18.953030303030303,3.1931818181818183,1.390151515151515,15.693939393939393,1.8515151515151516,5.990909090909091,0.11363636363636365,0.17727272727272725,0.5348484848484848,0.1553030303030303,0.7096338383838384,7.986363636363637,1.9151515151515153,1.3227272727272728,7.69621212121212,0.6704545454545454,2.8575757575757574,11.224242424242425,24.252272727272725,18.146969696969695,32.67272727272728,0.5704545454545454,19.882575757575758,2.783333333333333,1.5863636363636366,18.470454545454544,1.174242424242424,4.607575757575758,0.39318181818181813,11.896212121212121,0.8681818181818182,0.2636363636363636,10.774242424242425,0.5037878787878788,1.75,13.028030303030304,14.525757575757575,0.5222809667673716,0.40854584699016705,0.6986951364175563,0.7536784741144414,0.4042768874300058,0.6427986906710311,0.6096358118361153,0.4753122183597271,0.6032093983442228,0.6892430278884463,0.5983234901886073,0.3119216113228088,0.8882521489971347,0.5833230794471105,0.42903225806451606,0.3798092732653734,0.5371880173679442,0.4445835652012615
Khalid Murtazaliev,Orthodox,No,No,No,Khalid Murtazaliev,0.0,2.5,0.0,0.5,2.9916666666666667,16.5,5.5,2.0,4.0,1.5,18.5,24.0,34.5,26.5,37.0,2.5,26.5,6.0,2.0,6.0,1.5,27.0,0.0,1.0,1.5,0.0,0.8166666666666668,0.5,1.0,0.5,2.0,0.0,0.0,2.0,9.5,11.5,19.0,1.5,6.0,3.0,0.5,9.0,0.5,0.0,0.5,5.5,2.0,0.0,7.0,0.5,0.0,7.5,7.5,1.0,0.6226415094339622,0.9166666666666666,1.25,0.6666666666666666,1.0,0.6851851851851852,0.6956521739130435,0.7162162162162162,0.33333333333333337,0.9166666666666666,0.6666666666666667,-1.0,0.7777777777777778,1.0,,0.7894736842105263,0.39473684210526316
Terrion Ware,Orthodox,No,No,No,Terrion Ware,0.0,0.16666666666666666,0.0,0.0,0.24027777777777773,13.75,3.9166666666666665,2.4166666666666665,17.5,1.3333333333333333,1.25,20.083333333333332,61.75,25.333333333333332,68.25,0.75,52.5,5.75,3.5,56.75,3.3333333333333335,1.6666666666666667,0.0,1.3333333333333333,0.0,0.0,1.5763888888888886,22.666666666666668,3.9166666666666665,3.75,21.0,1.75,7.583333333333333,30.333333333333332,60.833333333333336,45.083333333333336,77.91666666666667,2.4166666666666665,51.0,5.833333333333333,4.0,43.75,3.25,13.833333333333334,1.0833333333333333,28.333333333333332,1.9166666666666667,0.25,22.75,1.5,6.25,30.5,32.833333333333336,0.2222222222222222,0.2619047619047619,0.6811594202898551,0.047619047619047616,0.30837004405286345,0.39999999999999997,0.75,0.32523616734143046,0.37118437118437114,0.4482758620689655,0.5555555555555556,0.3285714285714285,0.6666666666666667,0.52,0.46153846153846156,0.4518072289156627,0.5013698630136987,0.4213903743315508
Kajan Johnson,Orthodox,No,No,No,Kajan Johnson,0.1111111111111111,0.48412698412698413,0.05555555555555555,0.05555555555555555,0.7267195767195768,5.936507936507937,2.3968253968253967,2.984126984126984,7.976190476190477,0.8492063492063493,2.492063492063492,11.317460317460316,26.222222222222218,12.53968253968254,27.603174603174605,1.2698412698412698,18.476190476190478,3.888888888888889,3.857142857142857,21.46031746031746,1.1746031746031746,3.587301587301587,0.10317460317460318,0.48412698412698413,0.15079365079365079,0.10317460317460318,0.76494708994709,5.388888888888889,0.5634920634920635,1.4285714285714286,5.23015873015873,0.48412698412698413,1.6666666666666667,7.380952380952382,20.523809523809522,13.54761904761905,27.11111111111111,1.2936507936507937,17.23015873015873,1.4523809523809526,1.8412698412698412,16.857142857142858,1.0238095238095237,2.642857142857143,0.8095238095238096,11.841269841269842,0.8888888888888888,0.41269841269841273,11.626984126984127,0.5396825396825397,0.9761904761904763,13.142857142857144,13.563492063492063,0.38125000000000003,0.3213058419243986,0.6163265306122448,0.12551440329218108,0.3716715976331362,0.722972972972973,0.6946902654867257,0.43159806295399517,0.45428407130534787,0.6257668711656441,0.687240902809765,0.6120218579234973,0.7370689655172413,0.6897363465160076,0.5271317829457364,0.36936936936936937,0.6403712296983758,0.5002927400468383
Craig White,Orthodox,No,No,No,Craig White,0.3333333333333333,0.0,0.16666666666666666,0.0,0.34722222222222227,4.5,0.6666666666666666,0.5,2.8333333333333335,0.5,2.3333333333333335,5.666666666666667,15.333333333333334,21.0,33.0,0.3333333333333333,13.5,1.0,0.8333333333333334,7.0,1.1666666666666667,7.166666666666667,0.16666666666666666,0.8333333333333334,0.0,0.0,4.288888888888889,12.166666666666666,3.8333333333333335,0.16666666666666666,1.1666666666666667,0.8333333333333334,14.166666666666666,16.166666666666668,26.166666666666668,29.166666666666668,42.166666666666664,1.5,21.666666666666668,4.333333333333333,0.16666666666666666,3.5,0.8333333333333334,21.833333333333332,0.6666666666666666,9.5,0.5,0.0,2.3333333333333335,0.0,7.666666666666667,10.0,13.0,0.0,0.3333333333333333,0.6666666666666666,0.0,0.40476190476190477,0.42857142857142855,0.32558139534883723,0.3695652173913044,0.6363636363636364,0.4444444444444444,0.43846153846153857,0.11538461538461531,-4.000000000000001,0.6666666666666666,0.0,0.35114503816793896,0.3821656050955414,0.3083003952569169
Jarred Brooks,Switch,No,No,No,Jarred Brooks,0.0,1.5,0.16666666666666666,0.0,2.077777777777778,6.583333333333333,2.8333333333333335,0.5833333333333334,4.111111111111111,1.7222222222222223,4.166666666666667,10.0,22.055555555555557,21.38888888888889,35.05555555555555,2.6666666666666665,17.86111111111111,3.3055555555555554,0.8888888888888888,14.916666666666666,2.111111111111111,5.027777777777778,0.0,0.3333333333333333,0.611111111111111,0.08333333333333333,0.5981481481481482,5.361111111111111,2.305555555555556,0.25,4.333333333333333,1.222222222222222,2.361111111111111,7.916666666666667,21.277777777777775,21.166666666666668,36.44444444444445,1.1111111111111112,17.305555555555557,3.638888888888889,0.3333333333333333,16.694444444444443,1.8055555555555556,2.777777777777778,0.7777777777777778,11.944444444444445,1.3333333333333333,0.08333333333333333,12.361111111111112,0.5833333333333334,0.4166666666666667,13.361111111111112,15.277777777777779,0.5625,0.36858475894245724,0.8571428571428572,1.6875,0.2756052141527002,0.8157894736842105,0.8287292817679559,0.4534005037783375,0.6101426307448495,0.7,0.6902086677367576,0.36641221374045796,0.0,0.740432612312812,0.32307692307692315,0.15000000000000013,0.6279373368146213,0.4192073170731708
Robert Sanchez,Orthodox,No,No,No,Robert Sanchez,0.0,0.5555555555555556,0.1111111111111111,0.0,1.0240740740740741,1.8888888888888886,0.6666666666666666,0.1111111111111111,0.6666666666666666,0.1111111111111111,1.8888888888888886,2.6666666666666665,8.555555555555555,31.88888888888889,42.44444444444444,1.1111111111111112,7.0,1.3333333333333333,0.2222222222222222,5.444444444444444,0.4444444444444444,2.6666666666666665,0.1111111111111111,0.6666666666666666,0.2222222222222222,0.0,2.8796296296296298,6.0,1.8888888888888886,0.6666666666666666,1.111111111111111,1.8888888888888886,5.5555555555555545,8.555555555555555,15.222222222222221,26.444444444444446,35.44444444444444,1.3333333333333333,12.0,1.8888888888888886,1.3333333333333333,5.333333333333333,2.0,7.888888888888889,0.6666666666666666,6.0,0.0,0.6666666666666666,4.222222222222222,0.1111111111111111,2.3333333333333335,6.666666666666667,9.0,0.5,0.2698412698412698,0.5,2.5000000000000004,0.12244897959183675,0.25,0.7083333333333333,0.3116883116883117,0.7513089005235603,0.5,0.5,0.0,0.5,0.7916666666666667,0.05555555555555569,0.2957746478873241,0.43795620437956206,0.2539184952978055
Iuri Alcantara,Southpaw,No,No,No,Iuri Alcantara,0.08333333333333333,0.4222222222222222,0.21296296296296294,0.027777777777777776,0.6914197530864197,7.670370370370371,2.975925925925926,0.9296296296296296,7.524074074074075,1.0,3.051851851851852,11.575925925925924,25.614814814814817,18.2,33.42777777777778,0.7037037037037037,20.24259259259259,4.1611111111111105,1.2111111111111112,20.10925925925926,1.4462962962962962,4.059259259259259,0.0,0.7166666666666667,0.018518518518518517,0.11666666666666665,1.6583024691358024,8.537037037037038,1.4203703703703703,2.0185185185185186,4.75,1.2462962962962962,5.97962962962963,11.975925925925926,23.66851851851852,26.712962962962962,40.7037037037037,1.8074074074074076,18.312962962962963,2.3444444444444446,3.011111111111111,13.111111111111109,1.6777777777777778,8.87962962962963,1.0907407407407408,9.775925925925927,0.924074074074074,0.9925925925925926,8.361111111111112,0.4314814814814815,2.9000000000000004,11.692592592592591,13.99074074074074,0.6,0.37892233098527134,0.7151757899421451,0.34862385321100914,0.37415968321208215,0.6914212548015365,0.7518248175182481,0.4519230769230768,0.5444573707827821,0.6034836065573771,0.5338254626352512,0.39415481832543453,0.7619926199261993,0.6377118644067796,0.25717439293598243,0.3265901981230448,0.49401455285188955,0.34372156505914464
Jon Tuck,Orthodox,No,No,No,Jon Tuck,0.07407407407407407,0.13227513227513227,0.2804232804232804,0.047619047619047616,0.7813051146384479,8.010582010582011,3.576719576719577,2.6031746031746033,11.497354497354499,1.216931216931217,1.4761904761904763,14.19047619047619,35.70899470899471,21.693121693121693,44.042328042328045,0.37566137566137564,27.978835978835978,4.666666666666667,3.0634920634920633,31.306878306878303,2.100529100529101,2.301587301587302,0.0,0.42328042328042326,0.037037037037037035,0.0,0.9164902998236331,12.285714285714285,3.878306878306878,1.9417989417989416,13.597883597883596,2.0634920634920637,2.4444444444444446,18.105820105820104,45.94708994708995,25.52910052910053,54.43386243386243,0.8677248677248678,37.164021164021165,5.957671957671958,2.8253968253968256,39.63492063492063,2.9470899470899474,3.365079365079365,0.4444444444444444,24.878306878306876,2.0793650793650795,0.8835978835978837,26.037037037037038,0.8835978835978836,0.9206349206349206,27.84126984126984,28.90476190476191,0.352112676056338,0.2863086232980333,0.7664399092970522,0.04317789291882556,0.3672469156667231,0.579345088161209,0.6413793103448275,0.39739220625277816,0.4925516578567996,0.5121951219512195,0.6694191343963554,0.3490230905861458,0.8501872659176031,0.656921639300494,0.29982046678635543,0.2735849056603773,0.6059419622293875,0.53100699844479
Tim Williams,Orthodox,No,No,No,Tim Williams,0.0,0.5,0.0,0.0,0.36388888888888893,8.833333333333334,1.1666666666666667,3.0,11.833333333333334,0.8333333333333334,0.3333333333333333,13.0,35.833333333333336,15.166666666666666,39.333333333333336,1.5,28.5,3.3333333333333335,4.0,32.666666666666664,2.1666666666666665,1.0,0.8333333333333334,0.0,0.0,0.0,0.4055555555555555,12.0,3.6666666666666665,0.3333333333333333,13.666666666666666,1.1666666666666667,1.1666666666666667,16.0,32.666666666666664,17.0,33.666666666666664,0.3333333333333333,28.333333333333332,4.0,0.3333333333333333,28.5,2.1666666666666665,2.0,0.3333333333333333,16.333333333333332,0.3333333333333333,0.0,14.833333333333334,1.0,0.8333333333333334,16.666666666666668,16.666666666666668,0.3333333333333333,0.3099415204678363,0.35000000000000003,0.125,0.36224489795918374,0.38461538461538464,0.3333333333333333,0.36279069767441857,0.385593220338983,1.0,0.5764705882352941,0.08333333333333337,1.0,0.52046783625731,0.46153846153846145,0.41666666666666663,0.510204081632653,0.49504950495049505
Jake Ellenberger,Orthodox,No,No,No,Jake Ellenberger,0.1865079365079365,0.6150793650793651,0.10119047619047618,0.0853174603174603,0.8155753968253968,7.212301587301588,1.632936507936508,0.9404761904761904,6.301587301587301,1.878968253968254,1.6051587301587302,9.785714285714285,25.666666666666668,14.513888888888888,31.416666666666668,1.3432539682539684,22.202380952380953,2.305555555555556,1.1587301587301588,19.66071428571429,2.880952380952381,3.125,0.2043650793650794,0.08928571428571429,0.11904761904761903,0.10317460317460318,0.48508597883597876,7.942460317460317,1.974206349206349,1.9166666666666667,8.533730158730158,1.5813492063492063,1.7182539682539684,11.833333333333334,30.6984126984127,20.692460317460316,40.46031746031746,0.6448412698412699,25.14484126984127,3.178571428571429,2.375,25.56547619047619,2.4761904761904763,2.6567460317460316,0.5555555555555555,17.202380952380953,1.2043650793650793,0.4583333333333333,17.03174603174603,0.8948412698412698,0.9384920634920636,18.865079365079364,19.767857142857142,0.45790251107828656,0.3248436103663986,0.7082616179001721,0.5308219178082192,0.32051670198809157,0.6522038567493113,0.5136507936507937,0.38126159554730976,0.46198054818744466,0.8615384615384616,0.6841316184013256,0.3789013732833958,0.9624060150375939,0.6662010089251067,0.3613782051282052,0.3532486930545182,0.6145294725956567,0.48857395056885056
Kalindra Faria,Switch,No,No,No,Kalindra Faria,0.0,0.2222222222222222,0.1111111111111111,0.0,0.6981481481481481,7.333333333333333,1.888888888888889,1.1111111111111112,4.666666666666667,1.7777777777777777,3.8888888888888893,10.333333333333334,19.444444444444443,15.666666666666666,27.0,0.5555555555555555,15.777777777777779,2.4444444444444446,1.222222222222222,13.333333333333334,1.888888888888889,4.222222222222222,0.0,1.111111111111111,1.0,0.0,2.4333333333333336,6.0,0.4444444444444444,1.222222222222222,4.333333333333333,0.7777777777777778,2.5555555555555554,7.666666666666667,14.444444444444445,17.666666666666668,27.0,1.222222222222222,12.333333333333334,0.8888888888888888,1.222222222222222,10.0,0.7777777777777778,3.6666666666666665,0.1111111111111111,6.333333333333333,0.4444444444444444,0.0,5.666666666666667,0.0,1.111111111111111,6.777777777777779,9.333333333333334,0.4,0.46478873239436613,0.7727272727272727,0.18181818181818182,0.35000000000000003,0.9411764705882352,0.9210526315789475,0.5314285714285715,0.5802469135802469,0.09090909090909094,0.5135135135135136,0.5,0.09090909090909094,0.5666666666666667,0.0,0.3030303030303031,0.46923076923076923,0.345679012345679
John Moraga,Orthodox,No,No,Yes,John Moraga,0.02857142857142857,0.13650793650793652,0.20793650793650792,0.04523809523809523,0.5232804232804232,4.707142857142857,2.0103174603174603,1.492063492063492,4.5777777777777775,1.5468253968253969,2.0849206349206346,8.20952380952381,19.79126984126984,12.512698412698413,24.74047619047619,0.8984126984126984,14.542063492063495,3.38968253968254,1.8595238095238096,15.007936507936506,2.234920634920635,2.5484126984126982,0.06428571428571428,1.7158730158730158,0.2650793650793651,0.0,1.8985978835978834,5.421428571428572,4.397619047619047,3.4785714285714286,6.7095238095238106,1.980952380952381,4.607142857142857,13.297619047619047,24.128571428571426,19.385714285714286,31.55238095238095,2.2023809523809526,14.713492063492064,5.388888888888888,4.026190476190476,15.660317460317462,3.0206349206349206,5.447619047619048,0.48650793650793656,9.292063492063491,0.9912698412698413,0.5476190476190477,8.950793650793651,1.0396825396825398,0.8404761904761905,10.83095238095238,12.166666666666666,0.15194346289752653,0.32369153522894717,0.5930695387497072,0.07341015791720018,0.30502379693283976,0.6921164772727273,0.8181251946434132,0.4148053093796367,0.5057581881756649,0.22090090090090098,0.6315335239225417,0.18394698085419736,0.5738221959392864,0.5715588891141292,0.34419337887545975,0.15428321678321688,0.44888494178014604,0.38560217325686685
George Sullivan,Orthodox,No,No,No,George Sullivan,0.0,0.3238095238095238,0.19999999999999998,0.1111111111111111,1.185873015873016,8.987301587301587,3.3301587301587303,2.8063492063492066,8.974603174603175,2.038095238095238,4.111111111111112,15.123809523809525,38.422222222222224,25.8984126984127,50.15555555555556,1.8698412698412696,29.11111111111111,5.568253968253967,3.7428571428571424,29.97142857142857,2.717460317460317,5.733333333333333,0.11428571428571428,1.073015873015873,0.3682539682539683,0.047619047619047616,1.178253968253968,6.06984126984127,2.4507936507936505,2.53015873015873,8.076190476190476,1.492063492063492,1.4825396825396826,11.05079365079365,24.65079365079365,16.27936507936508,30.64761904761905,1.6253968253968252,17.26984126984127,4.707936507936508,2.673015873015873,19.917460317460318,2.717460317460317,2.015873015873016,0.5523809523809523,11.200000000000001,2.2571428571428576,0.14285714285714285,11.841269841269842,1.2253968253968253,0.5333333333333333,13.6,14.368253968253969,0.17317487266553483,0.30872410032715375,0.5980615735461803,0.08651399491094149,0.29943861879038236,0.75,0.7170542635658915,0.39362141617780716,0.5163617950503196,0.3398437499999999,0.6485294117647058,0.4794335805799057,0.5985748218527316,0.594517054510679,0.4509345794392523,0.26456692913385826,0.5517063747585318,0.4688212140045578
Jose Torres,Orthodox,No,No,No,Jose Torres,0.0,0.5,0.0,0.5,0.35,11.5,4.25,1.0,10.75,3.5,2.5,16.75,44.75,18.5,46.5,1.25,37.75,6.0,1.0,37.0,4.75,3.0,0.25,0.75,0.0,0.0,0.9083333333333332,22.5,6.5,1.5,20.75,7.0,2.75,30.5,64.5,36.25,70.25,2.75,54.25,8.5,1.75,52.5,9.25,2.75,2.0,31.75,2.0,0.25,31.75,2.25,0.0,34.0,34.0,0.4,0.304635761589404,0.7083333333333334,0.5,0.2905405405405405,0.7368421052631579,0.8333333333333334,0.3743016759776536,0.3978494623655914,0.7272727272727273,0.5852534562211982,0.23529411764705888,0.5714285714285714,0.6047619047619048,0.2432432432432432,0.0,0.5271317829457365,0.48398576512455516
Danielle Taylor,Orthodox,No,No,No,Danielle Taylor,0.0,0.06666666666666667,0.06666666666666667,0.0,0.0011111111111111068,8.666666666666666,2.1333333333333333,2.9333333333333336,13.0,0.6666666666666666,0.06666666666666667,13.733333333333334,46.6,15.800000000000002,48.86666666666667,0.3333333333333333,39.06666666666667,3.533333333333333,4.0,45.333333333333336,1.2,0.06666666666666667,0.0,0.20000000000000004,0.0,0.0,0.21888888888888888,10.133333333333333,3.8666666666666667,2.533333333333333,14.800000000000002,1.6000000000000003,0.13333333333333333,16.533333333333335,58.4,18.0,60.0,0.6666666666666666,47.4,6.3999999999999995,4.6000000000000005,56.0,2.1999999999999997,0.19999999999999998,0.4666666666666666,37.266666666666666,2.533333333333333,2.066666666666667,41.199999999999996,0.6,0.06666666666666667,41.86666666666667,42.0,0.2,0.22184300341296925,0.6037735849056604,0.016666666666666666,0.2867647058823529,0.5555555555555556,1.0,0.2947067238912733,0.32332878581173263,0.7,0.7862165963431786,0.39583333333333326,0.9565217391304348,0.7357142857142857,0.2727272727272725,0.33333333333333326,0.7168949771689497,0.7
Demetrious Johnson,Orthodox,Yes,No,Yes,Demetrious Johnson,0.03333333333333333,1.1311111111111112,0.19611111111111112,0.042222222222222223,1.5410648148148147,7.7666666666666675,5.400833333333333,3.7763888888888886,9.22388888888889,5.492222222222223,2.227777777777778,16.943888888888885,30.882222222222225,28.560833333333335,43.81111111111111,2.0119444444444445,18.807499999999997,6.913333333333334,5.161388888888888,21.073055555555555,7.173333333333334,2.6358333333333333,0.0125,0.4725,0.11472222222222221,0.024444444444444442,0.8319074074074073,3.5891666666666664,3.1444444444444444,1.5074999999999998,4.9383333333333335,2.8558333333333334,0.4469444444444445,8.241111111111111,24.70888888888889,16.614166666666666,34.19,1.652777777777778,17.755833333333335,4.677777777777778,2.2752777777777777,19.8275,4.198333333333333,0.6830555555555555,1.1802777777777778,14.166666666666666,1.5333333333333334,0.7677777777777778,14.889166666666664,1.3425,0.2361111111111111,16.467777777777776,17.575833333333332,0.5621979842606655,0.41295582436084904,0.7812198649951783,0.2191485926484043,0.43771008264898575,0.7656443618339529,0.8451891664032037,0.5486615816363242,0.6519084453461832,0.7141176470588235,0.7978598582625429,0.32779097387173406,0.7923330484678306,0.7509351489934014,0.31976974990075424,0.3456689711264741,0.6664718050184368,0.5140635663449351
Alvaro Herrera Mendoza,Orthodox,No,No,No,Alvaro Herrera Mendoza,0.125,0.0,0.125,0.0,0.02291666666666665,2.875,1.25,0.125,2.875,1.125,0.25,4.25,11.875,4.75,12.375,0.0,10.375,1.375,0.125,10.5,1.125,0.25,0.125,1.25,0.625,0.0,1.79375,5.125,1.375,2.5,5.0,0.625,3.375,9.0,18.125,19.875,32.5,1.5,11.625,3.25,3.25,12.375,0.75,5.0,0.25,6.5,1.875,0.75,7.375,0.125,1.625,9.125,12.625,,0.27710843373493976,0.9090909090909091,0.0,0.27380952380952384,1.0,1.0,0.35789473684210527,0.3838383838383838,0.16666666666666663,0.5591397849462365,0.5769230769230769,0.6153846153846154,0.595959595959596,0.16666666666666663,0.32499999999999996,0.503448275862069,0.3884615384615384
Eddie Alvarez,Orthodox,Yes,No,Yes,Eddie Alvarez,0.08333333333333333,0.7619047619047619,0.047619047619047616,0.0,1.0130952380952383,14.327380952380954,5.0,1.7857142857142858,16.488095238095237,3.6666666666666665,0.9583333333333334,21.113095238095237,50.25,26.107142857142858,56.714285714285715,2.6726190476190474,40.535714285714285,7.410714285714286,2.3035714285714284,43.80357142857142,5.309523809523809,1.1369047619047619,0.2619047619047619,0.0,0.19047619047619047,0.0,0.21329365079365079,16.416666666666668,4.285714285714286,4.8273809523809526,21.33928571428571,3.4345238095238098,0.7559523809523809,25.52976190476191,53.0,35.55952380952381,63.714285714285715,0.2619047619047619,42.041666666666664,5.7023809523809526,5.2559523809523805,46.56547619047618,4.8809523809523805,1.5535714285714286,0.2619047619047619,25.625,1.4166666666666667,0.42857142857142855,25.226190476190478,1.4464285714285714,0.7976190476190476,27.47023809523809,28.15476190476191,0.28507795100222716,0.3534508076358297,0.674698795180723,0.330749354005168,0.37640983829324637,0.6905829596412556,0.8429319371727749,0.4201610992655769,0.46032745591939545,1.0,0.6095143706640238,0.24843423799582465,1.0,0.5417359069410712,0.2963414634146341,0.5134099616858238,0.5183063791554356,0.4418908819133034
Jordan Mein,Orthodox,No,No,No,Jordan Mein,0.1111111111111111,0.6687830687830688,0.13333333333333333,0.13333333333333333,1.1873721340388006,8.010582010582011,1.7005291005291008,2.3492063492063493,8.586243386243387,1.1068783068783068,2.3671957671957675,12.060317460317462,25.95873015873016,16.726984126984128,31.412698412698415,1.1417989417989418,21.026455026455025,2.31005291005291,2.6222222222222222,19.503703703703703,1.813756613756614,4.641269841269842,0.047619047619047616,0.31322751322751324,0.255026455026455,0.0,1.1043386243386244,6.007407407407407,2.978835978835979,1.3746031746031744,6.531216931216931,1.288888888888889,2.5407407407407407,10.36084656084656,29.498412698412697,19.176719576719577,39.92910052910053,1.0158730158730158,22.84550264550265,4.64021164021164,2.0126984126984127,23.888888888888886,2.1555555555555554,3.453968253968254,0.7026455026455026,16.83809523809524,1.6613756613756614,0.6380952380952382,17.357671957671958,0.8666666666666667,0.9132275132275133,19.13756613756614,20.75238095238095,0.5857275254865616,0.38097634625062915,0.7361429225836006,0.255044390637611,0.4402365579729804,0.6102683780630104,0.510031919744642,0.4645958175369941,0.5324911571500758,0.6916666666666667,0.7370420121358099,0.35803876852907635,0.8443743427970557,0.7266002214839424,0.402061855670103,0.2643995098039216,0.6487659635528771,0.5197307396708452
Damian Stasiak,Orthodox,No,No,No,Damian Stasiak,0.0,0.7888888888888889,0.17777777777777778,0.1111111111111111,1.0366666666666668,5.566666666666666,1.7666666666666666,1.3,7.333333333333333,0.48888888888888893,0.8111111111111112,8.633333333333333,23.844444444444445,9.766666666666667,25.03333333333333,2.3333333333333335,18.244444444444444,4.122222222222222,1.4777777777777779,22.099999999999998,0.7444444444444445,1.0,0.06666666666666667,0.5555555555555555,0.43333333333333335,0.20000000000000004,1.3275925925925927,9.166666666666666,2.3777777777777778,3.0666666666666664,9.422222222222222,2.3222222222222224,2.8666666666666667,14.611111111111112,30.811111111111114,23.133333333333336,40.36666666666667,0.9888888888888889,23.566666666666666,3.733333333333333,3.511111111111111,23.444444444444443,3.8111111111111113,3.555555555555556,0.43333333333333335,14.4,1.3555555555555554,0.4444444444444444,14.02222222222222,1.488888888888889,0.6888888888888888,16.2,17.233333333333334,0.33809523809523806,0.305115712545676,0.4285714285714286,0.5338345864661653,0.3318250377073907,0.6567164179104478,0.8111111111111112,0.3620689655172413,0.3901464713715047,0.4382022471910113,0.611032531824611,0.363095238095238,0.8417721518987342,0.5981042654028436,0.39067055393586003,0.1937500000000001,0.5257843490804184,0.4269199009083402
Jeremy Kimball,Switch,No,No,No,Jeremy Kimball,0.25,0.25,0.0,0.0,0.35833333333333334,5.25,0.5,1.75,4.75,0.5,2.25,7.5,16.0,8.5,17.0,1.25,13.5,0.5,2.0,11.5,1.0,3.5,0.0,0.25,0.25,0.0,0.6916666666666667,7.0,1.25,2.0,3.75,0.0,6.5,10.25,20.25,13.25,24.25,0.5,15.5,2.25,2.5,10.0,0.0,10.25,0.25,8.5,1.0,0.5,6.25,0.0,3.75,10.0,11.0,0.2,0.3888888888888889,1.0,0.125,0.41304347826086957,0.5,0.6428571428571429,0.46875,0.5,0.5,0.5483870967741935,0.4444444444444444,0.9,0.625,,0.36585365853658536,0.49382716049382713,0.45360824742268047
Vitor Miranda,Orthodox,No,No,No,Vitor Miranda,0.0,0.2619047619047619,0.08333333333333333,0.08333333333333333,0.6319444444444445,7.412698412698412,2.1746031746031744,4.031746031746032,8.071428571428571,2.2698412698412698,3.2777777777777772,13.61904761904762,30.515873015873016,28.05952380952381,45.86904761904762,0.5674603174603174,19.845238095238095,4.916666666666667,5.753968253968254,23.936507936507937,2.380952380952381,4.198412698412699,0.0,0.861111111111111,0.10317460317460318,0.08333333333333333,1.9104497354497354,9.496031746031745,1.7777777777777777,2.234126984126984,10.38888888888889,1.1547619047619049,1.9642857142857142,13.507936507936508,32.62301587301587,23.718253968253965,44.72222222222222,1.6547619047619049,27.583333333333332,2.531746031746032,2.507936507936508,27.88095238095238,1.599206349206349,3.142857142857143,0.7936507936507938,18.087301587301585,0.753968253968254,0.2738095238095238,17.49206349206349,0.4444444444444444,1.1785714285714286,19.115079365079364,21.003968253968253,0.46153846153846156,0.3735252949410118,0.4422921711057304,0.04551724137931035,0.33720159151193635,0.9533333333333334,0.7807183364839317,0.44629388816645,0.6117311186088762,0.4796163069544366,0.655732988059272,0.29780564263322895,0.6566455696202531,0.6273840022772559,0.2779156327543423,0.375,0.5859384503101812,0.4696539485359362
Justin Scoggins,Southpaw,No,No,No,Justin Scoggins,0.037037037037037035,1.0777777777777777,0.14074074074074075,0.0,1.7172222222222224,10.92685185185185,3.323148148148148,1.9935185185185185,9.483333333333333,1.6768518518518516,5.083333333333333,16.243518518518517,30.73981481481481,21.80462962962963,37.19722222222222,1.627777777777778,23.05462962962963,5.280555555555556,2.4046296296296297,22.510185185185183,2.0462962962962963,6.183333333333334,0.0,0.3527777777777778,0.24074074074074073,0.15,0.6551697530864197,5.654629629629629,2.4212962962962963,1.7175925925925926,6.310185185185186,1.8388888888888888,1.6444444444444446,9.793518518518518,21.79722222222222,20.380555555555556,33.2037037037037,1.8925925925925924,15.289814814814816,3.8185185185185184,2.6888888888888887,17.05462962962963,2.4814814814814814,2.261111111111111,1.5398148148148147,9.635185185185184,1.3972222222222221,0.9712962962962962,10.744444444444445,0.6425925925925926,0.6166666666666667,12.003703703703705,12.82314814814815,0.6621160409556313,0.4739547773002931,0.6293179028581448,0.44820947246823256,0.4212907737238287,0.8194570135746605,0.8221024258760107,0.5284195307087564,0.5861897294202574,0.8136007827788649,0.6301701689577909,0.3659068865179438,0.868801652892562,0.6300016287529182,0.258955223880597,0.2727272727272726,0.5506987808504311,0.3861963190184049
Sage Northcutt,Orthodox,No,No,No,Sage Northcutt,0.09523809523809523,0.46230158730158727,0.20039682539682538,0.041666666666666664,0.6578373015873016,10.722222222222221,3.0376984126984126,3.319444444444444,10.628968253968253,3.4345238095238098,3.015873015873016,17.07936507936508,31.593253968253972,28.031746031746035,43.32539682539683,1.5476190476190474,23.867063492063494,3.9861111111111107,3.740079365079365,23.986111111111114,4.0853174603174605,3.5218253968253967,0.08928571428571429,0.9543650793650794,0.35714285714285715,0.0,1.6658068783068785,4.823412698412699,0.8809523809523809,2.1031746031746033,6.03968253968254,0.2619047619047619,1.5059523809523807,7.807539682539683,21.01388888888889,14.156746031746032,27.982142857142858,1.7301587301587302,15.990079365079366,1.8095238095238095,3.214285714285714,18.341269841269842,0.5178571428571429,2.1547619047619047,0.7757936507936508,11.166666666666666,0.9285714285714285,1.111111111111111,12.301587301587302,0.25595238095238093,0.6488095238095238,13.206349206349207,13.825396825396824,0.2987179487179487,0.44924765150885354,0.7620706819313091,0.1236074270557029,0.44313011828935384,0.8406993686255464,0.856338028169014,0.5406016454185768,0.6470049459607987,0.44839449541284404,0.6983496711750837,0.5131578947368421,0.7030864197530864,0.6707053223712678,0.49425287356321845,0.30110497237569067,0.6284581248229628,0.4940792739133518
Gokhan Saki,Orthodox,No,No,No,Gokhan Saki,1.0,0.0,0.0,0.0,0.075,18.5,1.0,3.0,22.0,0.5,0.0,22.5,38.5,22.5,38.5,0.0,33.5,2.0,3.0,38.0,0.5,0.0,0.5,0.0,0.0,0.0,0.3083333333333333,12.5,2.0,0.0,7.5,4.0,3.0,14.5,31.0,15.0,31.5,0.5,28.5,2.5,0.0,24.0,4.0,3.0,0.5,16.0,0.5,0.0,16.5,0.0,0.0,16.5,16.5,,0.5522388059701493,0.5,0.0,0.5789473684210527,1.0,,0.5844155844155844,0.5844155844155844,1.0,0.5614035087719298,0.19999999999999996,,0.6875,0.0,0.0,0.532258064516129,0.5238095238095238
Jamie Moyle,Orthodox,No,No,No,Jamie Moyle,0.0,0.3333333333333333,0.0,0.0,0.24629629629629632,10.777777777777779,7.0,4.777777777777778,17.444444444444443,3.6666666666666665,1.4444444444444444,22.555555555555557,43.77777777777778,30.444444444444443,53.888888888888886,1.5555555555555556,29.11111111111111,9.444444444444445,5.222222222222222,36.666666666666664,5.0,2.111111111111111,0.0,0.1111111111111111,0.1111111111111111,0.0,1.5685185185185186,14.333333333333334,3.5555555555555554,2.111111111111111,15.777777777777777,2.3333333333333335,1.888888888888889,20.0,58.333333333333336,33.44444444444444,74.8888888888889,0.2222222222222222,50.44444444444445,5.666666666666667,2.222222222222222,51.666666666666664,3.6666666666666665,3.0,0.1111111111111111,36.11111111111111,2.111111111111111,0.1111111111111111,35.88888888888889,1.3333333333333333,1.1111111111111112,38.333333333333336,41.44444444444444,0.21428571428571427,0.3702290076335878,0.7411764705882353,0.06382978723404255,0.47575757575757577,0.7333333333333333,0.6842105263157895,0.5152284263959391,0.5649484536082474,0.5,0.7158590308370044,0.37254901960784326,0.95,0.6946236559139785,0.36363636363636354,0.37037037037037035,0.6571428571428571,0.5534124629080119
Jay Cucciniello,Orthodox,No,No,No,Jay Cucciniello,0.0,0.0,0.0,0.0,0.0,2.6666666666666665,1.6666666666666667,0.3333333333333333,4.333333333333333,0.3333333333333333,0.0,4.666666666666667,21.333333333333332,6.0,22.666666666666668,0.3333333333333333,18.333333333333332,2.6666666666666665,0.3333333333333333,20.0,1.0,0.3333333333333333,0.0,0.6666666666666666,0.0,0.0,2.772222222222222,14.0,2.6666666666666665,7.0,16.666666666666668,0.0,7.0,23.666666666666668,37.0,39.0,55.666666666666664,2.3333333333333335,24.666666666666668,4.333333333333333,8.0,27.0,0.0,10.0,1.6666666666666667,10.666666666666666,1.6666666666666667,1.0,10.333333333333334,0.0,3.0,13.333333333333334,16.666666666666668,0.0,0.14545454545454545,0.6250000000000001,0.0,0.21666666666666665,0.3333333333333333,0.0,0.21875000000000003,0.2647058823529412,0.7142857142857143,0.43243243243243246,0.3846153846153846,0.9166666666666666,0.382716049382716,,0.30000000000000004,0.36036036036036034,0.29940119760479034
Allan Zuniga,Orthodox,No,No,No,Allan Zuniga,0.0,0.0,0.3333333333333333,0.0,0.0,11.0,6.0,2.6666666666666665,14.666666666666666,4.666666666666667,0.3333333333333333,19.666666666666668,37.333333333333336,31.0,49.0,0.0,26.0,8.0,3.3333333333333335,32.0,5.0,0.3333333333333333,0.0,2.6666666666666665,0.0,0.0,3.711111111111111,7.333333333333333,0.6666666666666666,1.0,6.666666666666667,1.6666666666666667,0.6666666666666666,9.0,23.666666666666668,31.333333333333332,50.666666666666664,6.333333333333333,20.333333333333332,2.0,1.3333333333333333,20.666666666666668,2.3333333333333335,0.6666666666666666,3.6666666666666665,13.0,1.3333333333333333,0.3333333333333333,14.0,0.6666666666666666,0.0,14.666666666666666,19.333333333333332,,0.4230769230769231,0.75,0.0,0.4583333333333333,0.9333333333333333,1.0,0.5267857142857143,0.6326530612244898,0.5789473684210527,0.639344262295082,0.6666666666666667,-1.0,0.6774193548387097,0.2857142857142857,0.0,0.619718309859155,0.381578947368421
Richie Smullen,Orthodox,No,No,No,Richie Smullen,0.0,2.0,0.0,0.0,1.6666666666666663,3.0,1.0,3.0,3.0,0.0,4.0,7.0,9.0,15.0,17.0,3.0,5.0,1.0,3.0,5.0,0.0,4.0,1.0,1.0,1.0,1.0,1.0166666666666666,8.0,0.0,0.0,8.0,0.0,0.0,8.0,23.0,8.0,23.0,1.0,22.0,1.0,0.0,20.0,1.0,2.0,0.0,14.0,1.0,0.0,12.0,1.0,2.0,15.0,15.0,0.6666666666666666,0.6,1.0,0.6666666666666666,0.6,,1.0,0.7777777777777778,0.8823529411764706,0.0,0.6363636363636364,1.0,-inf,0.6,1.0,1.0,0.6521739130434783,0.6521739130434783
Matt Bessette,Orthodox,No,No,No,Matt Bessette,0.0,0.0,0.0,0.16666666666666666,0.25555555555555554,11.5,4.5,0.6666666666666666,14.333333333333334,2.0,0.3333333333333333,16.666666666666668,47.833333333333336,23.833333333333332,55.833333333333336,0.5,39.0,7.666666666666667,1.1666666666666667,44.666666666666664,2.8333333333333335,0.3333333333333333,0.0,1.1666666666666667,0.16666666666666666,0.16666666666666666,1.9638888888888888,11.5,5.333333333333333,4.666666666666667,14.833333333333334,2.6666666666666665,4.0,21.5,49.5,31.333333333333332,60.5,2.6666666666666665,37.333333333333336,6.666666666666667,5.5,39.0,4.166666666666667,6.333333333333333,1.5,25.833333333333332,1.3333333333333333,0.8333333333333334,24.166666666666668,1.5,2.3333333333333335,28.0,29.166666666666668,0.0,0.2948717948717949,0.5869565217391304,0.0,0.32089552238805974,0.7058823529411764,1.0,0.34843205574912894,0.426865671641791,0.5625,0.6919642857142858,0.20000000000000007,0.7878787878787878,0.6196581196581197,0.3600000000000001,0.36842105263157887,0.5656565656565656,0.4820936639118457
Joe Giannetti,Southpaw,No,No,No,Joe Giannetti,0.0,0.3333333333333333,0.0,0.0,0.9500000000000001,1.0,3.6666666666666665,5.0,9.0,0.6666666666666666,0.0,9.666666666666666,25.0,20.333333333333332,36.0,2.0,14.333333333333334,5.666666666666667,5.0,23.0,1.3333333333333333,0.6666666666666666,0.0,0.0,0.3333333333333333,0.0,1.8833333333333335,3.0,2.3333333333333335,8.666666666666666,13.333333333333334,0.0,0.6666666666666666,14.0,23.666666666666668,28.666666666666668,38.666666666666664,0.0,8.666666666666666,6.0,9.0,22.333333333333332,0.0,1.3333333333333333,0.0,5.666666666666667,3.6666666666666665,0.3333333333333333,9.0,0.0,0.6666666666666666,9.666666666666666,10.0,0.16666666666666666,0.06976744186046512,0.6470588235294117,0.06666666666666667,0.391304347826087,0.5,0.0,0.38666666666666666,0.5648148148148148,,0.6538461538461537,0.6111111111111112,1.0,0.4029850746268656,,0.5,0.4084507042253521,0.2586206896551724
Barb Honchak,Orthodox,No,No,No,Barb Honchak,0.0,0.0,0.6666666666666666,0.0,0.06944444444444442,13.5,0.6666666666666666,2.6666666666666665,16.833333333333332,0.0,0.0,16.833333333333332,57.5,18.0,58.833333333333336,0.16666666666666666,53.0,1.5,3.0,57.5,0.0,0.0,0.0,0.6666666666666666,0.0,0.0,1.9833333333333332,16.833333333333332,0.6666666666666666,1.6666666666666667,14.0,0.0,5.166666666666667,19.166666666666668,56.666666666666664,31.0,72.16666666666667,0.6666666666666666,53.833333333333336,1.0,1.8333333333333333,48.333333333333336,0.0,8.333333333333334,0.0,37.0,0.3333333333333333,0.16666666666666666,34.333333333333336,0.0,3.1666666666666665,37.5,41.166666666666664,0.0,0.25471698113207547,0.4444444444444444,0.0,0.29275362318840575,,,0.29275362318840575,0.30594900849858353,0.0,0.6873065015479877,0.33333333333333337,0.6363636363636364,0.710344827586207,,0.38,0.6617647058823529,0.5704387990762125
Tyler Diamond,Orthodox,No,No,No,Tyler Diamond,0.0,1.0,0.0,0.6666666666666666,2.8444444444444446,11.333333333333334,4.0,1.6666666666666667,6.666666666666667,0.3333333333333333,10.0,17.0,35.666666666666664,24.0,43.0,1.3333333333333333,29.333333333333332,4.666666666666667,1.6666666666666667,20.666666666666668,1.6666666666666667,13.333333333333334,0.0,1.0,0.3333333333333333,0.0,0.75,9.666666666666666,3.0,0.0,4.333333333333333,2.3333333333333335,6.0,12.666666666666666,23.0,15.0,26.0,3.3333333333333335,16.666666666666668,6.0,0.3333333333333333,13.0,3.3333333333333335,6.666666666666667,2.3333333333333335,7.0,3.0,0.3333333333333333,8.666666666666666,1.0,0.6666666666666666,10.333333333333334,11.0,0.75,0.3863636363636364,0.8571428571428571,0.6,0.3225806451612903,0.19999999999999998,0.75,0.47663551401869164,0.5581395348837209,0.7,0.42000000000000004,0.5,-2.0,0.6666666666666667,0.29999999999999993,0.10000000000000009,0.4492753623188406,0.42307692307692313
Felipe Arantes,Orthodox,No,No,No,Felipe Arantes,0.027777777777777776,0.3222222222222222,0.22777777777777777,0.21944444444444444,0.92125,7.388888888888889,2.0805555555555557,2.055555555555556,8.108333333333333,0.7861111111111111,2.6305555555555555,11.525,25.65833333333333,16.313888888888886,31.102777777777778,0.6527777777777778,19.91111111111111,3.3194444444444446,2.4277777777777776,20.322222222222223,1.5361111111111112,3.8000000000000003,0.14444444444444446,0.7999999999999999,0.075,0.15,1.5349074074074072,7.222222222222221,3.783333333333333,1.4694444444444443,7.891666666666667,1.2583333333333333,3.3249999999999997,12.475,35.03611111111111,24.98611111111111,50.333333333333336,1.3916666666666666,27.33055555555556,5.802777777777777,1.902777777777778,26.78888888888889,2.1666666666666665,6.080555555555556,0.5916666666666667,20.108333333333334,2.0194444444444444,0.43333333333333335,18.897222222222222,0.9083333333333333,2.755555555555556,22.561111111111114,25.347222222222225,0.4936170212765957,0.37109375,0.6267782426778242,0.13272311212814644,0.3989885183160196,0.511754068716094,0.692251461988304,0.4491718090289055,0.5245154952219344,0.4251497005988024,0.7357455025917269,0.34801340354236476,0.5795620437956205,0.7054126918291166,0.4192307692307692,0.4531749657377798,0.6439387933084912,0.5035871964679912
Jenel Lausa,Orthodox,No,No,No,Jenel Lausa,0.16666666666666666,0.16666666666666666,0.25,0.0,0.2236111111111111,6.333333333333333,0.5833333333333334,0.27777777777777773,6.222222222222222,0.0,0.9722222222222222,7.1944444444444455,16.944444444444443,12.027777777777779,22.555555555555557,0.25,15.416666666666666,1.1666666666666667,0.3611111111111111,15.333333333333334,0.08333333333333333,1.5277777777777777,0.0,1.1388888888888888,0.08333333333333333,0.0,2.3416666666666663,13.083333333333334,2.8333333333333335,1.7777777777777777,5.305555555555556,0.7777777777777778,11.611111111111112,17.694444444444443,38.02777777777778,32.72222222222222,54.88888888888889,2.388888888888889,31.25,4.083333333333333,2.6944444444444446,20.027777777777775,1.1111111111111112,16.88888888888889,1.25,18.166666666666668,1.25,0.9166666666666666,14.722222222222223,0.3333333333333333,5.277777777777778,20.333333333333332,22.166666666666668,0.6666666666666666,0.41081081081081083,0.5,0.4615384615384615,0.40579710144927533,0.0,0.6363636363636364,0.42459016393442633,0.5332512315270936,0.5232558139534884,0.5813333333333333,0.30612244897959173,0.577319587628866,0.7350901525658806,0.30000000000000004,0.3124999999999999,0.5346968590211834,0.40384615384615385
Melinda Fabian,,No,No,No,Melinda Fabian,0.16666666666666666,0.0,0.0,0.0,0.07222222222222223,12.166666666666666,3.8333333333333335,4.166666666666667,16.333333333333332,3.8333333333333335,0.0,20.166666666666668,48.333333333333336,30.166666666666668,59.166666666666664,0.16666666666666666,37.5,5.666666666666667,5.166666666666667,40.833333333333336,7.166666666666667,0.3333333333333333,0.0,0.0,0.16666666666666666,0.0,2.0444444444444443,11.833333333333334,6.333333333333333,1.8333333333333333,13.166666666666666,6.666666666666667,0.16666666666666666,20.0,53.666666666666664,29.166666666666668,63.0,1.8333333333333333,43.166666666666664,8.333333333333334,2.1666666666666665,45.333333333333336,8.166666666666666,0.16666666666666666,1.8333333333333333,31.333333333333332,2.0,0.3333333333333333,32.166666666666664,1.5,0.0,33.666666666666664,33.833333333333336,0.0,0.3244444444444444,0.6764705882352942,0.0,0.39999999999999997,0.5348837209302325,0.0,0.41724137931034483,0.5098591549295775,1.0,0.7258687258687259,0.2400000000000001,1.0,0.7095588235294118,0.18367346938775497,0.0,0.6273291925465838,0.537037037037037
Daichi Abe,Orthodox,No,No,No,Daichi Abe,0.1111111111111111,0.1111111111111111,0.0,0.0,0.04074074074074074,11.333333333333334,1.3333333333333333,6.333333333333333,16.222222222222225,1.2222222222222223,1.5555555555555554,19.0,56.44444444444445,19.444444444444443,57.22222222222223,0.2222222222222222,44.888888888888886,3.0,8.555555555555555,52.22222222222222,2.222222222222222,2.0,0.0,0.1111111111111111,0.0,0.0,0.024074074074074067,10.333333333333334,3.111111111111111,9.0,21.777777777777775,0.3333333333333333,0.3333333333333333,22.444444444444443,52.11111111111111,22.555555555555557,52.22222222222222,0.1111111111111111,34.666666666666664,5.444444444444444,12.0,50.666666666666664,0.8888888888888888,0.5555555555555556,0.0,24.333333333333332,2.3333333333333335,3.0,28.88888888888889,0.5555555555555555,0.2222222222222222,29.666666666666668,29.666666666666668,0.5,0.25247524752475253,0.4444444444444444,0.012987012987012986,0.3106382978723405,0.5500000000000002,0.7777777777777777,0.3366141732283464,0.3398058252427184,0.0,0.7019230769230769,0.4285714285714285,0.9907407407407407,0.5701754385964912,0.625,0.4,0.5692963752665245,0.5680851063829787
Naoki Inoue,Orthodox,No,No,No,Naoki Inoue,0.0,0.0,0.8333333333333334,0.16666666666666666,1.5361111111111112,13.666666666666666,0.6666666666666666,4.0,12.833333333333334,2.1666666666666665,3.3333333333333335,18.333333333333332,52.0,35.833333333333336,73.33333333333333,0.5,44.5,1.1666666666666667,6.333333333333333,44.166666666666664,2.3333333333333335,5.5,0.0,0.3333333333333333,0.0,0.16666666666666666,0.21388888888888888,10.333333333333334,1.0,5.5,14.833333333333334,1.6666666666666667,0.3333333333333333,16.833333333333332,42.833333333333336,22.0,49.0,0.8333333333333334,32.333333333333336,2.5,8.0,39.333333333333336,2.6666666666666665,0.8333333333333334,0.5,22.0,1.5,2.5,24.5,1.0,0.5,26.0,27.0,0.0,0.30711610486891383,0.5714285714285714,0.0,0.2905660377358491,0.9285714285714285,0.6060606060606061,0.35256410256410253,0.4886363636363637,0.6000000000000001,0.6804123711340206,0.6,0.9583333333333334,0.6228813559322034,0.3749999999999999,0.6000000000000001,0.6070038910505837,0.5510204081632653
Rolando Dy,Orthodox,No,No,No,Rolando Dy,0.08333333333333333,0.08333333333333333,0.0,0.08333333333333333,0.31527777777777777,9.333333333333334,4.416666666666667,1.5,11.25,3.4166666666666665,0.5833333333333334,15.25,38.416666666666664,16.833333333333332,40.083333333333336,0.4166666666666667,29.583333333333332,6.75,2.0833333333333335,33.166666666666664,4.25,1.0,0.16666666666666666,0.75,0.08333333333333333,0.0,1.3527777777777779,13.416666666666666,3.5,2.8333333333333335,15.25,2.25,2.25,19.75,41.583333333333336,26.75,49.25,2.6666666666666665,34.083333333333336,4.5,3.0,34.333333333333336,3.6666666666666665,3.5833333333333335,1.9166666666666667,20.666666666666668,1.0,0.16666666666666666,19.083333333333332,1.4166666666666667,1.3333333333333333,21.833333333333332,22.5,0.19999999999999998,0.3154929577464789,0.654320987654321,0.039999999999999994,0.3391959798994975,0.8039215686274509,0.5833333333333334,0.3969631236442516,0.4199584199584199,0.71875,0.6063569682151589,0.2222222222222222,0.75,0.5558252427184467,0.38636363636363635,0.37209302325581395,0.5250501002004009,0.4568527918781726
Shinsho Anzai,Orthodox,No,No,No,Shinsho Anzai,0.0,0.5,0.0,0.0,1.6069444444444443,8.833333333333334,2.6666666666666665,1.0,6.75,5.416666666666667,0.3333333333333333,12.5,21.333333333333332,24.25,36.25,3.4166666666666665,16.083333333333332,3.5,1.75,13.916666666666666,6.583333333333333,0.8333333333333334,0.08333333333333333,0.08333333333333333,0.25,0.08333333333333333,0.5180555555555556,10.166666666666666,2.1666666666666665,1.9166666666666667,6.583333333333333,6.083333333333333,1.5833333333333333,14.25,27.083333333333332,18.416666666666668,31.583333333333332,0.4166666666666667,22.0,3.1666666666666665,1.9166666666666667,17.416666666666668,7.666666666666667,2.0,0.3333333333333333,11.833333333333334,1.0,0.0,10.833333333333334,1.5833333333333333,0.4166666666666667,12.833333333333334,13.166666666666666,0.14634146341463417,0.5492227979274612,0.7619047619047619,0.2857142857142857,0.48502994011976047,0.8227848101265823,0.39999999999999997,0.5859375,0.6689655172413793,0.8,0.5378787878787878,0.3157894736842105,0.9565217391304348,0.6220095693779905,0.2065217391304348,0.20833333333333337,0.4738461538461538,0.41688654353562005
Viviane Pereira,Orthodox,No,No,No,Viviane Pereira,0.0,0.08333333333333333,0.08333333333333333,0.0,0.4763888888888889,10.166666666666666,2.3333333333333335,1.0,11.75,1.0833333333333333,0.6666666666666666,13.5,45.0,21.333333333333332,55.833333333333336,0.08333333333333333,38.583333333333336,5.25,1.1666666666666667,41.916666666666664,1.75,1.3333333333333333,0.0,0.4166666666666667,0.0,0.0,1.2,12.75,4.916666666666667,4.75,14.75,1.9166666666666667,5.75,22.416666666666668,53.5,30.75,63.333333333333336,0.5833333333333334,40.25,6.5,6.75,43.5,2.75,7.25,0.16666666666666666,27.5,1.5833333333333333,2.0,28.75,0.8333333333333334,1.5,31.083333333333332,32.583333333333336,1.0,0.2634989200863931,0.4444444444444445,0.07142857142857142,0.2803180914512923,0.619047619047619,0.5,0.3,0.3820895522388059,0.2857142857142857,0.6832298136645962,0.2435897435897435,0.9382716049382716,0.6609195402298851,0.303030303030303,0.2068965517241379,0.5809968847352025,0.5144736842105264
CM Punk,Orthodox,No,No,No,CM Punk,0.0,0.16666666666666666,0.0,0.3333333333333333,0.6083333333333333,2.6666666666666665,1.5,0.3333333333333333,2.5,1.5,0.5,4.5,20.333333333333332,17.0,36.5,2.1666666666666665,16.5,3.0,0.8333333333333334,17.166666666666668,2.3333333333333335,0.8333333333333334,0.0,0.5,0.3333333333333333,0.0,2.680555555555556,19.333333333333332,2.3333333333333335,0.0,8.5,3.8333333333333335,9.333333333333334,21.666666666666668,35.666666666666664,42.5,58.0,0.5,32.5,2.8333333333333335,0.3333333333333333,17.333333333333332,4.333333333333333,14.0,0.0,13.166666666666666,0.5,0.3333333333333333,8.833333333333334,0.5,4.666666666666667,14.0,15.5,0.07692307692307693,0.1616161616161616,0.5,0.19999999999999998,0.14563106796116504,0.6428571428571428,0.6,0.2213114754098361,0.4657534246575342,0.0,0.40512820512820513,0.17647058823529416,-0.5,0.5096153846153846,0.11538461538461531,0.33333333333333326,0.39252336448598124,0.26724137931034486
Mike Santiago,Orthodox,No,No,No,Mike Santiago,0.0,0.6666666666666666,0.2222222222222222,0.1111111111111111,0.9092592592592593,6.944444444444444,4.055555555555556,2.2222222222222223,3.722222222222222,6.333333333333333,3.1666666666666665,13.222222222222221,24.61111111111111,25.444444444444443,37.94444444444444,1.222222222222222,15.888888888888891,5.722222222222221,3.0,12.111111111111112,8.5,4.0,0.0,0.8888888888888888,0.5,0.4444444444444444,2.8787037037037035,11.722222222222221,0.8888888888888888,0.4444444444444444,4.388888888888889,1.4444444444444446,7.222222222222222,13.055555555555557,19.055555555555557,40.27777777777778,58.22222222222222,1.777777777777778,17.5,1.1111111111111112,0.4444444444444444,8.611111111111112,1.9444444444444444,8.5,0.888888888888889,5.777777777777778,0.2222222222222222,0.0,4.222222222222222,0.5,1.2777777777777777,6.0,17.944444444444446,0.5454545454545455,0.437062937062937,0.7087378640776701,0.2222222222222222,0.30733944954128434,0.7450980392156863,0.7916666666666666,0.5372460496613995,0.6705710102489019,0.5,0.3301587301587302,0.20000000000000007,-1.0,0.4903225806451613,0.257142857142857,0.15032679738562094,0.314868804664723,0.308206106870229
Rashad Evans,Orthodox,Yes,No,Yes,Rashad Evans,0.042028985507246375,0.628695652173913,0.0,0.013333333333333332,1.1242101449275361,8.214347826086955,1.5082608695652173,0.7931884057971015,6.946231884057971,1.7342028985507247,1.8353623188405799,10.515797101449275,29.60565217391304,14.48927536231884,34.093768115942034,1.7585507246376815,25.793768115942026,2.9239130434782608,0.8879710144927536,23.192028985507246,3.251884057971014,3.161739130434783,0.05942028985507246,0.24014492753623187,0.11405797101449275,0.0,0.2510507246376812,8.565217391304348,2.8508695652173914,2.1708695652173917,10.199565217391305,3.0663768115942025,0.3210144927536232,13.58695652173913,37.32478260869566,17.359855072463766,41.737826086956524,1.0946376811594203,30.06434782608695,4.587101449275362,2.6733333333333333,32.04202898550725,4.7815942028985505,0.501159420289855,0.8544927536231883,21.499130434782607,1.7362318840579711,0.5024637681159421,21.84246376811594,1.7152173913043476,0.18014492753623187,23.737826086956524,24.377971014492754,0.35750782924015156,0.31846249796321996,0.5158364312267658,0.7080137098090419,0.29950945164818,0.5332917372314824,0.5804913824715805,0.35519559034457776,0.42498310286634894,0.7806169733880577,0.7151038352519234,0.37850304887681274,0.9101702266073946,0.6816816680989642,0.3587124541569424,0.3594563331405436,0.6359802905168498,0.5840738078620513
Gleison Tibau,Southpaw,No,No,No,Gleison Tibau,0.027056277056277056,1.2595492742551566,0.22956455309396484,0.011904761904761904,1.568798276886512,7.2891520244461425,1.369238604532722,0.6319709702062642,5.931117901706138,1.4470333587980646,1.9122103386809268,9.290361599185127,28.7194423223835,18.86484593837535,39.62019353195824,2.383689839572192,25.90011459129106,2.1245861981156096,0.6947415329768271,23.329895594601478,2.259931245225363,3.129615482556659,0.05411255411255411,0.08562515915457092,0.13528138528138528,0.011904761904761904,0.5569295900178254,7.0107588489941435,3.152788388082506,1.80812324929972,8.38935574229692,2.4633944486885664,1.1189202953908837,11.971670486376368,32.528456837280366,19.624649859943975,40.84600203717851,1.19187675070028,24.951171377641966,4.994334097275274,2.582951362363127,26.816590272472627,3.7844410491469316,1.9274255156608098,1.1062515915457092,17.940412528647823,1.8415457091927678,0.7748281130634073,18.427234530175706,1.321046600458365,0.8085052202699262,20.556786350903998,21.221352177234532,0.5284031728226906,0.28143319593254335,0.6444730770383245,1.8129753504994044,0.25422822308208676,0.6402997267528662,0.6110048820179007,0.32348683845940696,0.47614219559928905,0.9281593846811238,0.7190208530539659,0.36872697607423743,0.96684987553299,0.6871579996913837,0.3490731083672577,0.4194741709604968,0.6319631593265187,0.5195453929106357
Mads Burnell,Orthodox,No,No,No,Mads Burnell,0.0,1.0,0.1111111111111111,0.1111111111111111,1.9203703703703703,4.111111111111112,0.8888888888888888,0.5555555555555555,3.222222222222222,0.4444444444444444,1.8888888888888886,5.555555555555556,13.333333333333334,21.333333333333332,35.666666666666664,2.111111111111111,11.222222222222223,1.3333333333333333,0.7777777777777778,10.0,0.5555555555555555,2.777777777777778,0.0,0.7777777777777777,0.4444444444444444,0.1111111111111111,1.5018518518518518,8.444444444444445,2.6666666666666665,0.6666666666666666,5.888888888888889,2.8888888888888893,3.0,11.777777777777777,24.11111111111111,19.555555555555554,33.0,1.0,18.88888888888889,4.222222222222222,1.0,16.444444444444446,3.888888888888889,3.777777777777778,0.2222222222222222,10.444444444444445,1.5555555555555556,0.3333333333333333,10.555555555555555,1.0,0.7777777777777777,12.333333333333334,13.444444444444443,0.47368421052631576,0.36633663366336633,0.6666666666666666,1.2857142857142856,0.3222222222222222,0.8,0.6799999999999998,0.4166666666666667,0.5981308411214953,0.22222222222222232,0.5529411764705883,0.368421052631579,0.22222222222222232,0.6418918918918919,0.257142857142857,0.20588235294117652,0.511520737327189,0.40740740740740744
Brad Scott,Orthodox,No,No,No,Brad Scott,0.08333333333333333,0.09722222222222221,0.18055555555555555,0.05555555555555555,0.7999537037037037,10.863888888888889,3.7944444444444443,2.763888888888889,14.633333333333333,2.1083333333333334,0.6805555555555557,17.42222222222222,42.31666666666667,22.13888888888889,47.60277777777778,0.6222222222222222,32.016666666666666,6.722222222222222,3.5777777777777775,38.72222222222222,2.858333333333333,0.736111111111111,0.125,0.6527777777777778,0.041666666666666664,0.0,0.5954166666666666,14.094444444444443,4.316666666666666,2.9916666666666667,16.766666666666666,2.3361111111111112,2.3000000000000003,21.402777777777775,51.38055555555555,27.98611111111111,58.47777777777778,1.711111111111111,40.830555555555556,6.844444444444444,3.7055555555555557,44.85277777777778,3.2361111111111107,3.2916666666666665,1.0583333333333333,26.73611111111111,2.527777777777778,0.7138888888888889,28.08611111111111,0.9,0.9916666666666667,29.977777777777778,30.491666666666664,0.15624999999999997,0.3393197987159466,0.5644628099173553,0.02717391304347826,0.3779053084648494,0.7376093294460643,0.9245283018867927,0.41171064723644474,0.46507556748555756,0.6185064935064934,0.6548064494183279,0.36931818181818177,0.8238380809595203,0.6261844305443736,0.27811158798283253,0.30126582278481007,0.5834459642104125,0.5214231426942808
Daniel Kelly,Southpaw,No,No,No,Daniel Kelly,0.0,0.5333333333333333,0.08888888888888889,0.0,0.8759259259259258,14.677777777777777,1.011111111111111,1.1777777777777778,11.688888888888888,2.477777777777778,2.6999999999999997,16.866666666666667,43.08888888888888,24.322222222222223,51.82222222222222,1.7444444444444445,40.300000000000004,1.511111111111111,1.277777777777778,35.0,3.8555555555555556,4.233333333333333,0.09999999999999999,0.17777777777777778,0.0,0.05555555555555555,0.23888888888888885,14.911111111111111,4.022222222222222,2.3222222222222224,18.0,2.766666666666667,0.48888888888888893,21.255555555555556,55.6,24.244444444444444,59.13333333333333,0.9444444444444445,46.82222222222222,5.522222222222222,3.255555555555555,51.577777777777776,3.4111111111111114,0.611111111111111,0.7666666666666666,31.911111111111108,1.5,0.9333333333333332,33.577777777777776,0.6444444444444445,0.12222222222222223,34.34444444444444,34.888888888888886,0.3057324840764331,0.36421284808381577,0.6691176470588235,0.41739130434782606,0.33396825396825397,0.6426512968299712,0.6377952755905512,0.3914388860237236,0.4693396226415094,0.8117647058823529,0.6815377313716184,0.2716297786720322,0.9453924914675768,0.6510124946143903,0.18892508143322473,0.19999999999999984,0.6177058353317346,0.5900037579857197
Felipe Silva,Orthodox,No,No,No,Felipe Silva,0.4444444444444444,0.1111111111111111,0.0,0.0,0.7444444444444444,15.111111111111109,3.5555555555555554,3.2222222222222228,10.444444444444445,1.0,10.444444444444445,21.888888888888886,40.666666666666664,31.111111111111114,51.666666666666664,0.1111111111111111,31.777777777777782,5.0,3.8888888888888893,24.777777777777782,1.6666666666666667,14.222222222222223,0.1111111111111111,0.2222222222222222,0.3333333333333333,0.0,0.16481481481481483,2.777777777777778,0.8888888888888888,1.5555555555555554,4.666666666666667,0.1111111111111111,0.4444444444444444,5.222222222222222,16.0,5.333333333333333,16.11111111111111,1.6666666666666667,12.333333333333334,2.111111111111111,1.5555555555555554,15.333333333333334,0.1111111111111111,0.5555555555555556,1.4444444444444446,9.555555555555555,1.222222222222222,0.0,10.666666666666666,0.0,0.1111111111111111,10.777777777777777,10.777777777777777,1.0,0.4755244755244754,0.711111111111111,0.028571428571428567,0.42152466367713,0.6,0.734375,0.5382513661202185,0.6021505376344087,0.8666666666666667,0.7747747747747747,0.5789473684210527,0.8571428571428571,0.6956521739130435,0.0,0.20000000000000007,0.6736111111111112,0.6689655172413793
Diego Rivas,Orthodox,No,No,No,Diego Rivas,0.08333333333333333,0.5555555555555555,0.3055555555555555,0.38888888888888884,0.9810185185185184,3.4722222222222228,1.472222222222222,1.611111111111111,3.8888888888888893,1.6666666666666667,1.0,6.5555555555555545,16.416666666666668,10.277777777777779,20.805555555555554,0.8888888888888888,11.166666666666666,3.2777777777777772,1.9722222222222223,13.111111111111109,1.888888888888889,1.4166666666666667,0.0,0.4444444444444444,0.3611111111111111,0.25,1.3958333333333333,5.25,2.361111111111111,2.3055555555555554,6.638888888888888,1.0277777777777777,2.25,9.916666666666666,20.805555555555557,17.02777777777778,29.36111111111111,1.3611111111111114,14.833333333333334,3.6666666666666665,2.3055555555555554,15.944444444444443,1.8333333333333333,3.027777777777778,0.9166666666666666,9.583333333333334,1.3055555555555556,0.0,9.305555555555555,0.8055555555555555,0.7777777777777778,10.888888888888888,12.333333333333334,0.6249999999999999,0.3109452736318409,0.4491525423728814,0.2816901408450704,0.2966101694915255,0.8823529411764706,0.7058823529411764,0.3993231810490693,0.4939919893190922,0.6734693877551021,0.6460674157303371,0.35606060606060597,0.8072289156626506,0.5836236933797909,0.43939393939393945,0.25688073394495425,0.5233644859813085,0.4200567644276253
Henry Briones,Orthodox,No,No,No,Henry Briones,0.08333333333333333,0.0,0.19444444444444442,0.0,0.055277777777777766,8.200000000000001,5.205555555555556,1.2833333333333334,12.4,1.6222222222222225,0.6666666666666666,14.688888888888888,35.22222222222222,18.288888888888888,39.583333333333336,0.06666666666666667,25.78888888888889,7.672222222222222,1.761111111111111,31.48888888888889,2.65,1.0833333333333333,0.27777777777777773,0.8333333333333334,0.13333333333333333,0.0,0.7074074074074074,14.544444444444444,3.3777777777777778,2.2666666666666666,15.683333333333332,2.777777777777778,1.7277777777777779,20.188888888888886,42.9,23.155555555555555,45.86666666666667,1.7555555555555555,35.30555555555555,4.716666666666667,2.8777777777777778,36.28333333333333,3.6888888888888887,2.9277777777777776,0.9222222222222222,20.76111111111111,1.3388888888888888,0.611111111111111,20.599999999999998,0.9111111111111111,1.2,22.71111111111111,22.71111111111111,0.0,0.3179663937957777,0.6784938450398262,0.0,0.3937896965419901,0.6121593291404613,0.6153846153846154,0.4170347003154574,0.4620350877192982,0.5253164556962024,0.588040912667191,0.2838633686690224,0.7104247104247103,0.5677537896187415,0.24698795180722877,0.40986717267552175,0.5293965293965295,0.4951550387596899
Alberto Mina,Orthodox,No,No,No,Alberto Mina,0.3055555555555555,0.4444444444444444,0.0,0.08333333333333333,0.3865740740740741,10.027777777777779,1.1944444444444444,2.6666666666666665,10.305555555555555,1.5833333333333333,2.0,13.888888888888888,37.63888888888889,17.666666666666668,43.44444444444445,2.888888888888889,31.63888888888889,2.8333333333333335,3.1666666666666665,31.555555555555557,2.9722222222222228,3.1111111111111107,0.0,0.38888888888888884,0.08333333333333333,0.0,0.8356481481481483,13.805555555555557,1.4166666666666667,2.9166666666666665,14.027777777777777,1.1388888888888888,2.972222222222222,18.13888888888889,33.86111111111111,23.277777777777782,40.55555555555556,0.861111111111111,28.194444444444443,2.111111111111111,3.5555555555555554,27.86111111111111,2.1944444444444446,3.8055555555555554,0.47222222222222215,14.388888888888888,0.6944444444444443,0.6388888888888888,13.833333333333334,1.0555555555555556,0.8333333333333334,15.722222222222221,17.27777777777778,0.15384615384615383,0.3169446883230905,0.42156862745098034,0.14035087719298245,0.3265845070422535,0.5327102803738316,0.6428571428571429,0.3690036900369003,0.4066496163682864,0.5483870967741935,0.5103448275862068,0.32894736842105265,0.890625,0.4965104685942173,0.4810126582278482,0.2189781021897811,0.46431501230516814,0.42602739726027383
James Bochnovic,Orthodox,No,No,No,James Bochnovic,0.0,0.0,0.0,0.0,0.2791666666666666,0.5,1.0,0.5,1.25,0.25,0.5,2.0,9.5,4.75,12.75,0.75,7.5,1.5,0.5,8.5,0.5,0.5,0.0,2.0,0.5,0.0,2.716666666666667,15.5,2.75,0.25,3.75,1.5,13.25,18.5,22.75,24.25,29.25,2.0,19.5,3.0,0.25,5.75,1.5,15.5,0.0,4.0,0.25,0.0,2.0,0.0,2.25,4.25,5.0,0.0,0.06666666666666667,0.6666666666666666,0.0,0.14705882352941177,0.5,1.0,0.21052631578947367,0.37254901960784315,0.0,0.20512820512820518,0.08333333333333337,-7.0,0.34782608695652173,0.0,0.14516129032258063,0.18681318681318682,0.1709401709401709
Lyoto Machida,Southpaw,Yes,No,Yes,Lyoto Machida,0.14649122807017542,0.18552631578947368,0.09210526315789473,0.016666666666666666,0.6619663742690058,5.795175438596491,3.3482456140350876,1.8833333333333333,7.9565789473684205,1.6223684210526315,1.4478070175438595,11.026754385964912,23.071491228070176,13.982894736842104,26.125877192982454,0.2754385964912281,15.500438596491227,4.878070175438596,2.692982456140351,18.57938596491228,2.183333333333333,2.3087719298245615,0.027192982456140345,0.3609649122807018,0.0793859649122807,0.05,0.548625730994152,4.264473684210526,1.6706140350877192,2.2969298245614036,5.55219298245614,1.799561403508772,0.8802631578947369,8.23201754385965,21.760964912280702,13.521491228070175,27.354824561403507,1.594298245614035,14.88201754385965,3.2671052631578945,3.6118421052631575,17.70394736842105,2.7925438596491228,1.2644736842105264,1.2333333333333332,10.617543859649123,1.5964912280701753,1.3149122807017544,12.151754385964912,0.9929824561403509,0.38421052631578945,13.528947368421052,13.833333333333332,0.6735668789808916,0.3738717070824255,0.6863873404064017,0.06889250814332247,0.4282476806496541,0.7430695058256328,0.6270896656534953,0.47793852061669484,0.5352124498463915,0.7735900962861073,0.7134478795202028,0.4886561954624782,0.9000607164541591,0.6863867211693299,0.3555834773048532,0.30385015608740895,0.621707145016628,0.5056999470890987
Vitor Belfort,Southpaw,Yes,No,Yes,Vitor Belfort,0.11875,0.0375,0.1375,0.03125,0.15875,4.25,0.91875,0.55625,2.86875,1.66875,1.1875,5.725,12.7125,7.456250000000001,14.64375,0.05,10.65625,1.44375,0.6125,8.15,2.80625,1.75625,0.16875,0.29375,0.25,0.0,1.3410416666666667,8.2,1.11875,3.00625,5.3,1.36875,5.65625,12.325,23.45625,19.875,31.53125,0.79375,17.71875,1.76875,3.96875,13.10625,2.36875,7.98125,0.5,9.51875,0.65,0.9625,7.80625,1.0,2.325,11.13125,11.65625,0.7499999999999999,0.39882697947214074,0.6363636363636362,0.06122448979591836,0.3519938650306748,0.5946547884187082,0.6761565836298932,0.45034414945919365,0.50917626973965,0.6299212598425197,0.5372134038800707,0.3674911660777386,0.925984251968504,0.5956127801621364,0.4221635883905014,0.2913077525450274,0.47455369038102857,0.36967294350842417
Luan Chagas,Orthodox,No,No,No,Luan Chagas,0.3333333333333333,0.08333333333333333,0.08333333333333333,0.25,0.6402777777777777,11.25,2.1666666666666665,3.6666666666666665,14.916666666666666,0.75,1.4166666666666667,17.083333333333332,37.5,20.916666666666668,41.75,0.9166666666666666,28.666666666666668,4.583333333333333,4.25,34.0,0.9166666666666666,2.5833333333333335,0.16666666666666666,0.08333333333333333,0.3333333333333333,0.08333333333333333,1.1347222222222222,10.833333333333334,2.6666666666666665,1.1666666666666667,11.083333333333334,0.75,2.8333333333333335,14.666666666666666,36.916666666666664,20.666666666666668,43.5,0.5833333333333334,31.833333333333332,3.9166666666666665,1.1666666666666667,31.333333333333332,1.0,4.583333333333333,0.5,21.0,1.25,0.0,20.25,0.25,1.75,22.25,22.833333333333332,0.09090909090909091,0.39244186046511625,0.4727272727272727,0.0196078431372549,0.4387254901960784,0.8181818181818182,0.5483870967741935,0.45555555555555555,0.500998003992016,0.8571428571428572,0.6596858638743455,0.3191489361702128,0.9285714285714286,0.6462765957446808,0.25,0.3818181818181817,0.6027088036117381,0.524904214559387
Patrick Williams,Orthodox,No,No,No,Patrick Williams,0.08333333333333333,0.4444444444444444,0.08333333333333333,0.0,0.18703703703703703,5.694444444444444,3.0,7.194444444444444,13.277777777777779,2.5277777777777777,0.08333333333333333,15.888888888888888,30.444444444444443,17.0,32.13888888888889,1.0555555555555556,17.805555555555554,4.527777777777778,8.11111111111111,25.666666666666668,4.527777777777778,0.25,0.38888888888888884,0.0,0.0,0.0,0.17361111111111108,10.63888888888889,3.1666666666666665,0.8333333333333334,10.333333333333334,4.055555555555556,0.25,14.638888888888888,31.916666666666668,14.916666666666666,32.27777777777778,0.08333333333333333,27.36111111111111,3.611111111111111,0.9444444444444443,25.833333333333332,5.611111111111111,0.47222222222222215,0.08333333333333333,16.72222222222222,0.4444444444444444,0.1111111111111111,15.5,1.5555555555555556,0.2222222222222222,17.277777777777775,17.36111111111111,0.42105263157894735,0.31981279251170047,0.6625766871165645,0.0547945205479452,0.5173160173160173,0.558282208588957,0.3333333333333333,0.5218978102189781,0.5289541918755402,1.0,0.6111675126903553,0.12307692307692308,1.0,0.6,0.27722772277227703,0.47058823529411753,0.5413402959094866,0.5378657487091223
Bec Rawlings,Orthodox,No,No,No,Bec Rawlings,0.0,0.2253968253968254,0.09523809523809523,0.0,0.7222486772486773,14.715873015873017,3.7730158730158734,2.7682539682539686,16.63968253968254,3.477777777777778,1.1396825396825399,21.257142857142856,49.282539682539685,25.366666666666664,54.4,0.5730158730158731,40.112698412698414,6.12063492063492,3.049206349206349,42.663492063492065,5.222222222222222,1.396825396825397,0.05555555555555555,0.33174603174603173,0.17777777777777778,0.10317460317460318,1.1191005291005292,17.071428571428573,5.531746031746032,4.5095238095238095,22.4031746031746,3.141269841269841,1.5682539682539682,27.11269841269841,62.73968253968254,33.04603174603175,70.05714285714286,1.0476190476190477,48.42857142857142,8.673015873015872,5.6380952380952385,55.907936507936505,4.749206349206349,2.0825396825396827,0.7158730158730159,31.357142857142858,3.141269841269841,1.1285714285714286,33.5047619047619,1.6079365079365082,0.5142857142857142,35.62698412698413,37.01111111111111,0.3933518005540166,0.36686320288077245,0.6164419087136931,0.0739198334200937,0.3900215789865317,0.6659574468085107,0.8159090909090909,0.43133213089409944,0.4662990196078431,0.6833333333333333,0.6474926253687314,0.3621888726207906,0.9411599099099099,0.5992845380727954,0.3385695187165776,0.24695121951219523,0.5678540707382482,0.5282988943266267
Oliver Enkamp,Switch,No,No,No,Oliver Enkamp,0.0,0.16666666666666666,0.0,0.0,0.19999999999999998,4.833333333333333,3.6666666666666665,2.3333333333333335,8.0,2.8333333333333335,0.0,10.833333333333334,29.666666666666668,14.0,34.0,1.5,19.5,6.166666666666667,4.0,25.5,4.166666666666667,0.0,0.16666666666666666,0.5,0.0,0.3333333333333333,1.3694444444444445,11.666666666666666,2.5,2.6666666666666665,11.5,1.3333333333333333,4.0,16.833333333333332,26.166666666666668,21.0,30.666666666666668,0.5,19.333333333333332,3.1666666666666665,3.6666666666666665,19.666666666666668,2.1666666666666665,4.333333333333333,0.0,7.666666666666667,0.6666666666666666,1.0,8.166666666666666,0.8333333333333334,0.3333333333333333,9.333333333333334,9.666666666666666,0.1111111111111111,0.24786324786324784,0.5945945945945945,0.041666666666666664,0.3137254901960784,0.6799999999999999,,0.3651685393258427,0.4117647058823529,0.0,0.39655172413793105,0.21052631578947367,0.8636363636363636,0.4152542372881356,0.3846153846153846,0.07692307692307687,0.356687898089172,0.3152173913043479
Dmitry Sosnovskiy,Orthodox,No,No,No,Dmitry Sosnovskiy,0.0,1.0,1.0,0.5,2.125,11.0,2.5,0.5,5.0,2.5,6.5,14.0,20.0,26.5,35.5,1.5,16.0,3.5,0.5,9.0,4.0,7.0,0.0,0.0,0.0,0.5,1.7416666666666667,5.5,6.0,0.5,3.5,1.5,7.0,12.0,18.5,36.5,45.5,0.5,12.0,6.0,0.5,8.5,2.0,8.0,0.5,6.5,0.0,0.0,5.0,0.5,1.0,6.5,9.0,0.6666666666666666,0.6875,0.7142857142857143,2.0,0.5555555555555556,0.625,0.9285714285714286,0.7,0.7464788732394366,1.0,0.5416666666666667,0.0,1.0,0.5882352941176471,0.25,0.125,0.3513513513513513,0.19780219780219777
Mark Godbeer,Orthodox,No,No,No,Mark Godbeer,0.0,0.0,0.0,0.16666666666666666,0.7763888888888889,11.666666666666666,6.916666666666667,1.8333333333333333,15.0,3.75,1.6666666666666667,20.416666666666668,36.666666666666664,28.833333333333332,46.0,0.25,25.666666666666668,8.75,2.25,29.833333333333332,4.916666666666667,1.9166666666666667,0.0,0.5833333333333334,0.4166666666666667,0.16666666666666666,1.0708333333333333,11.416666666666666,3.4166666666666665,0.5833333333333334,10.083333333333334,2.0,3.3333333333333335,15.416666666666666,36.583333333333336,26.0,48.333333333333336,0.8333333333333334,31.166666666666668,4.666666666666667,0.75,29.583333333333332,3.25,3.75,0.25,19.75,1.25,0.16666666666666666,19.5,1.25,0.4166666666666667,21.166666666666668,22.333333333333332,0.0,0.4545454545454545,0.7904761904761906,0.0,0.5027932960893855,0.7627118644067796,0.8695652173913043,0.5568181818181819,0.6268115942028986,0.29999999999999993,0.6336898395721926,0.2678571428571429,0.2222222222222222,0.6591549295774648,0.3846153846153846,0.11111111111111105,0.5785876993166288,0.4620689655172414
Tom Duquesnoy,Orthodox,No,No,No,Tom Duquesnoy,0.2222222222222222,0.16666666666666666,0.0,0.0,0.08425925925925921,8.222222222222223,3.611111111111111,4.944444444444445,14.388888888888891,2.2777777777777777,0.1111111111111111,16.777777777777775,37.666666666666664,21.88888888888889,43.22222222222222,0.5555555555555555,26.944444444444446,5.666666666666667,5.055555555555555,34.166666666666664,3.1666666666666665,0.3333333333333333,0.0,0.9444444444444445,0.0,0.0,0.561111111111111,14.222222222222221,5.333333333333333,3.7777777777777772,18.38888888888889,3.3888888888888893,1.5555555555555554,23.333333333333332,65.94444444444444,28.111111111111114,71.72222222222221,1.8333333333333333,53.333333333333336,7.5555555555555545,5.055555555555555,58.72222222222222,5.555555555555556,1.6666666666666667,0.8888888888888888,39.11111111111111,2.222222222222222,1.2777777777777777,40.333333333333336,2.1666666666666665,0.1111111111111111,42.61111111111111,43.611111111111114,0.30000000000000004,0.30515463917525776,0.6372549019607843,0.03296703296703297,0.42113821138211394,0.7192982456140351,0.3333333333333333,0.4454277286135693,0.506426735218509,0.48484848484848475,0.7333333333333334,0.2941176470588235,0.8131868131868132,0.6868495742667928,0.39,0.06666666666666687,0.6461668070766639,0.6080557707203718
Mike Pyle,Orthodox,No,No,No,Mike Pyle,0.07017543859649122,0.43201754385964913,0.4293859649122807,0.15833333333333333,0.8266447368421052,8.296929824561404,1.6390350877192983,1.7429824561403509,6.5776315789473685,2.3605263157894734,2.740789473684211,11.678947368421055,25.437719298245614,23.00745614035088,38.166228070175436,1.2008771929824562,20.99122807017544,2.3214912280701756,2.125,18.794298245614034,3.350438596491228,3.2929824561403507,0.17192982456140352,0.35701754385964907,0.11929824561403508,0.0,1.2634429824561402,7.054824561403509,2.819736842105263,1.8135964912280702,7.091666666666666,1.9890350877192982,2.607456140350877,11.688157894736841,30.3390350877193,18.604824561403507,38.00394736842105,1.5035087719298244,23.41140350877193,4.391228070175439,2.53640350877193,22.847807017543857,3.1355263157894737,4.355701754385965,1.1464912280701756,16.356578947368423,1.5714912280701754,0.7228070175438597,15.756140350877194,1.1464912280701756,1.7482456140350877,18.650877192982456,19.399122807017545,0.3597516435354273,0.3952569995821146,0.706026827885887,0.20330237358101136,0.3499801638234814,0.704542479382118,0.8323122003196592,0.4591192799751716,0.6028223721256278,0.7625437572928822,0.6986586234029,0.3578705553335997,0.8592426076430919,0.6896128078628607,0.36564554483144496,0.40136944919947637,0.614748529050352,0.5104502071576129
Albert Morales,Orthodox,No,No,No,Albert Morales,0.0,0.16666666666666666,0.0,0.05555555555555555,0.7726851851851851,10.944444444444445,1.8888888888888886,5.222222222222222,16.055555555555554,0.7222222222222222,1.2777777777777777,18.055555555555557,52.194444444444436,24.666666666666668,61.86111111111111,0.4444444444444445,42.25,2.861111111111111,7.083333333333333,48.416666666666664,2.0277777777777777,1.75,0.1111111111111111,0.3333333333333333,0.3055555555555555,0.1111111111111111,1.1305555555555555,14.222222222222221,2.5833333333333335,2.3333333333333335,14.694444444444443,0.7222222222222222,3.722222222222222,19.13888888888889,44.583333333333336,29.75,56.22222222222223,0.9166666666666666,36.638888888888886,4.722222222222222,3.222222222222222,38.02777777777778,1.4444444444444444,5.111111111111112,0.5833333333333334,22.416666666666668,2.138888888888889,0.8888888888888888,23.333333333333332,0.7222222222222222,1.3888888888888886,25.444444444444443,26.472222222222218,0.37499999999999994,0.2590401051939514,0.6601941747572815,0.023529411764705882,0.3316121629374641,0.35616438356164387,0.7301587301587301,0.3459286854709953,0.39874270318814553,0.6363636363636364,0.6118271417740713,0.4529411764705882,0.896551724137931,0.6135865595325055,0.5,0.2717391304347827,0.5707165109034268,0.4708498023715416
Russell Doane,Orthodox,No,No,No,Russell Doane,0.125,0.6916666666666668,0.3,0.2333333333333333,1.4679166666666668,5.933333333333334,1.4166666666666667,0.4666666666666666,3.6333333333333333,1.5916666666666668,2.591666666666667,7.816666666666666,18.958333333333332,18.525000000000002,31.833333333333332,1.5666666666666667,16.258333333333333,2.1083333333333334,0.5916666666666667,13.125,2.1166666666666667,3.716666666666667,0.0,0.9500000000000001,0.4666666666666666,0.16666666666666666,1.4083333333333332,3.475,2.283333333333333,1.8083333333333333,5.233333333333333,0.8083333333333332,1.5250000000000001,7.566666666666666,16.266666666666666,18.349999999999998,30.175,2.1666666666666665,10.908333333333333,3.0666666666666664,2.2916666666666665,13.458333333333334,1.1333333333333333,1.675,1.2166666666666666,7.433333333333334,0.7833333333333333,0.48333333333333334,8.225,0.325,0.15,8.700000000000001,11.825000000000001,0.4414893617021277,0.3649410558687853,0.6719367588932806,1.1690140845070425,0.2768253968253968,0.7519685039370079,0.6973094170403588,0.4123076923076923,0.5819371727748692,0.5615384615384615,0.6814362108479756,0.2554347826086957,0.5854545454545454,0.6111455108359134,0.28676470588235303,0.08955223880597007,0.5348360655737705,0.391880695940348
Brian Camozzi,Orthodox,No,No,No,Brian Camozzi,0.0,0.0,0.1111111111111111,0.0,0.08333333333333333,5.722222222222222,1.5,2.611111111111111,9.722222222222221,0.0,0.1111111111111111,9.833333333333334,38.72222222222222,10.388888888888888,39.388888888888886,0.5,33.22222222222222,2.0555555555555554,3.444444444444444,38.166666666666664,0.4444444444444444,0.1111111111111111,0.5,0.2222222222222222,0.1111111111111111,0.0,0.6537037037037037,11.555555555555555,7.111111111111111,2.6666666666666665,13.777777777777777,3.444444444444444,4.111111111111112,21.333333333333332,47.0,22.88888888888889,48.55555555555555,0.2222222222222222,35.611111111111114,8.722222222222221,2.6666666666666665,37.611111111111114,3.7777777777777772,5.611111111111111,0.0,24.055555555555557,1.611111111111111,0.0,23.833333333333332,0.3333333333333333,1.5,25.666666666666668,25.666666666666668,0.0,0.17224080267558528,0.7297297297297298,0.0,0.2547307132459971,0.0,1.0,0.2539454806312769,0.2637517630465444,0.0,0.6755070202808113,0.1847133757961783,0.9166666666666666,0.6336779911373709,0.08823529411764697,0.26732673267326723,0.5460992907801419,0.528604118993135
Joshua Burkman,Orthodox,No,No,No,Joshua Burkman,0.045321637426900575,0.7529239766081871,0.0866750208855472,0.023809523809523808,1.1374965190754665,5.85233918128655,2.001044277360067,4.063700918964077,8.170843776106933,2.624269005847953,1.121971595655806,11.917084377610692,28.11027568922306,14.537593984962406,30.963659147869674,2.099832915622389,19.906223893066,3.220342522974102,4.983709273182957,22.35484544695071,4.174603174603175,1.580827067669173,0.0804093567251462,0.31787802840434415,0.27652464494569756,0.05263157894736842,0.7618595098858257,9.335421888053467,2.9807852965747705,2.3734335839599,9.47953216374269,3.5217209690893903,1.688387635756057,14.689640768588136,30.51858813700919,24.770050125313286,41.214285714285715,1.1296992481203008,23.42314118629908,4.196741854636592,2.898705096073517,23.364035087719298,5.074561403508771,2.0799916457811194,0.8118212197159566,14.087719298245615,1.2159565580618212,0.5252715121136173,13.884502923976607,1.5528404344193818,0.3916040100250626,15.828947368421053,16.444235588972433,0.3585637557191168,0.2939954464857152,0.6213762241390494,0.15107702623417987,0.36550660998738727,0.6286271763057835,0.7097370854802483,0.42394050166428904,0.4695050386498847,0.7186171196154558,0.6014444939812751,0.2897382303175078,0.8903379205994668,0.5942681934797572,0.3060048565666542,0.18827191485088857,0.5186657815675835,0.3989935844811334
Jeremy Kennedy,Orthodox,No,No,No,Jeremy Kennedy,0.0,2.027777777777778,0.0,0.0,2.7777777777777772,9.083333333333334,1.4444444444444444,0.861111111111111,3.8888888888888893,1.7222222222222223,5.777777777777779,11.388888888888888,24.416666666666668,20.416666666666668,35.861111111111114,3.7777777777777772,21.083333333333332,2.3055555555555554,1.0277777777777777,13.055555555555555,3.3055555555555554,8.055555555555555,0.08333333333333333,0.16666666666666666,0.0,0.0,1.1185185185185185,8.0,2.777777777777778,1.777777777777778,4.75,1.7222222222222223,6.083333333333333,12.555555555555555,23.972222222222225,28.75,41.38888888888889,0.5277777777777778,17.833333333333332,4.0,2.138888888888889,11.5,2.611111111111111,9.86111111111111,0.3611111111111111,9.833333333333334,1.222222222222222,0.3611111111111111,6.75,0.8888888888888888,3.777777777777778,11.416666666666666,12.638888888888888,0.5367647058823531,0.43083003952569177,0.6265060240963856,1.9729729729729735,0.29787234042553196,0.5210084033613446,0.7172413793103449,0.4664391353811148,0.5693261037955073,0.6842105263157895,0.5514018691588785,0.30555555555555547,0.922077922077922,0.5869565217391304,0.34042553191489355,0.3830985915492958,0.4762456546929317,0.3053691275167786
Damien Brown,Orthodox,No,No,No,Damien Brown,0.1111111111111111,0.16666666666666666,0.19444444444444442,0.0,0.2037037037037037,11.805555555555555,3.0,3.388888888888889,16.055555555555557,0.888888888888889,1.25,18.194444444444446,47.555555555555564,22.083333333333332,51.80555555555555,0.7222222222222223,38.44444444444444,5.083333333333333,4.027777777777778,44.22222222222223,1.4166666666666667,1.9166666666666667,0.1111111111111111,0.4166666666666667,0.1111111111111111,0.05555555555555555,1.2953703703703703,18.88888888888889,2.972222222222222,2.1666666666666665,20.0,1.972222222222222,2.0555555555555554,24.027777777777775,48.63888888888889,36.86111111111111,62.97222222222222,0.861111111111111,41.25,4.666666666666667,2.722222222222222,42.97222222222223,2.4166666666666665,3.25,0.4444444444444445,22.361111111111114,1.6944444444444446,0.5555555555555555,22.972222222222218,0.4444444444444444,1.1944444444444444,24.611111111111114,26.111111111111114,0.23076923076923073,0.3070809248554913,0.5901639344262295,0.041379310344827586,0.3630653266331658,0.6274509803921569,0.6521739130434783,0.3825934579439252,0.4262734584450402,0.5161290322580645,0.5420875420875421,0.36309523809523825,0.846938775510204,0.5345830639948288,0.1839080459770115,0.36752136752136755,0.5059965733866363,0.41464490516100583
Rob Wilkinson,Orthodox,No,No,No,Rob Wilkinson,0.0,1.25,0.0,0.0,1.6,4.25,2.25,5.0,7.25,4.25,0.0,11.5,23.0,16.75,29.25,5.0,13.0,4.0,6.0,17.25,5.75,0.0,1.0,0.0,0.25,0.0,0.12083333333333332,17.75,5.0,1.0,11.5,9.5,2.75,23.75,39.0,28.5,44.0,0.0,32.5,5.0,1.5,22.0,11.5,5.5,0.0,14.75,0.0,0.5,10.5,2.0,2.75,15.25,15.5,0.25,0.3269230769230769,0.5625,0.20833333333333334,0.42028985507246375,0.7391304347826086,,0.5,0.5726495726495726,,0.4538461538461539,0.0,1.0,0.4772727272727273,0.17391304347826086,0.5,0.3910256410256411,0.3522727272727273
Cyril Asker,Orthodox,No,No,No,Cyril Asker,0.0,0.9,0.5,0.0,1.5933333333333333,7.5,0.6,0.0,2.4,0.8,4.9,8.1,21.4,30.4,49.3,1.2,20.4,1.0,0.0,13.0,1.4,7.0,0.2,0.0,0.1,0.0,0.11500000000000002,7.8,2.2,1.5,7.6,1.7,2.2,11.5,19.4,14.4,22.6,0.1,14.8,2.6,2.0,14.1,2.4,2.9,0.1,7.0,0.4,0.5,6.5,0.7,0.7,7.9,8.2,0.75,0.36764705882352944,0.6,inf,0.1846153846153846,0.5714285714285715,0.7000000000000001,0.37850467289719625,0.6166328600405679,1.0,0.472972972972973,0.15384615384615385,1.0,0.46099290780141844,0.29166666666666663,0.2413793103448275,0.4072164948453608,0.36283185840707965
Joe Soto,Orthodox,No,No,Yes,Joe Soto,0.0,0.175,0.375,0.0,0.36208333333333337,11.15,1.275,0.95,12.075,0.15,1.15,13.375,33.825,17.725,39.175,1.025,30.8,1.55,1.475,32.1,0.525,1.2,0.275,0.4,0.025,0.0,0.5095833333333333,17.725,3.55,1.925,21.75,0.625,0.825,23.2,67.8,24.85,69.925,1.075,60.35,4.925,2.525,64.725,1.475,1.6,0.675,42.625,1.375,0.6,42.975,0.85,0.775,44.6,45.075,0.17073170731707318,0.362012987012987,0.8225806451612903,0.11864406779661016,0.3761682242990654,0.2857142857142857,0.9583333333333333,0.39541759053954173,0.45245692405871096,0.627906976744186,0.7062966031483016,0.2791878172588833,0.8415841584158416,0.6639629200463499,0.576271186440678,0.4843750000000001,0.6578171091445428,0.6446192348945299
Maia Stevenson,Orthodox,No,No,No,Maia Stevenson,0.0,1.0,0.0,0.0,1.4833333333333334,1.0,3.0,2.0,4.0,2.0,0.0,6.0,11.0,11.0,16.0,1.0,6.0,3.0,2.0,9.0,2.0,0.0,0.0,1.0,3.0,1.0,1.7666666666666666,11.0,1.0,0.0,4.0,1.0,7.0,12.0,18.0,25.0,35.0,2.0,16.0,2.0,0.0,8.0,2.0,8.0,1.0,5.0,1.0,0.0,4.0,1.0,1.0,6.0,10.0,1.0,0.16666666666666666,1.0,0.5,0.4444444444444444,1.0,,0.5454545454545454,0.6875,0.5,0.3125,0.5,-inf,0.5,0.5,0.125,0.33333333333333337,0.2857142857142857
Timothy Johnson,Southpaw,No,No,No,Timothy Johnson,0.047619047619047616,0.3619047619047619,0.0,0.0,2.01,10.761904761904761,2.8285714285714287,2.961904761904762,6.771428571428572,7.666666666666667,2.1142857142857143,16.552380952380954,36.48571428571429,31.27619047619048,53.82857142857142,1.5523809523809524,28.676190476190474,4.076190476190477,3.733333333333333,23.076190476190476,10.380952380952381,3.0285714285714285,0.047619047619047616,0.22857142857142856,0.06666666666666667,0.0,0.586031746031746,9.733333333333333,3.8190476190476192,1.4476190476190476,9.114285714285714,5.295238095238095,0.5904761904761905,15.0,27.0,26.047619047619047,39.15238095238095,0.7714285714285714,20.895238095238096,4.561904761904763,1.5428571428571427,19.933333333333334,6.3619047619047615,0.7047619047619048,0.5428571428571428,11.161904761904763,0.7428571428571429,0.09523809523809523,10.819047619047618,1.0666666666666667,0.11428571428571428,12.0,13.104761904761906,0.2331288343558282,0.37529060112919294,0.6939252336448597,0.09693877551020409,0.29343788691704503,0.7385321100917431,0.6981132075471699,0.453667449752023,0.5810332625619251,0.7037037037037037,0.5341841385597084,0.16283924843423803,0.8518518518518519,0.5427615862398472,0.16766467065868262,0.16216216216216217,0.4444444444444444,0.33471174896618827
Godofredo Pepey,Orthodox,No,No,No,Godofredo Pepey,0.030303030303030304,0.06060606060606061,0.24242424242424243,0.17424242424242423,0.6032828282828283,7.4318181818181825,1.5075757575757576,1.825757575757576,7.863636363636363,0.9166666666666666,1.984848484848485,10.765151515151516,28.840909090909093,23.21969696969697,43.31060606060606,1.5075757575757576,24.4469696969697,2.227272727272727,2.1666666666666665,24.643939393939394,1.1818181818181819,3.015151515151515,0.17424242424242423,0.712121212121212,0.0,0.06060606060606061,1.6170454545454545,11.863636363636365,2.590909090909091,1.5227272727272727,9.318181818181818,1.3106060606060606,5.348484848484849,15.977272727272727,30.545454545454547,35.11363636363637,52.71212121212121,1.0303030303030303,25.265151515151516,3.5833333333333335,1.696969696969697,21.787878787878785,1.765151515151515,6.992424242424242,0.3181818181818182,13.40151515151515,0.9924242424242425,0.17424242424242423,12.469696969696969,0.4545454545454546,1.6439393939393938,14.568181818181818,17.598484848484848,0.04020100502512563,0.3039975209172606,0.6768707482993198,0.027972027972027975,0.31909007070396556,0.7756410256410255,0.6582914572864322,0.3732597846073023,0.5361203428371523,0.3088235294117647,0.5304347826086956,0.2769556025369979,0.5803571428571429,0.5723226703755215,0.2575107296137339,0.2351029252437703,0.47693452380952384,0.3338603046852543
Juliana Lima,Orthodox,No,No,No,Juliana Lima,0.0,0.5476190476190476,0.0,0.15079365079365079,1.778835978835979,4.261904761904762,2.515873015873016,2.6666666666666665,4.214285714285714,3.293650793650794,1.9365079365079367,9.444444444444445,21.357142857142858,20.896825396825395,34.42063492063492,1.7222222222222223,13.976190476190476,3.4126984126984126,3.9682539682539684,14.214285714285714,4.0476190476190474,3.0952380952380953,0.0,0.36507936507936506,0.14285714285714285,0.047619047619047616,1.315079365079365,4.301587301587301,4.158730158730159,1.746031746031746,4.261904761904762,3.880952380952381,2.0634920634920633,10.206349206349207,23.34920634920635,26.15873015873016,41.62698412698413,1.1904761904761905,15.484126984126986,5.587301587301588,2.277777777777778,15.523809523809524,5.126984126984127,2.698412698412698,0.8253968253968255,11.182539682539684,1.4285714285714286,0.5317460317460317,11.261904761904761,1.246031746031746,0.6349206349206349,13.142857142857144,15.468253968253968,0.3179723502304147,0.3049403747870528,0.7372093023255815,0.13799999999999998,0.2964824120603015,0.8137254901960785,0.6256410256410256,0.442214790040877,0.607101683191146,0.6933333333333334,0.7221937467965147,0.25568181818181823,0.8397212543554007,0.7254601226993864,0.2430340557275542,0.23529411764705888,0.5628823929299795,0.3715919923736891
Francimar Barroso,Orthodox,No,No,No,Francimar Barroso,0.0,0.7017195767195767,0.0,0.0,0.9266975308641975,6.268518518518519,2.5873015873015874,4.492063492063492,9.492724867724867,3.251984126984127,0.6031746031746031,13.347883597883596,25.390873015873016,20.860449735449734,33.766534391534385,2.935185185185185,16.869708994708997,3.4715608465608465,5.049603174603175,20.131613756613756,4.255291005291006,1.003968253968254,0.0,0.1111111111111111,0.041666666666666664,0.041666666666666664,0.783531746031746,8.28968253968254,3.4120370370370368,2.954365079365079,9.498677248677248,3.342592592592593,1.8148148148148149,14.656084656084657,36.232142857142854,23.699735449735453,46.175925925925924,0.7367724867724869,27.81613756613757,4.666005291005291,3.75,29.479497354497354,4.400793650793651,2.3518518518518516,0.6256613756613757,19.526455026455025,1.253968253968254,0.7956349206349206,19.980820105820104,1.0582010582010584,0.5370370370370371,21.576058201058203,22.476190476190478,0.23907165389815233,0.37158427098443564,0.7452848161554583,0.1389652914210871,0.4715332303952166,0.7642213242151072,0.6007905138339921,0.5256961266963611,0.6177847419449614,0.8491921005385996,0.701982975890437,0.2687455705173637,0.9703703703703703,0.6777870010993202,0.24045686804929367,0.2283464566929133,0.5954949528138291,0.48675126758142595
Sabah Homasi,Orthodox,No,No,No,Sabah Homasi,0.0,0.5,0.0,0.0,0.37777777777777777,10.166666666666668,3.5,1.6666666666666667,9.333333333333332,5.166666666666667,0.8333333333333334,15.333333333333334,35.16666666666667,16.666666666666664,37.66666666666667,1.0,28.833333333333332,4.5,1.8333333333333333,27.666666666666668,6.5,1.0,0.3333333333333333,0.16666666666666666,0.0,0.0,0.40833333333333327,27.0,4.666666666666667,1.5,24.5,8.666666666666666,0.0,33.166666666666664,56.0,37.333333333333336,61.0,0.5,48.5,5.666666666666667,1.8333333333333333,44.0,12.0,0.0,0.3333333333333333,21.5,1.0,0.3333333333333333,19.5,3.3333333333333335,0.0,22.833333333333336,23.666666666666664,0.5,0.3526011560693642,0.7777777777777778,0.27272727272727276,0.33734939759036137,0.7948717948717949,0.8333333333333334,0.4360189573459715,0.44247787610619455,0.6666666666666667,0.44329896907216493,0.17647058823529416,0.9090909090909091,0.44318181818181823,0.2777777777777778,,0.40773809523809523,0.3879781420765027
Oluwale Bamgbose,Switch,No,No,No,Oluwale Bamgbose,0.13333333333333333,0.13333333333333333,0.0,0.0,0.15666666666666668,3.3111111111111113,1.7333333333333334,1.4000000000000001,4.311111111111111,1.2666666666666666,0.8666666666666667,6.444444444444444,14.4,13.044444444444444,22.311111111111114,0.39999999999999997,9.755555555555556,2.777777777777778,1.8666666666666665,11.377777777777778,1.4444444444444446,1.5777777777777777,0.1111111111111111,0.6444444444444445,0.0,0.0,1.2577777777777779,7.111111111111112,1.3777777777777775,0.7555555555555555,2.8000000000000003,1.2444444444444445,5.2,9.244444444444445,20.822222222222223,15.733333333333334,28.155555555555555,1.111111111111111,16.844444444444445,2.6222222222222222,1.3555555555555554,10.866666666666667,2.066666666666667,7.888888888888888,0.4666666666666666,9.733333333333333,1.2444444444444445,0.6,8.066666666666666,0.8222222222222223,2.6888888888888887,11.577777777777778,12.422222222222222,0.33333333333333337,0.33940774487471526,0.624,0.07142857142857144,0.37890624999999994,0.8769230769230768,0.5492957746478874,0.4475308641975308,0.5846613545816732,0.4199999999999998,0.5778364116094987,0.47457627118644075,0.5245901639344261,0.7423312883435582,0.3978494623655915,0.3408450704225352,0.5560298826040555,0.4411996842936069
Galore Bofando,Switch,No,No,No,Galore Bofando,0.5,0.5,0.0,0.0,0.025,9.5,1.0,1.0,5.5,0.0,6.0,11.5,25.5,11.5,25.5,0.5,22.0,2.0,1.5,14.0,0.0,11.5,0.0,0.5,0.0,0.0,1.25,11.0,0.5,0.0,1.5,0.0,10.0,11.5,25.5,23.0,39.5,1.0,23.5,1.0,1.0,7.0,1.5,17.0,0.5,12.5,0.5,1.0,5.5,1.5,7.0,14.0,16.5,1.0,0.4318181818181818,0.5,0.3333333333333333,0.39285714285714285,,0.5217391304347826,0.45098039215686275,0.45098039215686275,0.5,0.5319148936170213,0.5,0.5,0.7857142857142857,1.0,0.4117647058823529,0.5490196078431373,0.4177215189873418
Abel Trujillo,Orthodox,No,No,No,Abel Trujillo,0.10437710437710439,0.5412457912457912,0.10437710437710439,0.0,0.7256593714927049,8.164141414141413,2.3005050505050506,0.6885521885521886,6.513468013468014,2.2752525252525255,2.3644781144781146,11.153198653198652,26.503367003367003,15.095117845117846,30.867003367003367,1.3063973063973064,22.876262626262626,2.9385521885521886,0.6885521885521886,19.95707070707071,3.5328282828282824,3.013468013468014,0.030303030303030304,1.6346801346801347,0.4503367003367003,0.0,1.2851851851851852,6.447811447811447,1.8148148148148149,1.7331649831649834,7.476430976430976,1.2887205387205387,1.2306397306397308,9.995791245791246,23.666666666666668,14.487373737373739,29.28282828282828,2.637205387205387,18.275252525252526,2.8215488215488214,2.5698653198653196,19.358585858585858,2.361952861952862,1.9461279461279464,1.0025252525252524,11.827441077441078,1.0067340067340067,0.8367003367003368,11.882154882154884,1.0732323232323233,0.7154882154882155,13.67087542087542,14.795454545454547,0.4143041237113402,0.3568826581300364,0.7828702377542252,0.7860635696821515,0.3263739508203636,0.6440314510364548,0.7846368715083798,0.4208219526138601,0.48903736023997824,0.3801468241302266,0.6471834553912763,0.3568019093078758,0.3639043563707828,0.6137925036959736,0.45438346400570206,0.36764705882352944,0.5776426234172714,0.5052604346326319
Erick Silva,Orthodox,No,No,No,Erick Silva,0.06666666666666667,0.23611111111111108,0.35000000000000003,0.041666666666666664,0.5618518518518518,5.280555555555556,2.3805555555555555,1.7694444444444446,6.666666666666667,1.0166666666666666,1.7472222222222225,9.430555555555555,18.941666666666666,11.080555555555556,20.805555555555554,0.5388888888888889,13.302777777777777,3.6333333333333333,2.0055555555555555,14.872222222222222,1.613888888888889,2.4555555555555557,0.18888888888888888,0.7694444444444445,0.2972222222222222,0.041666666666666664,1.4758796296296295,15.66388888888889,2.0,1.0305555555555557,8.191666666666666,2.5194444444444444,7.983333333333333,18.694444444444443,35.68333333333334,31.594444444444445,50.38888888888889,1.6305555555555555,31.375,3.0833333333333335,1.2249999999999999,19.36111111111111,3.7972222222222225,12.525,0.8611111111111112,15.71111111111111,1.0833333333333333,0.19444444444444442,11.169444444444444,1.277777777777778,4.541666666666667,16.98888888888889,18.794444444444444,0.43814432989690716,0.39695134683650035,0.6551987767584098,0.11772853185595566,0.44826298094882333,0.6299483648881239,0.7115384615384616,0.497873588502713,0.5325767690253672,0.5281090289608177,0.5007525453740593,0.3513513513513514,0.3718820861678004,0.5769010043041607,0.33650329188002936,0.3626081170991351,0.47610151019772706,0.3729878721058435
Antonio Braga Neto,Orthodox,No,No,No,Antonio Braga Neto,0.0,0.7777777777777777,0.1111111111111111,0.16666666666666666,1.5175925925925926,4.166666666666667,0.9444444444444445,0.5,3.777777777777778,0.38888888888888884,1.4444444444444446,5.611111111111111,17.72222222222222,13.833333333333334,27.222222222222218,2.111111111111111,15.444444444444445,1.5555555555555554,0.7222222222222223,15.722222222222221,0.38888888888888884,1.6111111111111114,0.16666666666666666,0.16666666666666666,0.0,0.27777777777777773,0.4749999999999999,14.5,3.055555555555556,0.611111111111111,17.055555555555557,0.4444444444444444,0.6666666666666666,18.166666666666668,32.05555555555556,20.833333333333332,34.72222222222222,0.16666666666666666,27.388888888888886,3.777777777777778,0.8888888888888888,30.277777777777775,0.611111111111111,1.1666666666666667,0.0,12.888888888888888,0.7222222222222222,0.27777777777777773,13.222222222222221,0.16666666666666666,0.5,13.888888888888888,13.888888888888888,0.36842105263157887,0.2697841726618705,0.6071428571428573,1.0769230769230766,0.24028268551236753,1.0,0.896551724137931,0.3166144200626959,0.5081632653061225,0.0,0.47058823529411764,0.19117647058823528,0.8125,0.43669724770642193,0.2727272727272727,0.4285714285714286,0.43327556325823224,0.4
Carls John De Tomas,Southpaw,No,No,No,Carls John De Tomas,0.0,0.5,0.0,0.16666666666666666,0.4583333333333333,5.666666666666667,0.16666666666666666,2.1666666666666665,5.333333333333333,2.0,0.6666666666666666,8.0,20.333333333333332,13.833333333333334,27.333333333333332,1.1666666666666667,16.166666666666668,0.5,3.6666666666666665,15.833333333333334,3.0,1.5,0.0,0.3333333333333333,1.3333333333333333,0.3333333333333333,2.6083333333333334,12.0,1.1666666666666667,3.6666666666666665,8.5,2.5,5.833333333333333,16.833333333333332,30.333333333333332,40.333333333333336,60.0,1.3333333333333333,23.833333333333332,1.8333333333333333,4.666666666666667,17.833333333333332,2.8333333333333335,9.666666666666666,1.0,11.833333333333334,0.6666666666666666,1.0,9.333333333333334,0.3333333333333333,3.8333333333333335,13.5,19.666666666666668,0.42857142857142855,0.35051546391752575,0.3333333333333333,0.13636363636363638,0.3368421052631579,0.6666666666666666,0.4444444444444444,0.3934426229508197,0.5060975609756098,0.75,0.49650349650349646,0.36363636363636354,0.9285714285714286,0.5233644859813084,0.11764705882352944,0.39655172413793105,0.44505494505494503,0.3277777777777777
Angela Magana,Orthodox,No,No,No,Angela Magana,0.0,0.1111111111111111,0.1111111111111111,0.0,0.9712962962962962,1.5555555555555554,2.1666666666666665,3.0,5.722222222222222,0.8888888888888888,0.1111111111111111,6.722222222222222,25.055555555555557,8.61111111111111,27.277777777777775,0.5,17.055555555555557,4.333333333333333,3.6666666666666665,23.833333333333332,1.111111111111111,0.1111111111111111,0.1111111111111111,0.6666666666666666,0.611111111111111,0.0,1.1879629629629629,14.666666666666666,6.5555555555555545,2.222222222222222,15.888888888888888,2.055555555555556,5.5,23.444444444444443,40.5,41.0,62.72222222222222,0.8888888888888888,28.944444444444443,9.0,2.555555555555556,31.444444444444443,2.5,6.5555555555555545,0.2222222222222222,14.277777777777779,2.4444444444444446,0.3333333333333333,15.555555555555555,0.4444444444444444,1.0555555555555556,17.055555555555554,21.722222222222218,0.2222222222222222,0.09120521172638435,0.5,0.030303030303030304,0.2400932400932401,0.8,1.0,0.26829268292682923,0.31568228105906315,0.25,0.49328214971209217,0.27160493827160503,0.7391304347826088,0.4946996466431096,0.1777777777777777,0.16101694915254228,0.421124828532236,0.3463241806908769
Ryan Janes,Orthodox,No,No,No,Ryan Janes,0.0,0.08333333333333333,0.0,0.1111111111111111,0.6527777777777778,24.305555555555557,6.916666666666667,2.2777777777777777,28.222222222222218,5.055555555555556,0.2222222222222222,33.5,68.41666666666667,44.166666666666664,80.5,0.08333333333333333,57.02777777777778,8.916666666666666,2.4722222222222223,61.52777777777778,6.361111111111111,0.5277777777777778,0.16666666666666666,0.5277777777777778,0.08333333333333333,0.0,0.2981481481481481,18.083333333333332,2.305555555555556,2.5277777777777777,20.944444444444446,1.2777777777777777,0.6944444444444445,22.916666666666668,56.361111111111114,26.194444444444443,59.72222222222223,1.277777777777778,48.138888888888886,5.25,2.972222222222222,53.194444444444436,2.0833333333333335,1.0833333333333333,0.75,30.055555555555557,2.944444444444444,0.4444444444444444,32.25,0.8055555555555555,0.38888888888888884,33.44444444444444,33.52777777777778,1.0,0.4262055528494886,0.7757009345794393,0.033707865168539325,0.45869074492099315,0.7947598253275111,0.42105263157894735,0.489646772228989,0.5486542443064182,0.5869565217391305,0.6243508366993653,0.5608465608465608,0.822429906542056,0.606266318537859,0.3866666666666667,0.3589743589743588,0.5933957614588468,0.5613953488372094
Ariel Beck,Southpaw,No,No,No,Ariel Beck,0.0,0.0,0.0,0.0,0.075,4.0,8.0,5.5,17.0,0.5,0.0,17.5,51.0,17.5,51.0,0.0,26.0,18.5,6.5,50.0,1.0,0.0,0.5,0.0,0.0,0.0,0.0,9.5,4.5,3.0,15.5,1.5,0.0,17.0,47.5,18.0,48.5,0.0,35.0,8.0,4.5,46.0,1.5,0.0,0.0,25.5,3.5,1.5,30.5,0.0,0.0,30.5,30.5,,0.15384615384615385,0.43243243243243246,0.0,0.34,0.5,,0.3431372549019608,0.3431372549019608,,0.7285714285714286,0.4375,1.0,0.6630434782608696,0.0,,0.6421052631578947,0.6288659793814433
Christina Marks,Orthodox,No,No,No,Christina Marks,0.0,1.0,0.0,0.0,0.6833333333333333,6.0,2.0,2.0,7.0,3.0,0.0,10.0,17.0,17.0,24.0,1.0,13.0,2.0,2.0,12.0,4.0,1.0,0.0,0.0,1.0,0.0,0.4166666666666667,3.0,2.0,1.0,3.0,3.0,0.0,6.0,17.0,8.0,19.0,0.0,13.0,3.0,1.0,10.0,7.0,0.0,0.0,10.0,1.0,0.0,7.0,4.0,0.0,11.0,11.0,1.0,0.46153846153846156,1.0,0.5,0.5833333333333334,0.75,0.0,0.5882352941176471,0.7083333333333334,,0.7692307692307692,0.33333333333333337,1.0,0.7,0.5714285714285714,,0.6470588235294117,0.5789473684210527
DeAnna Bennett,Orthodox,No,No,No,DeAnna Bennett,0.0,0.0,0.3333333333333333,0.0,3.2777777777777772,8.333333333333334,5.333333333333333,2.0,9.0,6.333333333333333,0.3333333333333333,15.666666666666666,27.0,27.333333333333332,39.0,3.6666666666666665,18.0,7.0,2.0,19.0,7.666666666666667,0.3333333333333333,0.3333333333333333,0.0,0.0,0.0,0.13333333333333333,11.333333333333334,4.0,1.0,10.666666666666666,5.666666666666667,0.0,16.333333333333332,39.0,34.0,58.333333333333336,0.0,32.666666666666664,5.333333333333333,1.0,30.333333333333332,8.0,0.6666666666666666,0.0,21.333333333333332,1.3333333333333333,0.0,19.666666666666668,2.3333333333333335,0.6666666666666666,22.666666666666668,24.333333333333332,0.0,0.462962962962963,0.7619047619047619,0.0,0.47368421052631576,0.826086956521739,1.0,0.5802469135802469,0.7008547008547008,,0.6530612244897959,0.25,1.0,0.6483516483516484,0.29166666666666663,1.0,0.5811965811965812,0.41714285714285715
Karine Gevorgyan,,No,No,No,Karine Gevorgyan,0.0,0.0,0.0,0.0,0.3666666666666666,2.0,0.0,0.0,2.0,0.0,0.0,2.0,10.0,2.0,10.0,2.0,10.0,0.0,0.0,10.0,0.0,0.0,0.0,1.0,1.0,0.0,0.6,1.0,0.0,2.0,3.0,0.0,0.0,3.0,13.0,5.0,15.0,1.0,10.0,0.0,3.0,13.0,0.0,0.0,0.0,9.0,0.0,1.0,10.0,0.0,0.0,10.0,10.0,0.0,0.2,,,0.2,,,0.2,0.2,0.0,0.9,,0.6666666666666667,0.7692307692307692,,,0.7692307692307692,0.6666666666666667
Kailin Curran,Orthodox,No,No,No,Kailin Curran,0.0,0.6206349206349207,0.15079365079365079,0.047619047619047616,1.6904232804232804,11.425396825396826,4.474603174603175,2.0603174603174605,11.566666666666668,4.26984126984127,2.123809523809524,17.96031746031746,40.93015873015873,33.75238095238095,58.736507936507934,1.0206349206349208,32.5968253968254,5.915873015873015,2.4174603174603173,30.766666666666666,6.920634920634921,3.2428571428571424,0.0,0.8222222222222223,0.3238095238095238,0.047619047619047616,0.9784126984126985,15.188888888888888,3.977777777777778,2.552380952380952,13.611111111111112,5.20952380952381,2.8984126984126988,21.71904761904762,46.6015873015873,33.8015873015873,62.23809523809524,2.1015873015873017,37.01904761904762,5.8730158730158735,3.70952380952381,34.111111111111114,8.296825396825398,4.193650793650794,1.2793650793650795,21.83015873015873,1.895238095238095,1.157142857142857,20.5,3.0873015873015874,1.2952380952380953,24.882539682539683,28.436507936507933,0.6080870917573872,0.3505064277366575,0.7563724174939631,0.25673013788575183,0.3759479956663056,0.6169724770642201,0.6549192364170339,0.43880400217172105,0.574640579396822,0.6087613293051359,0.5897007117742904,0.32270270270270274,0.7783483097988875,0.6009771986970684,0.37210637076717046,0.3088569265707797,0.5339418917538064,0.45689875031879634
Michael Bisping,Orthodox,Yes,No,Yes,Michael Bisping,0.09258620689655173,0.21315077755240028,0.03879310344827586,0.015229885057471266,0.2752051498760424,14.7300338066261,2.3316666666666666,3.423184584178499,17.74001352265044,1.390970250169033,1.353901284651792,20.484885057471264,54.0289384719405,23.8088708586883,57.866024340770785,0.5300033806626099,46.657792427315755,3.4208553076402977,3.9502907369844493,49.523495605138606,2.1387728194726163,2.3666700473292765,0.10454699121027722,0.44119337390128466,0.06435091277890467,0.015229885057471266,0.5954807865675006,8.301734279918865,2.4245706558485463,2.814060175794456,11.832447599729548,0.8750912778904665,0.8328262339418526,13.540365111561865,36.5929445571332,16.091210277214334,39.64260649087221,1.1720960108181202,29.230114942528736,3.940679513184584,3.422150101419878,33.366436781609195,1.7551081812035156,1.4713995943204867,0.7309026369168358,20.92838066260987,1.516108857336038,0.6080899256254225,21.53398918187965,0.8800169033130494,0.6385733603786342,23.052579445571332,23.551396213657878,0.4021687131239037,0.3157036164874877,0.6816034169755772,0.05395825060590708,0.35821408214184536,0.6503590458532299,0.5720701481728021,0.3791465395550928,0.41144818794667454,0.6235859777448327,0.7159869437310988,0.3847328493127886,0.8710771413217001,0.6453787475967072,0.5014032255889791,0.4339904420549582,0.6299733384280934,0.5940930301613905
Bobby Nash,Orthodox,No,No,No,Bobby Nash,0.16666666666666666,0.5833333333333333,0.3333333333333333,0.0,1.4069444444444446,8.5,1.9166666666666665,3.25,9.166666666666668,4.083333333333333,0.41666666666666663,13.666666666666668,35.0,21.916666666666664,44.91666666666667,1.9166666666666665,27.666666666666664,3.25,4.083333333333333,28.166666666666664,6.0,0.8333333333333333,0.6666666666666666,0.0,0.0,0.0,0.09999999999999996,9.833333333333332,2.0,2.9166666666666665,10.416666666666668,1.5833333333333335,2.75,14.75,30.666666666666664,17.5,33.66666666666667,0.5,23.333333333333336,3.666666666666667,3.6666666666666665,24.5,3.0,3.1666666666666665,0.5,13.5,1.6666666666666667,0.75,14.083333333333332,1.4166666666666667,0.41666666666666663,15.916666666666668,16.166666666666668,0.3043478260869565,0.30722891566265065,0.5897435897435896,0.14285714285714285,0.3254437869822486,0.6805555555555555,0.5,0.39047619047619053,0.48794063079777356,1.0,0.5785714285714287,0.4545454545454546,1.0,0.5748299319727891,0.4722222222222222,0.13157894736842102,0.5190217391304348,0.4801980198019803
Bharat Kandare,Orthodox,No,No,No,Bharat Kandare,0.0,0.0,0.0,0.0,0.0,1.0,0.0,2.0,3.0,0.0,0.0,3.0,30.0,3.0,30.0,1.0,22.0,0.0,8.0,30.0,0.0,0.0,1.0,0.0,1.0,0.0,0.1333333333333333,6.0,1.0,1.0,7.0,0.0,1.0,8.0,29.0,9.0,30.0,0.0,23.0,3.0,3.0,27.0,0.0,2.0,0.0,17.0,2.0,2.0,20.0,0.0,1.0,21.0,21.0,0.0,0.045454545454545456,,0.0,0.1,,,0.1,0.1,,0.7391304347826086,0.6666666666666667,1.0,0.7407407407407407,,0.5,0.7241379310344828,0.7
Wang Guan,Orthodox,No,No,No,Wang Guan,0.3333333333333333,0.0,0.0,0.0,0.1333333333333333,10.0,3.6666666666666665,10.0,20.333333333333332,0.6666666666666666,2.6666666666666665,23.666666666666668,54.666666666666664,25.0,56.333333333333336,1.0,35.333333333333336,6.666666666666667,12.666666666666666,49.666666666666664,1.0,4.0,0.0,0.0,0.0,0.0,0.12222222222222219,7.333333333333333,7.0,2.0,14.333333333333334,2.0,0.0,16.333333333333332,41.0,16.333333333333332,41.333333333333336,0.0,30.333333333333332,8.0,2.6666666666666665,38.333333333333336,2.6666666666666665,0.0,0.0,23.0,1.0,0.6666666666666666,24.0,0.6666666666666666,0.0,24.666666666666668,25.0,0.0,0.2830188679245283,0.5499999999999999,0.0,0.40939597315436244,0.6666666666666666,0.6666666666666666,0.43292682926829273,0.4437869822485207,,0.7582417582417582,0.125,1.0,0.6260869565217391,0.25,,0.6016260162601627,0.6048387096774195
Anthony Hamilton,Orthodox,No,No,No,Anthony Hamilton,0.03333333333333333,0.6444444444444445,0.0,0.0,1.7903703703703704,4.616666666666666,10.700000000000001,1.4944444444444445,3.305555555555556,7.605555555555555,5.8999999999999995,16.811111111111114,24.755555555555556,22.78888888888889,31.322222222222223,1.7888888888888888,11.53888888888889,11.427777777777777,1.788888888888889,9.277777777777779,9.294444444444444,6.183333333333334,0.06666666666666667,0.15,0.06666666666666667,0.0,0.33435185185185184,8.733333333333333,3.533333333333333,1.3444444444444443,6.116666666666667,6.433333333333334,1.0611111111111111,13.611111111111109,24.17222222222222,22.722222222222225,33.861111111111114,0.7944444444444444,18.26111111111111,4.022222222222222,1.8888888888888886,15.31111111111111,7.633333333333333,1.2277777777777779,0.6444444444444445,9.527777777777779,0.48888888888888893,0.5444444444444444,9.194444444444445,1.2,0.16666666666666666,10.561111111111112,11.138888888888888,0.360248447204969,0.40009629272989883,0.9363150218765194,0.36024844720496896,0.3562874251497006,0.8182904961147639,0.9541778975741239,0.679084380610413,0.727562965590635,0.8111888111888113,0.5217523577730454,0.12154696132596687,0.9205882352941176,0.6005079825834543,0.1572052401746724,0.1357466063348417,0.43691105492990123,0.32895816242821985
Bojan Velickovic,Southpaw,No,No,No,Bojan Velickovic,0.05555555555555555,0.2222222222222222,0.16666666666666666,0.16666666666666666,0.42777777777777776,5.166666666666667,1.611111111111111,4.055555555555556,9.222222222222221,1.0555555555555556,0.5555555555555556,10.833333333333334,31.111111111111114,29.5,52.111111111111114,0.8888888888888888,21.944444444444446,3.0,6.166666666666667,28.833333333333332,1.6666666666666667,0.6111111111111112,0.0,0.7222222222222222,0.0,0.1111111111111111,1.6574074074074074,8.833333333333334,1.4444444444444444,1.222222222222222,8.666666666666666,0.5555555555555555,2.2777777777777777,11.5,27.111111111111114,20.0,36.55555555555556,1.611111111111111,23.555555555555557,2.055555555555556,1.5,23.722222222222225,0.7222222222222222,2.6666666666666665,0.8888888888888888,14.722222222222223,0.6111111111111112,0.27777777777777773,15.055555555555555,0.16666666666666666,0.3888888888888889,15.611111111111112,16.555555555555557,0.25,0.23544303797468355,0.537037037037037,0.036036036036036036,0.3198458574181117,0.6333333333333333,0.9090909090909091,0.3482142857142857,0.5660980810234542,0.5517241379310345,0.625,0.29729729729729737,0.5185185185185186,0.6346604215456675,0.23076923076923084,0.14583333333333337,0.5758196721311476,0.452887537993921
Will Brooks,Orthodox,No,No,No,Will Brooks,0.0,0.6944444444444443,0.08333333333333333,0.0,0.9648148148148149,9.166666666666666,5.0,2.5277777777777777,10.361111111111112,5.555555555555556,0.7777777777777778,16.694444444444443,28.5,23.11111111111111,36.083333333333336,1.9722222222222223,19.88888888888889,5.888888888888889,2.7222222222222228,21.083333333333332,6.527777777777778,0.8888888888888888,0.0,0.7222222222222222,0.27777777777777773,0.1111111111111111,1.475462962962963,6.472222222222221,6.25,4.194444444444445,7.305555555555556,7.388888888888888,2.2222222222222223,16.916666666666668,31.194444444444443,24.194444444444443,40.19444444444445,1.7222222222222223,18.02777777777778,7.833333333333333,5.333333333333333,19.583333333333332,9.0,2.611111111111111,1.0,11.555555555555555,1.5833333333333333,1.1388888888888888,12.277777777777779,1.611111111111111,0.38888888888888884,14.277777777777779,16.0,0.35211267605633795,0.46089385474860334,0.8490566037735848,0.2551020408163264,0.4914361001317524,0.8510638297872342,0.8750000000000001,0.5857699805068226,0.640492686682063,0.5806451612903226,0.6409861325115562,0.2021276595744681,0.8645833333333333,0.6269503546099291,0.17901234567901236,0.14893617021276595,0.45770258236865535,0.39806496199032493
Ashkan Mokhtarian,Southpaw,No,No,No,Ashkan Mokhtarian,0.0,0.16666666666666666,0.0,0.0,0.41944444444444434,3.6666666666666665,2.1666666666666665,3.1666666666666665,8.5,0.16666666666666666,0.3333333333333333,9.0,20.666666666666668,9.666666666666666,21.833333333333332,1.0,13.666666666666666,3.3333333333333335,3.6666666666666665,20.166666666666668,0.16666666666666666,0.3333333333333333,0.16666666666666666,0.3333333333333333,0.6666666666666666,0.0,1.3027777777777778,14.333333333333334,1.8333333333333333,0.6666666666666666,9.166666666666666,1.0,6.666666666666667,16.833333333333332,30.0,20.0,33.666666666666664,0.5,26.5,2.8333333333333335,0.6666666666666666,20.166666666666668,1.8333333333333333,8.0,0.16666666666666666,12.166666666666666,1.0,0.0,11.0,0.8333333333333334,1.3333333333333333,13.166666666666666,13.666666666666666,0.16666666666666666,0.2682926829268293,0.6499999999999999,0.045454545454545456,0.4214876033057851,1.0,1.0,0.43548387096774194,0.44274809160305345,0.33333333333333337,0.4591194968553459,0.3529411764705883,0.5,0.5454545454545455,0.4545454545454545,0.16666666666666663,0.4388888888888889,0.40594059405940586
Marcel Fortuna,Orthodox,No,No,No,Marcel Fortuna,0.1111111111111111,0.16666666666666666,0.16666666666666666,0.0,0.1675925925925926,12.722222222222221,3.8333333333333335,1.8333333333333333,16.88888888888889,1.5,0.0,18.38888888888889,39.833333333333336,21.11111111111111,42.55555555555555,1.9444444444444444,32.38888888888889,5.111111111111111,2.3333333333333335,37.666666666666664,2.0,0.16666666666666666,0.0,0.27777777777777773,0.0,0.3333333333333333,0.5027777777777778,14.944444444444445,4.0,2.888888888888889,19.444444444444446,1.0,1.388888888888889,21.833333333333332,61.94444444444445,27.444444444444443,68.05555555555556,1.1666666666666667,52.833333333333336,5.777777777777779,3.3333333333333335,57.22222222222222,2.6666666666666665,2.0555555555555554,0.8888888888888888,37.88888888888889,1.777777777777778,0.4444444444444444,37.77777777777778,1.6666666666666667,0.6666666666666666,40.111111111111114,40.611111111111114,0.08571428571428572,0.392795883361921,0.7500000000000001,0.07142857142857142,0.448377581120944,0.75,0.0,0.4616457461645746,0.49608355091383816,0.761904761904762,0.7171398527865405,0.3076923076923078,0.9166666666666667,0.6601941747572815,0.625,0.3243243243243241,0.6475336322869956,0.5967346938775511
Nate Marquardt,Orthodox,No,No,Yes,Nate Marquardt,0.21398692810457517,0.6082352941176471,0.26326797385620915,0.06888888888888889,1.2740882352941176,7.366143790849673,2.2490849673202615,2.324509803921569,7.373921568627451,1.9574509803921571,2.6083660130718953,11.939738562091504,23.202614379084967,16.76607843137255,28.465098039215686,1.1013725490196078,17.334183006535948,2.9947712418300654,2.8736601307189544,16.636535947712417,2.7022875816993466,3.8637908496732027,0.0996078431372549,0.32836601307189545,0.12849673202614378,0.013333333333333334,0.7392755991285402,5.903856209150327,1.593529411764706,1.8123529411764707,6.7947058823529405,1.0274509803921568,1.4875816993464053,9.309738562091503,22.567254901960784,19.548169934640523,33.879019607843134,1.1784313725490196,17.92888888888889,2.3013725490196077,2.336993464052288,18.581437908496735,1.9877777777777776,1.9980392156862745,0.8500653594771242,12.025032679738564,0.707843137254902,0.524640522875817,11.78673202614379,0.9603267973856209,0.5104575163398692,13.257516339869282,14.330849673202614,0.5522520918639844,0.42494900325398827,0.7510039284155391,0.21165874405804352,0.4432365963565505,0.7243681219010764,0.6750795047026186,0.5145859154929578,0.5890047667594301,0.721353300055463,0.6707070780716848,0.3075743375649653,0.8594921132117687,0.6343283057095422,0.48311577286029006,0.2554792280013084,0.5874669470196565,0.42300071959239816
Michel Quinones,Orthodox,No,No,No,Michel Quinones,0.0,0.0,0.0,0.0,0.0,4.0,2.5,6.833333333333333,13.166666666666666,0.16666666666666666,0.0,13.333333333333334,48.166666666666664,13.333333333333334,48.333333333333336,0.0,33.666666666666664,6.166666666666667,8.333333333333334,47.833333333333336,0.3333333333333333,0.0,0.0,1.3333333333333333,0.0,0.0,0.9444444444444443,18.833333333333332,4.333333333333333,6.166666666666667,22.0,1.3333333333333333,6.0,29.333333333333332,56.166666666666664,37.833333333333336,67.16666666666667,2.3333333333333335,42.0,6.333333333333333,7.833333333333333,46.166666666666664,1.5,8.5,1.0,23.166666666666668,2.0,1.6666666666666667,24.166666666666668,0.16666666666666666,2.5,26.833333333333332,29.333333333333332,,0.11881188118811882,0.4054054054054054,0.0,0.2752613240418118,0.5,,0.2768166089965398,0.27586206896551724,0.4285714285714286,0.5515873015873016,0.3157894736842105,0.8297872340425532,0.5234657039711191,0.11111111111111116,0.2941176470588235,0.4777448071216617,0.43672456575682383
Johny Hendricks,Southpaw,Yes,No,Yes,Johny Hendricks,0.0630952380952381,0.9437271062271062,0.07193223443223443,0.0,1.5067094017094016,11.977838827838827,1.2442765567765568,4.465155677655678,13.503937728937728,2.9690934065934065,1.2142399267399269,17.687271062271062,39.1132326007326,26.859569597069594,48.81936813186813,2.288782051282051,32.40489926739927,1.6989926739926742,5.009340659340659,33.44789377289378,4.140659340659341,1.5246794871794873,0.022023809523809522,0.26163003663003664,0.04981684981684982,0.0,0.4448366910866911,14.059981684981684,4.6775183150183155,1.6282967032967033,15.227060439560441,2.867399267399267,2.2713369963369963,20.365796703296702,42.01021062271062,27.98044871794872,49.890888278388275,0.6978937728937729,33.893177655677654,6.178479853479853,1.9385531135531135,35.19610805860806,4.325869963369963,2.4882326007326006,0.4362637362637362,19.83319597069597,1.5009615384615385,0.31025641025641026,19.969047619047622,1.458470695970696,0.21689560439560437,21.64441391941392,21.910439560439563,0.4123272050733191,0.3696304910254435,0.7323613431790006,0.18839347738656723,0.4037305852687603,0.7170581210191082,0.7963902819904501,0.45220683349858876,0.5501826554681748,0.6251148143288282,0.5851677931229204,0.24293379181550034,0.8650384996929472,0.567365220773713,0.33715084094541536,0.08716854056640222,0.5152179338923143,0.439167156900085
Georges St-Pierre,Orthodox,Yes,Yes,Yes,Georges St-Pierre,0.10461760461760461,1.3426406926406926,0.3343073593073593,0.06623376623376623,2.3157389369889367,11.621392496392497,3.525829725829726,2.972799422799423,10.587987012987012,1.25995670995671,6.272077922077922,18.120021645021644,34.30645743145743,35.70292207792208,53.121464646464645,1.8139971139971138,25.52987012987013,4.930663780663781,3.845923520923521,23.931421356421357,1.6067821067821069,8.768253968253969,0.032467532467532464,0.08513708513708514,0.10663780663780664,0.05988455988455989,0.28552128427128426,4.04448051948052,1.6698412698412697,1.197691197691198,4.891594516594517,1.2577561327561326,0.7626623376623376,6.912012987012988,26.847330447330442,16.31897546897547,36.997979797979795,0.6840187590187591,22.059992784992783,2.710569985569985,2.076767676767677,23.578066378066378,1.9279220779220778,1.3413419913419913,0.5988816738816738,18.015512265512264,1.0407287157287157,0.8790764790764791,18.686471861471862,0.6701659451659452,0.5786796536796537,19.93531746031746,20.67900432900433,0.740155914406173,0.45520766213359565,0.7150821639181141,0.34910748623474563,0.44243034524758845,0.7841490794791198,0.7153166348495819,0.5281810773153868,0.6720997305991674,0.8755339908232689,0.8166599346201081,0.38395198104795236,0.9590050027793219,0.7925362309970868,0.3476104936192508,0.43141842827174437,0.7425437512093392,0.5589225260924506
Hacran Dias,Orthodox,No,No,No,Hacran Dias,0.0,0.8333333333333334,0.16666666666666666,0.0,1.4027777777777777,7.125,1.25,2.0,8.333333333333334,0.9166666666666666,1.125,10.375,24.791666666666668,19.208333333333332,34.625,2.125,20.291666666666668,2.2083333333333335,2.2916666666666665,21.791666666666668,1.3333333333333333,1.6666666666666667,0.16666666666666666,0.5,0.125,0.08333333333333333,1.4124999999999999,10.708333333333334,2.9166666666666665,2.9166666666666665,8.041666666666666,2.5416666666666665,5.958333333333333,16.541666666666668,36.791666666666664,25.833333333333332,47.041666666666664,2.1666666666666665,28.958333333333332,4.333333333333333,3.5,24.833333333333332,3.4583333333333335,8.5,1.6666666666666667,18.25,1.4166666666666667,0.5833333333333334,16.791666666666668,0.9166666666666666,2.5416666666666665,20.25,21.208333333333332,0.39215686274509803,0.351129363449692,0.5660377358490566,0.3636363636363637,0.3824091778202677,0.6875,0.6749999999999999,0.41848739495798315,0.5547533092659446,0.7692307692307692,0.6302158273381295,0.32692307692307687,0.8571428571428572,0.6761744966442953,0.2650602409638555,0.2990196078431373,0.5503963759909399,0.45084145261293185
Christian Colombo,Orthodox,No,No,No,Christian Colombo,0.0,0.0,0.0,0.0,0.3092592592592593,7.611111111111111,3.0,1.3888888888888886,5.944444444444444,5.777777777777778,0.27777777777777773,12.0,26.666666666666668,23.0,38.166666666666664,0.16666666666666666,21.333333333333332,3.9444444444444446,1.3888888888888886,17.5,8.722222222222223,0.4444444444444444,0.0,1.1666666666666667,0.4444444444444444,0.0,2.027777777777778,14.0,1.888888888888889,0.5,6.888888888888889,3.222222222222222,6.277777777777779,16.38888888888889,28.111111111111114,24.444444444444443,38.833333333333336,1.7222222222222223,25.0,2.611111111111111,0.5,14.555555555555557,5.5,8.055555555555555,0.5555555555555555,11.0,0.7222222222222222,0.0,7.666666666666667,2.277777777777778,1.777777777777778,11.722222222222221,14.388888888888891,0.0,0.3567708333333333,0.7605633802816901,0.0,0.33968253968253964,0.6624203821656051,0.6249999999999999,0.44999999999999996,0.6026200873362446,0.32258064516129037,0.43999999999999995,0.276595744680851,-1.3333333333333335,0.5267175572519085,0.41414141414141425,0.22068965517241368,0.4169960474308301,0.37052932761087276
Marcin Held,Orthodox,No,No,No,Marcin Held,0.0,1.0,0.25,0.0,1.9361111111111111,8.083333333333334,0.3333333333333333,0.16666666666666666,5.916666666666667,1.0,1.6666666666666667,8.583333333333334,26.25,17.5,36.833333333333336,1.75,24.916666666666668,1.0,0.3333333333333333,21.5,1.8333333333333333,2.9166666666666665,0.16666666666666666,0.16666666666666666,0.08333333333333333,0.0,1.048611111111111,6.5,1.8333333333333333,0.5833333333333334,5.416666666666667,1.25,2.25,8.916666666666666,20.666666666666668,14.583333333333334,26.916666666666668,0.4166666666666667,17.583333333333332,2.4166666666666665,0.6666666666666666,16.333333333333332,1.5833333333333333,2.75,0.25,11.083333333333334,0.5833333333333334,0.08333333333333333,10.916666666666666,0.3333333333333333,0.5,11.75,12.333333333333334,0.5714285714285714,0.32441471571906355,0.3333333333333333,3.0,0.2751937984496124,0.5454545454545455,0.5714285714285715,0.326984126984127,0.4751131221719457,0.6000000000000001,0.6303317535545023,0.24137931034482762,0.75,0.6683673469387754,0.21052631578947367,0.18181818181818177,0.5685483870967742,0.45820433436532504
Jonathan Wilson,Southpaw,No,No,No,Jonathan Wilson,0.19444444444444442,0.1111111111111111,0.0,0.0,0.2634259259259259,8.888888888888888,2.0277777777777777,1.0277777777777777,9.916666666666666,1.1944444444444444,0.8333333333333334,11.944444444444445,25.305555555555557,12.555555555555555,25.916666666666668,0.1111111111111111,21.88888888888889,2.305555555555556,1.111111111111111,22.5,1.861111111111111,0.9444444444444445,0.1111111111111111,0.16666666666666666,0.3333333333333333,0.1111111111111111,0.7208333333333332,18.11111111111111,5.055555555555556,2.3055555555555554,14.027777777777777,5.722222222222222,5.722222222222221,25.472222222222218,59.055555555555564,30.75,64.77777777777777,0.5277777777777778,49.52777777777778,7.055555555555556,2.472222222222222,42.97222222222222,9.638888888888888,6.4444444444444455,0.3611111111111111,31.416666666666668,2.0,0.16666666666666666,28.944444444444446,3.9166666666666665,0.7222222222222223,33.583333333333336,34.02777777777778,1.0,0.4060913705583756,0.8795180722891565,0.1,0.4407407407407407,0.6417910447761195,0.8823529411764706,0.47200878155872666,0.48445873526259375,0.6842105263157895,0.6343241727425687,0.2834645669291338,0.9325842696629213,0.6735617323852618,0.4063400576368875,0.11206896551724166,0.5686735653809973,0.5253001715265866
Marco Beltran,Orthodox,No,No,No,Marco Beltran,0.06666666666666667,0.2222222222222222,0.06666666666666667,0.06666666666666667,0.5496296296296296,5.911111111111111,2.3333333333333335,2.1333333333333333,6.211111111111111,2.3555555555555556,1.8111111111111111,10.377777777777778,27.900000000000002,16.666666666666668,34.833333333333336,0.3888888888888889,21.555555555555554,3.6222222222222222,2.722222222222222,21.355555555555554,3.255555555555555,3.288888888888889,0.06666666666666667,0.4222222222222222,0.5444444444444444,0.0,1.3846296296296297,6.166666666666667,1.9222222222222225,1.7555555555555555,5.777777777777779,1.5666666666666667,2.5,9.844444444444443,26.355555555555554,15.644444444444444,32.75555555555555,0.8777777777777778,20.544444444444444,3.411111111111111,2.4,20.044444444444448,2.1444444444444444,4.166666666666667,0.45555555555555555,14.377777777777778,1.488888888888889,0.6444444444444445,14.266666666666666,0.5777777777777778,1.6666666666666667,16.51111111111111,17.11111111111111,0.5714285714285714,0.27422680412371137,0.6441717791411044,0.0816326530612245,0.2908428720083247,0.7235494880546076,0.5506756756756757,0.371963361210673,0.4784688995215311,0.5189873417721519,0.6998377501352082,0.4364820846905536,0.8240740740740741,0.7117516629711752,0.26943005181347146,0.4,0.6264755480607083,0.5223880597014925
Pearl Gonzalez,Orthodox,No,No,No,Pearl Gonzalez,0.0,0.3333333333333333,0.16666666666666666,0.0,1.9083333333333332,5.333333333333333,1.1666666666666667,4.166666666666667,9.0,1.5,0.16666666666666666,10.666666666666666,28.333333333333332,22.0,40.333333333333336,3.0,21.333333333333332,1.6666666666666667,5.333333333333333,26.5,1.6666666666666667,0.16666666666666666,0.0,0.3333333333333333,0.5,0.0,1.0527777777777778,11.666666666666666,5.833333333333333,2.0,10.5,8.833333333333334,0.16666666666666666,19.5,45.666666666666664,37.0,66.66666666666667,0.3333333333333333,35.833333333333336,7.666666666666667,2.1666666666666665,35.0,10.5,0.16666666666666666,0.0,24.166666666666668,1.8333333333333333,0.16666666666666666,24.5,1.6666666666666667,0.0,26.166666666666668,29.666666666666668,0.1111111111111111,0.25,0.7000000000000001,0.0625,0.33962264150943394,0.8999999999999999,1.0,0.3764705882352941,0.5454545454545454,0.0,0.6744186046511629,0.23913043478260876,0.8461538461538461,0.7,0.15873015873015872,0.0,0.5729927007299269,0.44500000000000006
Hyun Gyu Lim,Orthodox,No,No,No,Hyun Gyu Lim,0.13571428571428573,0.02857142857142857,0.1,0.0,0.040238095238095226,16.392857142857146,4.292857142857143,1.4142857142857141,20.942857142857143,0.5,0.6571428571428571,22.1,51.68571428571429,22.52857142857143,52.21428571428571,0.02857142857142857,44.17142857142857,5.814285714285714,1.7,50.27142857142857,0.6714285714285715,0.7428571428571429,0.6857142857142857,0.3571428571428571,0.2,0.02857142857142857,1.2014285714285715,12.364285714285714,2.3928571428571432,7.7,19.2,0.4428571428571429,2.814285714285714,22.457142857142856,43.09285714285714,31.32857142857143,52.47142857142857,1.1,29.621428571428574,2.792857142857143,10.678571428571427,38.471428571428575,0.6857142857142857,3.935714285714286,0.7428571428571429,17.257142857142856,0.4,2.9785714285714286,19.271428571428572,0.24285714285714288,1.1214285714285714,20.635714285714286,21.142857142857146,1.0,0.37111901681759385,0.7383292383292384,0.01680672268907563,0.4165956237567491,0.7446808510638298,0.8846153846153846,0.4275843007186291,0.4314637482900137,0.6753246753246753,0.5825898239691343,0.1432225063938618,0.9665551839464883,0.5009283327144449,0.35416666666666663,0.2849364791288568,0.47886623570363007,0.40294037571467456
Henrique da Silva,Orthodox,No,No,No,Henrique da Silva,0.0,0.05555555555555555,0.08333333333333333,0.16666666666666666,0.5768518518518518,7.361111111111112,4.027777777777778,1.1944444444444444,5.388888888888888,4.027777777777778,3.1666666666666665,12.583333333333334,22.555555555555554,17.13888888888889,27.694444444444446,0.2222222222222222,15.833333333333334,4.916666666666667,1.8055555555555554,12.805555555555557,5.583333333333333,4.166666666666667,0.3333333333333333,0.6666666666666666,0.611111111111111,0.0,2.4194444444444443,16.833333333333332,1.8055555555555556,0.5555555555555556,11.027777777777777,2.444444444444444,5.722222222222221,19.194444444444443,31.138888888888886,38.333333333333336,56.361111111111114,0.8055555555555555,28.388888888888886,2.194444444444444,0.5555555555555556,20.72222222222222,3.2777777777777772,7.138888888888888,0.13888888888888887,11.555555555555557,0.3888888888888889,0.0,9.694444444444445,0.8333333333333334,1.4166666666666667,11.944444444444443,18.027777777777775,0.25,0.4649122807017544,0.8192090395480225,0.03076923076923077,0.4208242950108459,0.7213930348258707,0.7599999999999999,0.5578817733990149,0.6188565697091274,0.1724137931034483,0.4070450097847358,0.17721518987341767,-0.19999999999999996,0.467828418230563,0.2542372881355932,0.19844357976653704,0.3835860838537021,0.3198620009857073
Chan-Mi Jeon,Orthodox,No,No,No,Chan-Mi Jeon,0.0,0.0,0.0,0.0,0.00555555555555555,20.0,4.5,6.666666666666667,30.0,0.8333333333333334,0.3333333333333333,31.166666666666668,98.33333333333333,32.0,99.33333333333333,0.0,80.33333333333333,9.5,8.5,95.5,2.5,0.3333333333333333,0.0,0.0,0.0,0.0,0.0,28.5,5.5,4.833333333333333,35.666666666666664,3.1666666666666665,0.0,38.833333333333336,88.16666666666667,39.166666666666664,88.5,0.0,75.5,7.0,5.666666666666667,84.0,4.166666666666667,0.0,0.0,47.0,1.5,0.8333333333333334,48.333333333333336,1.0,0.0,49.333333333333336,49.333333333333336,,0.24896265560165975,0.47368421052631576,0.0,0.31413612565445026,0.33333333333333337,1.0,0.31694915254237294,0.32214765100671144,,0.6225165562913908,0.2142857142857143,1.0,0.5753968253968254,0.2400000000000001,,0.5595463137996219,0.5574387947269304
Takanori Gomi,Southpaw,No,No,No,Takanori Gomi,0.10897435897435898,0.025641025641025644,0.0,0.08333333333333333,0.6075498575498575,12.568376068376068,5.382478632478633,1.2735042735042734,16.655982905982906,2.047008547008547,0.5213675213675214,19.224358974358974,46.46153846153846,25.92094017094017,53.35256410256411,0.16025641025641027,36.37179487179487,8.215811965811966,1.8739316239316242,43.480769230769226,2.378205128205128,0.6025641025641025,0.10256410256410257,0.5128205128205128,0.4038461538461539,0.0,0.5660612535612536,13.083333333333334,3.732905982905983,2.173076923076923,15.886752136752136,1.3162393162393162,1.7863247863247864,18.98931623931624,44.68162393162393,31.121794871794872,57.51495726495727,1.386752136752137,36.918803418803414,5.237179487179487,2.5256410256410255,40.28205128205128,1.7478632478632479,2.6517094017094016,0.8739316239316238,23.83547008547008,1.5042735042735043,0.3525641025641026,24.395299145299145,0.43162393162393164,0.8653846153846154,25.692307692307693,26.393162393162395,0.16,0.3455528140054048,0.6551365409622887,0.013683010262257697,0.38306550690451624,0.8607367475292003,0.8652482269503547,0.4137693156732892,0.4858424446313428,0.6302003081664099,0.6456187058687348,0.28722970216238275,0.7969543147208122,0.6056121366433269,0.24694376528117357,0.3263497179693795,0.5750083688011095,0.45889214994241556
Jason Saggo,Orthodox,No,No,No,Jason Saggo,0.1111111111111111,0.7777777777777778,0.0,0.16666666666666666,1.1907407407407409,6.888888888888889,2.1944444444444446,3.4722222222222228,8.722222222222221,0.5,3.3333333333333335,12.555555555555557,32.138888888888886,20.444444444444446,42.30555555555556,2.027777777777778,22.805555555555557,4.361111111111111,4.972222222222222,26.055555555555554,1.027777777777778,5.055555555555555,0.08333333333333333,0.861111111111111,0.05555555555555555,0.0,1.1287037037037038,11.472222222222221,2.1944444444444446,1.888888888888889,9.5,1.75,4.305555555555555,15.555555555555557,32.47222222222222,24.472222222222218,42.27777777777778,1.1111111111111112,27.0,2.8333333333333335,2.638888888888889,22.88888888888889,2.777777777777778,6.8055555555555545,0.25,15.527777777777777,0.6388888888888888,0.75,13.388888888888891,1.027777777777778,2.5,16.916666666666668,17.805555555555557,0.38356164383561636,0.3020706455542022,0.5031847133757963,0.1564245810055866,0.3347547974413646,0.4864864864864864,0.6593406593406594,0.39066551426102,0.4832567301378858,0.2250000000000001,0.5751028806584362,0.22549019607843135,0.6736842105263159,0.5849514563106797,0.3700000000000001,0.36734693877551017,0.5209580838323353,0.421156373193167
Azunna Anyanwu,Orthodox,No,No,No,Azunna Anyanwu,0.0,0.0,0.0,0.0,0.0,9.333333333333334,3.0,0.0,12.0,0.3333333333333333,0.0,12.333333333333334,28.0,12.333333333333334,28.0,0.0,20.0,8.0,0.0,27.333333333333332,0.6666666666666666,0.0,0.0,0.0,0.0,0.0,0.0,11.666666666666666,0.3333333333333333,0.0,12.0,0.0,0.0,12.0,42.0,12.0,42.0,0.0,41.333333333333336,0.6666666666666666,0.0,42.0,0.0,0.0,0.0,29.666666666666668,0.3333333333333333,0.0,30.0,0.0,0.0,30.0,30.0,,0.4666666666666667,0.375,,0.43902439024390244,0.5,,0.4404761904761905,0.4404761904761905,,0.717741935483871,0.5,,0.7142857142857143,,,0.7142857142857143,0.7142857142857143
Adriano Martins,Southpaw,No,No,No,Adriano Martins,0.09523809523809523,0.3531746031746032,0.13095238095238096,0.0,0.4611111111111111,3.5912698412698414,0.8571428571428571,2.98015873015873,6.988095238095238,0.0,0.44047619047619047,7.428571428571428,16.55952380952381,9.408730158730158,18.746031746031747,0.4365079365079365,11.86904761904762,1.3055555555555556,3.384920634920635,15.722222222222223,0.14285714285714285,0.6944444444444445,0.15873015873015872,0.047619047619047616,0.0,0.0,0.021164021164021145,2.793650793650794,2.496031746031746,2.0595238095238098,6.996031746031746,0.13095238095238096,0.2222222222222222,7.349206349206349,22.876984126984127,7.507936507936509,23.03571428571429,0.5595238095238095,14.976190476190476,4.638888888888888,3.2619047619047614,22.357142857142858,0.2976190476190476,0.2222222222222222,0.5119047619047619,12.182539682539684,2.142857142857143,1.2023809523809523,15.361111111111112,0.16666666666666666,0.0,15.527777777777779,15.527777777777779,0.8090909090909091,0.3025743898361752,0.6565349544072948,0.10433763188745604,0.4444724886420999,0.0,0.6342857142857142,0.44859813084112143,0.5019051651143098,0.9148936170212766,0.8134605193428723,0.46193327630453374,0.9854014598540146,0.6870784522541711,0.56,0.0,0.6787510841283608,0.674074074074074
Mitch Clarke,Orthodox,No,No,No,Mitch Clarke,0.0,0.15079365079365079,0.10317460317460318,0.15873015873015872,0.6511904761904761,6.73015873015873,2.3412698412698414,2.9682539682539684,9.380952380952381,2.214285714285714,0.4444444444444444,12.03968253968254,32.38095238095238,21.30952380952381,42.84126984126984,1.3174603174603174,23.492063492063494,3.857142857142857,5.031746031746032,27.912698412698415,3.142857142857143,1.3253968253968254,0.21428571428571427,0.8095238095238096,0.2619047619047619,0.20634920634920637,1.761111111111111,12.03968253968254,2.285714285714286,0.7301587301587302,8.69047619047619,2.6904761904761902,3.6746031746031753,15.055555555555557,29.682539682539684,24.80952380952381,40.547619047619044,1.5793650793650793,25.761904761904763,3.134920634920635,0.7857142857142857,21.103174603174605,3.658730158730158,4.920634920634921,0.7698412698412698,13.722222222222223,0.8492063492063492,0.05555555555555555,12.412698412698413,0.9682539682539683,1.246031746031746,14.626984126984127,15.738095238095239,0.1144578313253012,0.28648648648648645,0.6069958847736626,0.029968454258675076,0.336081887972704,0.7045454545454545,0.33532934131736525,0.3718137254901961,0.49740644683216007,0.48743718592964813,0.5326555760936538,0.270886075949367,-0.030303030303030498,0.5881910492666417,0.26464208242950105,0.25322580645161286,0.4927807486631016,0.38813857897827353
Abdul-Kerim Edilov,Orthodox,No,No,No,Abdul-Kerim Edilov,0.0,1.0,0.5,0.0,2.7583333333333333,29.5,8.0,1.0,4.5,3.0,31.0,38.5,62.5,75.0,105.0,1.0,52.5,8.5,1.5,11.0,6.0,45.5,0.0,0.0,0.0,0.0,0.0,0.5,0.0,0.0,0.5,0.0,0.0,0.5,6.5,3.5,10.5,0.0,6.0,0.5,0.0,5.5,0.5,0.5,0.0,5.5,0.5,0.0,5.0,0.5,0.5,6.0,7.0,1.0,0.5619047619047619,0.9411764705882353,0.6666666666666666,0.4090909090909091,0.5,0.6813186813186813,0.616,0.7142857142857143,,0.9166666666666666,1.0,,0.9090909090909091,1.0,1.0,0.9230769230769231,0.6666666666666667
Bojan Mihajlovic,Orthodox,No,No,No,Bojan Mihajlovic,0.0,0.0,0.0,0.0,0.17777777777777778,1.0,1.5555555555555554,1.611111111111111,3.1666666666666665,1.0,0.0,4.166666666666667,12.444444444444445,5.944444444444444,14.777777777777779,0.1111111111111111,7.444444444444444,2.6666666666666665,2.3333333333333335,10.722222222222223,1.6111111111111114,0.1111111111111111,0.3333333333333333,0.27777777777777773,0.16666666666666666,0.0,1.6962962962962962,12.666666666666666,5.5,0.7222222222222222,4.944444444444444,4.166666666666667,9.777777777777777,18.88888888888889,35.166666666666664,45.22222222222222,64.27777777777777,0.611111111111111,27.611111111111114,5.944444444444444,1.611111111111111,13.833333333333334,6.055555555555556,15.277777777777777,0.3333333333333333,14.944444444444443,0.4444444444444444,0.8888888888888888,8.888888888888888,1.8888888888888886,5.5,16.277777777777775,19.055555555555557,0.0,0.13432835820895522,0.5833333333333333,0.0,0.2953367875647668,0.6206896551724137,0.0,0.3348214285714286,0.4022556390977443,0.5454545454545454,0.5412474849094568,0.07476635514018681,0.8275862068965517,0.642570281124498,0.3119266055045872,0.36,0.46287519747235384,0.2964563526361279
Andrew Holbrook,Southpaw,No,No,No,Andrew Holbrook,0.0,0.13333333333333333,0.7333333333333334,0.16666666666666666,0.7611111111111111,4.733333333333333,2.1333333333333333,0.7333333333333334,3.3333333333333335,2.8000000000000003,1.4666666666666668,7.6000000000000005,15.433333333333332,20.366666666666667,29.566666666666666,0.7333333333333334,11.566666666666668,2.9,0.9666666666666667,9.533333333333333,4.2,1.7,0.19999999999999998,1.3,0.0,0.0,2.053888888888889,8.066666666666666,1.4333333333333333,0.26666666666666666,4.8,2.9,2.066666666666667,9.766666666666667,22.8,17.666666666666668,32.43333333333333,1.3666666666666665,20.166666666666668,2.2333333333333334,0.39999999999999997,13.6,5.266666666666667,3.9333333333333336,0.06666666666666667,12.1,0.7999999999999999,0.13333333333333333,8.799999999999999,2.3666666666666667,1.8666666666666665,13.033333333333333,14.766666666666666,0.1818181818181818,0.40922190201729103,0.735632183908046,0.13793103448275862,0.3496503496503497,0.6666666666666667,0.8627450980392157,0.49244060475161994,0.6888387824126269,0.04878048780487787,0.6000000000000001,0.35820895522388063,-2.2500000000000004,0.6470588235294117,0.449367088607595,0.47457627118644063,0.5716374269005848,0.45529290853031856
Hector Sandoval,Orthodox,No,No,No,Hector Sandoval,0.0,0.6666666666666666,0.6666666666666666,0.08333333333333333,0.7791666666666667,5.083333333333333,3.5833333333333335,1.75,5.583333333333333,4.0,0.8333333333333334,10.416666666666666,22.083333333333332,15.083333333333334,26.75,2.9166666666666665,15.416666666666666,4.75,1.9166666666666667,13.333333333333334,7.416666666666667,1.3333333333333333,0.08333333333333333,0.3333333333333333,0.16666666666666666,0.0,0.12916666666666662,2.9166666666666665,2.6666666666666665,2.5833333333333335,6.166666666666667,1.6666666666666667,0.3333333333333333,8.166666666666666,27.083333333333332,9.75,28.833333333333332,2.4166666666666665,19.166666666666668,4.583333333333333,3.3333333333333335,24.0,2.6666666666666665,0.4166666666666667,2.0833333333333335,16.25,1.9166666666666667,0.75,17.833333333333332,1.0,0.08333333333333333,18.916666666666668,19.083333333333332,0.22857142857142856,0.32972972972972975,0.7543859649122807,0.34782608695652173,0.41874999999999996,0.5393258426966292,0.6250000000000001,0.4716981132075472,0.5638629283489097,0.8620689655172413,0.8478260869565217,0.4181818181818182,0.9,0.7430555555555556,0.3749999999999999,0.20000000000000007,0.6984615384615385,0.6618497109826589
Damian Grabowski,Orthodox,No,No,No,Damian Grabowski,0.0,0.0,0.0,0.0,0.005555555555555533,11.777777777777777,3.6666666666666665,4.111111111111111,16.0,3.444444444444444,0.1111111111111111,19.555555555555557,50.666666666666664,20.0,51.444444444444436,1.7777777777777777,40.55555555555556,4.333333333333333,5.777777777777779,45.333333333333336,5.111111111111111,0.2222222222222222,0.1111111111111111,0.1111111111111111,0.0,0.0,0.2907407407407407,18.88888888888889,6.111111111111112,7.4444444444444455,25.888888888888886,5.111111111111112,1.4444444444444444,32.44444444444444,65.11111111111111,33.11111111111111,66.0,0.1111111111111111,48.888888888888886,7.5555555555555545,8.666666666666666,55.666666666666664,6.5555555555555545,2.888888888888889,0.0,30.0,1.4444444444444446,1.222222222222222,29.777777777777782,1.4444444444444444,1.4444444444444444,32.666666666666664,32.88888888888889,0.0,0.29041095890410956,0.8461538461538461,0.0,0.3529411764705882,0.6739130434782609,0.5,0.3859649122807018,0.388768898488121,0.0,0.6136363636363635,0.19117647058823506,0.9871794871794872,0.5349301397205589,0.2203389830508472,0.5,0.5017064846416383,0.4983164983164984
Chris Wade,Orthodox,No,No,No,Chris Wade,0.06666666666666667,0.780952380952381,0.3428571428571428,0.5142857142857142,2.0833333333333335,3.8095238095238098,1.6476190476190478,2.419047619047619,4.266666666666667,2.1809523809523808,1.4285714285714286,7.876190476190476,14.857142857142856,21.35238095238095,30.542857142857144,1.5714285714285714,9.123809523809523,2.752380952380952,2.980952380952381,9.961904761904762,2.657142857142857,2.238095238095238,0.0,0.7714285714285714,0.09523809523809523,0.26666666666666666,1.5544444444444443,4.6571428571428575,2.0095238095238095,1.8,4.0,1.8095238095238095,2.657142857142857,8.466666666666667,17.64761904761905,16.58095238095238,28.495238095238093,1.6666666666666667,12.647619047619047,2.923809523809524,2.0761904761904764,12.047619047619046,2.7428571428571424,2.857142857142857,0.8952380952380953,7.9904761904761905,0.9142857142857143,0.27619047619047615,8.047619047619047,0.9333333333333332,0.19999999999999998,9.180952380952382,11.914285714285716,0.496969696969697,0.41753653444676414,0.5986159169550175,0.26198083067092653,0.4282982791586998,0.8207885304659498,0.6382978723404256,0.5301282051282051,0.6990957280947926,0.5371428571428571,0.6317771084337349,0.3127035830618893,0.6284403669724772,0.6679841897233201,0.3402777777777777,0.07000000000000006,0.5202374527792768,0.4181149732620322
Frankie Perez,Orthodox,No,No,No,Frankie Perez,0.08333333333333333,0.47222222222222215,0.1111111111111111,0.0,0.7384259259259259,2.638888888888889,1.5833333333333333,2.5833333333333335,4.305555555555555,0.4166666666666667,2.0833333333333335,6.805555555555556,16.97222222222222,11.805555555555555,22.61111111111111,1.1944444444444444,11.277777777777777,2.6666666666666665,3.027777777777778,13.416666666666666,0.8888888888888888,2.6666666666666665,0.0,1.222222222222222,0.19444444444444442,0.1111111111111111,2.260185185185185,6.25,2.0,1.0277777777777777,4.083333333333333,0.27777777777777773,4.916666666666667,9.277777777777777,20.305555555555557,17.305555555555557,30.027777777777782,2.5555555555555554,15.583333333333334,2.777777777777778,1.9444444444444444,12.722222222222221,0.27777777777777773,7.3055555555555545,1.3333333333333333,9.333333333333334,0.7777777777777777,0.9166666666666666,8.63888888888889,0.0,2.388888888888889,11.027777777777779,12.722222222222223,0.39534883720930225,0.23399014778325125,0.59375,0.15596330275229353,0.32091097308488614,0.46875000000000006,0.7812500000000001,0.4009819967266776,0.5221130221130221,0.5217391304347826,0.5989304812834224,0.28000000000000014,0.37142857142857144,0.6790393013100438,0.0,0.3269961977186311,0.543091655266758,0.42368177613321
Rafael Natal,Orthodox,No,No,No,Rafael Natal,0.11064425770308123,0.8069381598793363,0.1716224951519069,0.0196078431372549,1.2374380521439345,8.802951950010772,2.085757379875027,4.082633053221289,9.6519069166128,1.8411980176686058,3.478237448825684,14.97134238310709,31.09222150398621,24.24531351001939,41.55796164619694,2.3981900452488687,22.306614953673776,3.8269769446240036,4.958629605688429,23.482115923292394,2.585972850678733,5.024132730015083,0.12788192199956905,0.18153415212238744,0.0392156862745098,0.14565826330532214,0.725745169862817,7.2826976944624,1.6830424477483301,3.100193923723335,8.435574229691875,1.3629605688429216,2.2673992673992673,12.065934065934066,28.098146951088125,17.156970480499893,33.673130790777854,0.823529411764706,21.57810816634346,2.6825037707390647,3.8375350140056024,22.931911226028873,2.1020254255548374,3.064210299504417,0.6419952596423185,14.29541047188106,0.9994613229907348,0.7373410902822668,14.496336996336998,0.7390648567119156,0.7968110321051497,16.032212885154063,16.516160310277957,0.33647798742138363,0.3946341463414634,0.5450143572997016,0.16273410680919478,0.41103224888856266,0.7119943340415781,0.6923060428013895,0.48151407840664184,0.5834095934837106,0.7795656724228153,0.6624960057517175,0.37258524438732477,0.9526951151038743,0.6321469176054949,0.35159653528778645,0.2600379720132199,0.5705790105326927,0.490484844218919
Neil Seery,Orthodox,No,No,No,Neil Seery,0.09523809523809523,0.24603174603174602,0.48412698412698413,0.14285714285714285,0.32486772486772486,14.634920634920634,1.142857142857143,1.4206349206349207,12.984126984126982,2.1587301587301586,2.055555555555556,17.1984126984127,41.82539682539683,25.23015873015873,50.46031746031746,0.8968253968253969,37.333333333333336,2.4047619047619047,2.0873015873015874,35.198412698412696,3.5952380952380953,3.0317460317460316,0.14285714285714285,1.2301587301587302,0.35714285714285715,0.047619047619047616,1.930820105820106,10.722222222222221,4.5476190476190474,2.8333333333333335,12.42063492063492,3.9285714285714284,1.753968253968254,18.103174603174605,44.404761904761905,23.61904761904762,50.53174603174603,2.634920634920635,35.095238095238095,6.238095238095238,3.0714285714285716,35.142857142857146,5.309523809523809,3.9523809523809526,1.4047619047619049,24.373015873015873,1.6904761904761905,0.23809523809523805,22.722222222222225,1.3809523809523812,2.198412698412698,26.3015873015873,26.912698412698415,0.2743362831858407,0.3920068027210884,0.47524752475247534,0.11787072243346006,0.3688838782412627,0.6004415011037527,0.6780104712041886,0.4111954459203036,0.5,0.5331325301204819,0.6944821347806422,0.2709923664122138,0.599483204134367,0.6465672990063235,0.2600896860986547,0.5562248995983936,0.5923145665773011,0.5325899167582848
Charlie Ward,Orthodox,No,No,No,Charlie Ward,0.0,0.0,0.0,0.0,0.06666666666666665,2.0,0.5,0.0,2.0,0.5,0.0,2.5,13.0,3.0,14.0,0.5,11.5,1.0,0.5,11.0,2.0,0.0,1.5,0.5,0.0,0.0,0.0833333333333333,9.0,1.0,1.0,7.5,1.0,2.5,11.0,23.5,11.0,23.5,0.5,20.0,2.0,1.5,18.5,1.0,4.0,0.0,11.0,1.0,0.5,11.0,0.0,1.5,12.5,12.5,0.0,0.17391304347826086,0.5,0.0,0.18181818181818182,0.25,,0.19230769230769232,0.21428571428571427,0.0,0.55,0.5,0.6666666666666667,0.5945945945945945,0.0,0.375,0.5319148936170213,0.5319148936170213
James Mulheron,Orthodox,No,No,No,James Mulheron,0.0,0.0,0.0,0.0,0.2222222222222222,5.0,6.0,1.0,10.0,2.0,0.0,12.0,38.0,18.666666666666668,45.333333333333336,0.0,28.333333333333332,8.333333333333334,1.3333333333333333,34.666666666666664,3.3333333333333335,0.0,0.0,1.0,0.0,0.0,1.1333333333333335,13.333333333333334,2.3333333333333335,1.6666666666666667,13.333333333333334,0.6666666666666666,3.3333333333333335,17.333333333333332,30.333333333333332,24.0,38.0,1.3333333333333333,24.333333333333332,3.6666666666666665,2.3333333333333335,25.666666666666668,1.0,3.6666666666666665,0.3333333333333333,11.0,1.3333333333333333,0.6666666666666666,12.333333333333334,0.3333333333333333,0.3333333333333333,13.0,14.0,,0.17647058823529413,0.72,0.0,0.2884615384615385,0.6,,0.3157894736842105,0.4117647058823529,0.25,0.45205479452054786,0.36363636363636354,0.5714285714285714,0.48051948051948057,0.33333333333333337,0.09090909090909083,0.4285714285714286,0.368421052631579
Leslie Smith,Orthodox,No,No,No,Leslie Smith,0.09523809523809523,0.0,0.0,0.0,0.2294179894179894,22.847619047619048,4.936507936507937,3.793650793650794,23.84126984126984,7.403174603174603,0.3333333333333333,31.57777777777778,78.55555555555556,34.92063492063492,82.3047619047619,0.3841269841269841,66.39999999999999,7.714285714285714,4.441269841269841,66.78412698412698,10.898412698412699,0.873015873015873,0.047619047619047616,0.5142857142857143,0.06666666666666667,0.0,0.7383597883597884,22.65714285714286,5.7555555555555555,6.422222222222222,25.209523809523812,8.466666666666667,1.1587301587301588,34.834920634920636,70.58095238095238,39.84761904761905,76.13333333333334,1.219047619047619,55.92698412698413,7.48888888888889,7.165079365079365,58.047619047619044,11.009523809523808,1.5238095238095237,0.7047619047619048,33.26984126984127,1.7333333333333334,0.7428571428571429,32.83809523809524,2.542857142857143,0.36507936507936506,35.74603174603175,36.285714285714285,0.0,0.34409064830751585,0.6399176954732511,0.0,0.356990065123354,0.6792892513836294,0.3818181818181818,0.401980198019802,0.42428450204427987,0.5781249999999999,0.5948799455071806,0.2314540059347182,0.9282233052724855,0.565709598031173,0.2309688581314877,0.23958333333333326,0.5064543696307291,0.4766074555916938
Daniel Omielanczuk,Southpaw,No,No,No,Daniel Omielanczuk,0.08465608465608465,0.1726190476190476,0.041666666666666664,0.08928571428571429,0.5244047619047619,7.102513227513228,3.806878306878307,2.9166666666666665,8.156746031746032,4.440476190476191,1.2288359788359788,13.826058201058201,24.103835978835978,23.817460317460316,34.62103174603175,0.6256613756613757,16.214947089947092,4.693121693121693,3.195767195767196,17.153439153439155,5.476190476190477,1.474206349206349,0.0,0.5363756613756614,0.125,0.041666666666666664,2.425628306878307,6.999338624338624,5.908068783068782,1.8551587301587302,5.3009259259259265,5.358465608465608,4.103174603174604,14.762566137566138,28.08862433862434,26.554232804232807,41.55886243386243,1.71494708994709,18.816137566137566,6.926587301587301,2.345899470899471,16.563492063492063,6.699735449735449,4.825396825396825,1.1785714285714286,11.816798941798941,1.0185185185185184,0.49074074074074076,11.262566137566138,1.3412698412698412,0.7222222222222223,13.326058201058201,15.004629629629628,0.27589852008456656,0.4380225965656483,0.8111612175873733,0.05401490066225165,0.4755166563849475,0.8108695652173912,0.8335576491700315,0.5736040609137056,0.6879477333944638,0.6872348630929426,0.6280140597539543,0.14704478181991798,0.7713560755568085,0.6799632646542085,0.20019743336623885,0.14967105263157876,0.474429008712032,0.361045244044114
Travis Browne,Orthodox,No,No,No,Travis Browne,0.07058823529411765,0.28134453781512603,0.023529411764705882,0.0,0.5061624649859944,7.292773109243697,2.8084033613445376,2.208067226890756,9.173781512605043,1.0184873949579831,2.1169747899159668,12.309243697478992,33.57579831932773,13.860504201680673,35.26621848739496,0.4302521008403361,25.928067226890754,4.511596638655462,3.136134453781513,29.075630252100837,1.2947899159663865,3.205378151260504,0.12268907563025211,0.11596638655462184,0.11563025210084033,0.011764705882352941,0.5225714285714285,14.456806722689075,2.952605042016807,3.322016806722689,16.918991596638655,2.4981512605042018,1.3142857142857143,20.731428571428573,36.03327731092437,27.031932773109247,43.01714285714286,1.0910924369747899,28.59596638655462,3.7015126050420166,3.7357983193277313,31.152941176470584,3.2752941176470585,1.6050420168067228,0.9751260504201682,14.139159663865547,0.7489075630252101,0.413781512605042,14.233949579831933,0.7771428571428571,0.29075630252100837,15.3018487394958,15.985210084033614,0.65390625,0.28126944617299315,0.6224854716137684,0.08971061093247587,0.3155144508670521,0.7866043613707165,0.6604446308724834,0.36661060387634153,0.3930249625894755,0.8937153419593346,0.4944459464224842,0.2023247366509261,0.9689580709015656,0.45690548122572283,0.2372742200328406,0.18115183246073308,0.4246588121157846,0.37160092517347
Jesse Taylor,Orthodox,No,No,No,Jesse Taylor,0.0,0.75,0.75,0.5,2.1041666666666665,6.25,0.25,0.25,0.5,0.75,5.5,6.75,9.75,19.25,25.25,1.5,9.25,0.25,0.25,1.0,1.0,7.75,0.5,0.0,0.5,0.25,0.3291666666666667,2.0,0.25,0.25,0.5,0.75,1.25,2.5,3.25,4.25,5.0,0.25,2.75,0.25,0.25,1.0,0.75,1.5,0.25,0.75,0.0,0.0,0.5,0.0,0.25,0.75,0.75,0.5,0.6756756756756757,1.0,3.0,0.5,0.75,0.7096774193548387,0.6923076923076923,0.7623762376237624,1.0,0.2727272727272727,0.0,1.0,0.5,0.0,0.16666666666666663,0.23076923076923073,0.15000000000000002
Tom Gallicchio,Southpaw,No,No,No,Tom Gallicchio,0.0,0.3333333333333333,0.0,0.0,0.3333333333333333,8.0,5.666666666666667,4.0,17.0,0.6666666666666666,0.0,17.666666666666668,66.66666666666667,19.0,68.0,3.0,52.666666666666664,10.0,4.0,65.33333333333333,1.3333333333333333,0.0,0.0,0.0,0.0,0.0,0.049999999999999996,34.0,1.0,0.3333333333333333,35.0,0.3333333333333333,0.0,35.333333333333336,62.666666666666664,37.666666666666664,67.0,0.0,61.0,1.3333333333333333,0.3333333333333333,61.666666666666664,1.0,0.0,0.0,27.0,0.3333333333333333,0.0,26.666666666666668,0.6666666666666666,0.0,27.333333333333332,29.333333333333332,0.1111111111111111,0.1518987341772152,0.5666666666666667,0.08333333333333333,0.2602040816326531,0.5,,0.265,0.27941176470588236,,0.4426229508196722,0.25,1.0,0.43243243243243246,0.6666666666666667,,0.43617021276595735,0.43781094527363185
Nick Roehrick,Orthodox,No,No,No,Nick Roehrick,0.0,0.0,0.0,0.0,0.07777777777777777,7.333333333333333,2.0,0.0,8.333333333333334,1.0,0.0,9.333333333333334,53.333333333333336,9.666666666666666,53.666666666666664,0.0,47.0,6.333333333333333,0.0,50.666666666666664,2.6666666666666665,0.0,0.0,0.3333333333333333,0.0,0.0,0.18888888888888886,25.0,1.6666666666666667,1.3333333333333333,19.0,6.0,3.0,28.0,50.0,28.666666666666668,50.666666666666664,0.3333333333333333,46.666666666666664,2.0,1.3333333333333333,39.333333333333336,7.666666666666667,3.0,0.0,21.666666666666668,0.3333333333333333,0.0,20.333333333333332,1.6666666666666667,0.0,22.0,22.0,,0.15602836879432624,0.31578947368421056,,0.16447368421052633,0.375,,0.17500000000000002,0.18012422360248448,0.0,0.4642857142857143,0.16666666666666663,0.75,0.5169491525423728,0.21739130434782616,0.0,0.43999999999999995,0.4342105263157894
Johnny Case,Orthodox,No,No,No,Johnny Case,0.1111111111111111,0.5222222222222223,0.05555555555555555,0.17777777777777778,1.1203703703703705,10.966666666666667,4.0,3.233333333333334,13.488888888888889,1.1333333333333333,3.5777777777777775,18.2,46.91111111111112,22.96666666666667,52.82222222222222,1.2000000000000002,36.1,6.488888888888888,4.322222222222222,39.82222222222222,1.9333333333333333,5.155555555555556,0.0,0.35555555555555557,0.25555555555555554,0.05555555555555555,0.6787037037037037,7.733333333333333,1.4222222222222223,3.244444444444445,11.177777777777777,0.7444444444444445,0.4777777777777778,12.4,32.233333333333334,15.588888888888889,35.77777777777778,1.2555555555555555,25.78888888888889,2.755555555555555,3.6888888888888887,30.222222222222225,1.3444444444444443,0.6666666666666666,0.9,18.055555555555557,1.3333333333333333,0.4444444444444444,19.044444444444444,0.6,0.18888888888888888,19.833333333333332,20.188888888888886,0.4351851851851852,0.30378578024007385,0.6164383561643837,0.12082262210796917,0.33872767857142855,0.5862068965517241,0.6939655172413792,0.38796778777830404,0.4347917543121582,0.7168141592920354,0.7001292546316243,0.4838709677419354,0.9036144578313253,0.6301470588235294,0.44628099173553715,0.2833333333333332,0.6153050672182006,0.5642857142857143
Dennis Siver,Orthodox,No,No,No,Dennis Siver,0.13576007326007325,0.26526251526251526,0.08913308913308914,0.10401404151404152,0.7984546703296703,9.898275335775336,2.3590506715506714,5.135149572649573,14.76717032967033,0.8385225885225885,1.7867826617826619,17.39247557997558,53.58821733821734,33.02052808302808,71.97916666666667,0.7921245421245421,41.8404304029304,4.571581196581197,7.176205738705739,48.64728327228327,2.3147130647130645,2.626221001221001,0.14667277167277168,0.43147130647130644,0.19299450549450547,0.1346153846153846,0.8058684371184371,7.540979853479854,1.9399420024420024,2.526556776556777,9.491224053724054,0.8207417582417582,1.6955128205128205,12.007478632478632,34.10760073260073,15.25770757020757,38.01495726495727,1.2416819291819292,26.709020146520146,3.312652625152625,4.085927960927961,29.468406593406595,1.423458485958486,3.215735653235653,0.8102106227106227,19.168040293040292,1.3727106227106225,1.5593711843711844,19.97718253968254,0.6027167277167277,1.5202228327228327,22.100122100122103,22.757249694749692,0.3348747591522158,0.23657202472472857,0.516025105999399,0.03696417367631889,0.30355590973122043,0.3622576816563366,0.6803626431103621,0.32455783087921164,0.4587511861028503,0.6525106016839777,0.7176616808811553,0.4143841138934322,0.8944006574278137,0.6779186542156757,0.4234171446952233,0.4727449630983175,0.6479529965588684,0.5986393601901443
Joachim Christensen,Orthodox,No,No,No,Joachim Christensen,0.5,0.0,0.0,0.0,1.3263888888888888,9.75,3.5,0.8333333333333334,6.5,4.583333333333333,3.0,14.083333333333334,31.166666666666668,36.333333333333336,55.5,0.4166666666666667,25.583333333333332,4.0,1.5833333333333333,20.0,6.416666666666667,4.75,0.08333333333333333,0.08333333333333333,0.25,0.16666666666666666,0.6972222222222223,3.75,4.333333333333333,1.8333333333333333,5.833333333333333,3.0,1.0833333333333333,9.916666666666666,20.083333333333332,12.333333333333334,23.0,0.08333333333333333,12.0,5.666666666666667,2.4166666666666665,14.333333333333334,4.0,1.75,0.0,8.25,1.3333333333333333,0.5833333333333334,8.5,1.0,0.6666666666666666,10.166666666666666,10.666666666666666,0.0,0.3811074918566775,0.875,0.0,0.325,0.7142857142857142,0.631578947368421,0.45187165775401067,0.6546546546546547,0.0,0.6875,0.23529411764705888,0.9655172413793104,0.5930232558139535,0.25,0.38095238095238104,0.5062240663900415,0.46376811594202894
Josh Stansbury,Orthodox,No,No,No,Josh Stansbury,0.0,0.0,0.2222222222222222,0.0,1.921296296296296,10.38888888888889,2.111111111111111,2.0555555555555554,8.944444444444445,3.111111111111111,2.5,14.555555555555555,26.444444444444443,36.833333333333336,49.55555555555555,0.7222222222222222,21.555555555555557,2.8333333333333335,2.0555555555555554,18.666666666666668,4.0,3.777777777777778,0.1111111111111111,0.1111111111111111,0.0,0.0,0.6694444444444444,10.111111111111112,3.1666666666666665,2.277777777777778,12.166666666666666,2.5,0.8888888888888888,15.555555555555557,34.5,26.166666666666668,46.0,1.222222222222222,27.055555555555557,4.777777777777778,2.6666666666666665,28.38888888888889,4.277777777777778,1.8333333333333333,1.111111111111111,16.944444444444443,1.6111111111111114,0.38888888888888884,16.222222222222225,1.777777777777778,0.9444444444444445,18.944444444444443,19.833333333333332,0.0,0.48195876288659795,0.7450980392156863,0.0,0.47916666666666663,0.7777777777777778,0.6617647058823529,0.5504201680672269,0.743273542600897,0.9090909090909091,0.6262833675564681,0.33720930232558144,0.9583333333333334,0.5714285714285714,0.4155844155844156,0.5151515151515151,0.5491143317230274,0.4311594202898551
Dong Hyun Kim,Southpaw,No,No,No,Dong Hyun Kim,0.09177859177859178,0.8890923890923892,0.17297517297517295,0.04945054945054945,2.184459367792701,7.202279202279203,0.9674399674399674,1.1603581603581603,3.4566544566544564,1.754171754171754,4.1192511192511185,9.33007733007733,19.23931623931624,25.020960520960518,36.20533170533171,1.9745624745624744,16.48840048840049,1.2525437525437526,1.4983719983719983,10.500407000407,2.225274725274725,6.513634513634514,0.037037037037037035,0.3715913715913716,0.10317460317460318,0.042328042328042326,0.8568952652285985,4.251729751729751,2.475783475783476,1.8174603174603174,4.560439560439561,3.2682132682132683,0.7163207163207163,8.544973544973546,20.506105006105006,15.15974765974766,27.776760276760275,1.3203093203093204,14.30993080993081,3.7297517297517295,2.466422466422466,14.526862026862027,4.9259259259259265,1.0533170533170533,0.9487179487179488,10.058201058201059,1.253968253968254,0.648962148962149,9.966422466422467,1.6577126577126577,0.33699633699633696,11.96113146113146,12.617012617012618,0.45027311140884274,0.4368088467614534,0.7723801787164906,0.593372266739101,0.32919242620981026,0.7882944673068131,0.6324043989002748,0.4849484885024645,0.6910849684958377,0.718557336621455,0.7028825779661259,0.3362068965517241,0.8493399339933994,0.6860685017860895,0.33652813352061484,0.31993817619783615,0.5832961187690414,0.45422909264075606
Kwan Ho Kwak,Switch,No,No,No,Kwan Ho Kwak,0.0,0.16666666666666666,0.0,0.0,0.08333333333333333,12.166666666666666,3.5,2.1666666666666665,15.0,2.8333333333333335,0.0,17.833333333333332,43.333333333333336,19.833333333333332,45.333333333333336,0.16666666666666666,35.166666666666664,5.333333333333333,2.8333333333333335,39.333333333333336,3.8333333333333335,0.16666666666666666,0.16666666666666666,2.5,0.0,0.0,2.6277777777777778,15.5,1.0,0.8333333333333334,10.333333333333334,0.16666666666666666,6.833333333333333,17.333333333333332,31.166666666666668,41.166666666666664,58.5,3.6666666666666665,27.833333333333332,2.3333333333333335,1.0,22.0,0.5,8.666666666666666,1.1666666666666667,12.333333333333334,1.3333333333333333,0.16666666666666666,11.666666666666666,0.3333333333333333,1.8333333333333333,13.833333333333334,17.333333333333332,1.0,0.3459715639810427,0.65625,0.0588235294117647,0.3813559322033898,0.7391304347826088,0.0,0.41153846153846146,0.43749999999999994,0.3181818181818181,0.44311377245508976,0.5714285714285714,-1.5,0.5303030303030303,0.6666666666666667,0.21153846153846156,0.44385026737967925,0.2962962962962964
Tarec Saffiedine,Switch,No,No,No,Tarec Saffiedine,0.4333333333333334,0.13333333333333333,0.2,0.0,1.0461111111111112,10.533333333333333,3.066666666666667,5.9,17.366666666666667,1.7666666666666668,0.3666666666666667,19.5,39.63333333333333,26.9,47.1,0.5666666666666667,28.2,3.5666666666666664,7.866666666666665,36.46666666666667,2.6,0.5666666666666667,0.03333333333333333,0.16666666666666666,0.06666666666666667,0.0,0.5744444444444445,15.766666666666666,6.1,1.1,20.1,2.4,0.4666666666666667,22.966666666666665,51.6,26.0,54.866666666666674,0.8666666666666666,42.233333333333334,8.1,1.2666666666666666,47.63333333333333,3.366666666666667,0.6,0.7,26.46666666666666,2.0,0.16666666666666666,27.53333333333334,0.9666666666666666,0.13333333333333333,28.633333333333333,28.866666666666664,0.23529411764705882,0.3735224586288416,0.8598130841121496,0.016949152542372885,0.47623400365630714,0.6794871794871795,0.6470588235294118,0.4920100925147183,0.5711252653927813,0.8076923076923077,0.6266771902131019,0.24691358024691357,0.868421052631579,0.5780265920223933,0.2871287128712873,0.2222222222222222,0.5549095607235143,0.5261239368165249
Kiichi Kunimoto,Orthodox,No,No,No,Kiichi Kunimoto,0.0,0.5111111111111111,0.06666666666666667,0.1111111111111111,1.8392592592592594,3.733333333333334,1.6666666666666667,2.288888888888889,4.888888888888888,2.022222222222222,0.7777777777777778,7.688888888888889,17.51111111111111,18.022222222222222,30.288888888888888,2.1999999999999997,12.911111111111111,1.8666666666666665,2.733333333333333,13.866666666666667,2.6888888888888887,0.9555555555555556,0.13333333333333333,0.5111111111111111,0.17777777777777778,0.1111111111111111,1.0651851851851852,10.155555555555557,3.6666666666666665,2.6444444444444444,10.022222222222222,3.733333333333334,2.711111111111111,16.466666666666665,27.71111111111111,32.355555555555554,44.77777777777778,0.6888888888888888,19.755555555555556,5.177777777777778,2.777777777777778,19.51111111111111,5.266666666666667,2.933333333333333,0.17777777777777778,9.6,1.511111111111111,0.13333333333333333,9.488888888888889,1.5333333333333334,0.2222222222222222,11.244444444444445,12.422222222222222,0.23232323232323232,0.28915662650602414,0.892857142857143,0.1869918699186992,0.35256410256410253,0.7520661157024794,0.813953488372093,0.4390862944162437,0.59501100513573,0.25806451612903214,0.4859392575928009,0.2918454935622318,0.8160000000000001,0.48633257403189056,0.291139240506329,0.0757575757575758,0.40577385725741777,0.2774193548387097
Dominique Steele,Orthodox,No,No,No,Dominique Steele,0.13333333333333333,0.85,0.0,0.0,1.6311111111111112,7.616666666666667,2.5500000000000003,0.5666666666666667,4.483333333333333,3.716666666666667,2.533333333333333,10.733333333333334,22.05,19.283333333333335,31.183333333333334,2.3833333333333333,17.400000000000002,3.9333333333333336,0.7166666666666667,12.4,6.133333333333333,3.516666666666667,0.06666666666666667,0.3,0.06666666666666667,0.0,0.8705555555555556,7.2,3.5666666666666664,0.75,6.033333333333334,4.6499999999999995,0.8333333333333334,11.516666666666666,23.599999999999998,19.166666666666668,32.0,1.4166666666666667,17.599999999999998,5.016666666666667,0.9833333333333334,15.316666666666668,7.383333333333333,0.9,1.1166666666666667,10.4,1.45,0.2333333333333333,9.283333333333333,2.733333333333333,0.06666666666666667,12.083333333333334,12.833333333333334,0.3566433566433566,0.43773946360153254,0.6483050847457628,1.1860465116279069,0.36155913978494625,0.6059782608695653,0.7203791469194312,0.4867724867724868,0.6183858898984501,0.7882352941176471,0.5909090909090908,0.28903654485049834,0.6949152542372882,0.6060935799782372,0.3702031602708804,0.07407407407407407,0.512005649717514,0.40104166666666663
Jim Wallhead,Orthodox,No,No,No,Jim Wallhead,0.3333333333333333,0.0,0.0,0.0,0.18333333333333335,11.666666666666666,2.1666666666666665,3.0,15.833333333333334,0.3333333333333333,0.6666666666666666,16.833333333333332,61.0,18.833333333333332,63.333333333333336,0.3333333333333333,53.0,4.166666666666667,3.8333333333333335,58.666666666666664,0.6666666666666666,1.6666666666666667,0.16666666666666666,0.0,0.16666666666666666,0.0,0.11111111111111106,24.666666666666668,2.8333333333333335,5.5,30.166666666666668,2.3333333333333335,0.5,33.0,68.5,33.5,69.0,1.3333333333333333,55.666666666666664,6.333333333333333,6.5,64.66666666666667,3.3333333333333335,0.5,1.3333333333333333,31.0,3.5,1.0,34.5,1.0,0.0,35.5,35.5,0.0,0.220125786163522,0.5199999999999999,0.0,0.26988636363636365,0.5,0.39999999999999997,0.27595628415300544,0.29736842105263156,1.0,0.5568862275449101,0.5526315789473684,1.0,0.5335051546391752,0.29999999999999993,0.0,0.5182481751824817,0.5144927536231885
Alex Nicholson,Orthodox,No,No,No,Alex Nicholson,0.08333333333333333,0.0,0.08333333333333333,0.0,0.0013888888888888833,12.25,3.4166666666666665,3.1666666666666665,18.083333333333332,0.5,0.25,18.833333333333332,41.666666666666664,19.166666666666668,42.0,0.0,33.5,4.583333333333333,3.5833333333333335,40.25,1.1666666666666667,0.25,0.08333333333333333,0.5,0.25,0.0,0.7208333333333333,12.833333333333334,3.3333333333333335,2.9166666666666665,15.333333333333334,1.4166666666666667,2.3333333333333335,19.083333333333332,39.666666666666664,26.916666666666668,49.083333333333336,1.1666666666666667,31.666666666666668,4.333333333333333,3.6666666666666665,34.333333333333336,2.5,2.8333333333333335,0.6666666666666666,18.833333333333332,1.0,0.75,19.0,1.0833333333333333,0.5,20.583333333333332,22.166666666666668,,0.3656716417910448,0.7454545454545455,0.0,0.4492753623188406,0.42857142857142855,1.0,0.452,0.4563492063492064,0.5714285714285714,0.5947368421052632,0.23076923076923073,0.8636363636363636,0.5533980582524272,0.43333333333333335,0.17647058823529416,0.51890756302521,0.4516129032258065
Nicholas Musoke,Orthodox,No,No,No,Nicholas Musoke,0.0,0.35555555555555557,0.05555555555555555,0.0,1.5696296296296295,12.0,3.733333333333333,1.8,14.366666666666667,2.2111111111111112,0.9555555555555556,17.533333333333335,49.17777777777778,23.41111111111111,55.62222222222221,1.988888888888889,42.17777777777778,5.0777777777777775,1.9222222222222223,44.82222222222222,3.077777777777778,1.277777777777778,0.12222222222222223,0.17777777777777778,0.0,0.05555555555555555,0.30703703703703705,14.144444444444446,2.533333333333333,2.1,16.07777777777778,1.5222222222222221,1.1777777777777778,18.77777777777778,44.9,27.133333333333336,53.75555555555555,1.0555555555555556,38.144444444444446,4.233333333333333,2.522222222222222,40.455555555555556,2.4777777777777774,1.9666666666666668,0.8777777777777778,24.0,1.7,0.4222222222222222,24.37777777777778,0.9555555555555554,0.7888888888888889,26.12222222222222,26.622222222222224,0.1787709497206704,0.2845100105374078,0.7352297592997812,0.18497109826589594,0.32052553296975705,0.7184115523465704,0.7478260869565218,0.3565295978309987,0.42089492608869367,0.8315789473684211,0.6291872997378386,0.40157480314960636,0.9295154185022027,0.6025817083218896,0.38565022421524653,0.4011299435028248,0.5817866864637466,0.4952459694088466
Reza Madadi,Orthodox,No,No,No,Reza Madadi,0.0,0.9365079365079364,0.15079365079365079,0.0,1.1177248677248677,9.404761904761905,1.6666666666666667,0.3412698412698412,7.317460317460316,2.388888888888889,1.7063492063492063,11.412698412698413,24.38888888888889,17.373015873015873,31.031746031746035,2.801587301587302,21.738095238095237,2.111111111111111,0.5396825396825397,18.753968253968253,3.5714285714285716,2.0634920634920637,0.047619047619047616,0.10317460317460318,0.05555555555555555,0.047619047619047616,0.8052910052910053,10.063492063492063,3.5634920634920637,1.1904761904761905,11.777777777777779,1.9126984126984128,1.126984126984127,14.817460317460316,45.07936507936508,19.357142857142858,50.8968253968254,0.9682539682539683,37.976190476190474,5.57936507936508,1.5238095238095237,39.61111111111111,3.293650793650794,2.1746031746031744,0.8650793650793651,27.912698412698415,2.015873015873016,0.3333333333333333,27.833333333333332,1.3809523809523812,1.0476190476190477,30.26190476190476,31.53968253968254,0.33427762039660047,0.4326396495071194,0.7894736842105263,1.7352941176470587,0.39018197206940325,0.6688888888888889,0.8269230769230768,0.4679466319557436,0.559846547314578,0.8934426229508197,0.7350052246603971,0.36130867709815084,0.9322916666666666,0.702664796633941,0.419277108433735,0.4817518248175182,0.6713028169014085,0.6196787774832372
Chris Camozzi,Orthodox,No,No,No,Chris Camozzi,0.017543859649122806,0.08421052631578947,0.14619883040935672,0.017543859649122806,0.5765497076023393,9.733333333333333,2.6549707602339185,4.018713450292398,13.390643274853801,2.5941520467836257,0.4222222222222222,16.40701754385965,36.56608187134503,21.51228070175439,42.564912280701755,0.43391812865497076,28.10994152046784,3.588304093567251,4.867836257309942,32.30994152046784,3.678362573099415,0.5777777777777778,0.044444444444444446,0.7029239766081871,0.11461988304093566,0.017543859649122806,1.303898635477583,7.567251461988303,2.8210526315789473,3.291228070175439,9.111111111111112,2.702923976608187,1.8654970760233918,13.67953216374269,31.264327485380118,19.82573099415205,38.68654970760234,1.6900584795321638,22.790643274853803,4.6304093567251465,3.8432748538011694,24.81169590643275,3.8608187134502927,2.591812865497076,0.9871345029239765,15.223391812865495,1.809356725146199,0.552046783625731,15.700584795321637,1.1578947368421053,0.7263157894736842,17.584795321637426,18.86081871345029,0.1940700808625337,0.3462594657568444,0.7398956975228164,0.017299375300336376,0.41444343891402713,0.7052464228934817,0.7307692307692307,0.44869498464687824,0.505399389992581,0.584083044982699,0.6679667453556399,0.390755241222531,0.8171028606208156,0.632789667200905,0.29990911844895496,0.2802346570397112,0.5624555759230856,0.48752909876953765
Cindy Dandois,Orthodox,No,No,No,Cindy Dandois,0.0,1.6666666666666667,0.0,0.0,2.211111111111111,11.333333333333334,2.0,2.3333333333333335,9.333333333333334,2.6666666666666665,3.6666666666666665,15.666666666666666,48.666666666666664,33.333333333333336,70.66666666666667,3.0,41.666666666666664,2.6666666666666665,4.333333333333333,38.0,6.0,4.666666666666667,0.0,0.0,0.6666666666666666,0.3333333333333333,0.9,7.0,5.666666666666667,4.333333333333333,11.666666666666666,3.0,2.3333333333333335,17.0,41.0,38.333333333333336,64.0,0.0,29.333333333333332,7.0,4.666666666666667,34.666666666666664,3.0,3.3333333333333335,0.0,22.333333333333332,1.3333333333333333,0.3333333333333333,23.0,0.0,1.0,24.0,25.666666666666668,0.5555555555555556,0.272,0.75,0.38461538461538464,0.2456140350877193,0.4444444444444444,0.7857142857142856,0.3219178082191781,0.4716981132075472,,0.7613636363636364,0.19047619047619047,1.0,0.6634615384615384,0.0,0.29999999999999993,0.5853658536585367,0.40104166666666663
Joe Proctor,Orthodox,No,No,No,Joe Proctor,0.125,0.0,0.625,0.0,0.29143518518518513,12.361111111111109,2.3194444444444446,2.0416666666666665,13.611111111111109,2.486111111111111,0.625,16.722222222222225,45.986111111111114,18.958333333333332,48.513888888888886,0.0,39.625,3.5555555555555554,2.8055555555555554,41.06944444444445,4.083333333333333,0.8333333333333334,0.16666666666666666,0.5972222222222222,0.08333333333333333,0.0,1.0340277777777778,10.847222222222221,3.7083333333333335,2.6805555555555554,12.0,3.888888888888889,1.3472222222222223,17.23611111111111,44.18055555555555,24.75,53.0,2.125,33.125,6.875,4.180555555555555,35.736111111111114,6.402777777777778,2.0416666666666665,1.527777777777778,22.277777777777775,3.1666666666666665,1.5,23.73611111111111,2.513888888888889,0.6944444444444445,26.944444444444443,28.25,,0.31195233087977564,0.6523437500000001,0.0,0.3314169766655393,0.608843537414966,0.75,0.36363636363636365,0.3907815631262525,0.7189542483660131,0.6725366876310273,0.4606060606060606,0.8571428571428572,0.6642052079284881,0.3926247288503254,0.34013605442176864,0.6098711097139264,0.5330188679245282
Michael McBride,Orthodox,No,No,No,Michael McBride,0.0,0.5,0.5,0.16666666666666666,0.24444444444444444,13.666666666666666,4.0,3.6666666666666665,18.666666666666668,0.5,2.1666666666666665,21.333333333333332,44.666666666666664,39.333333333333336,65.66666666666667,1.3333333333333333,33.833333333333336,6.5,4.333333333333333,39.0,1.5,4.166666666666667,0.16666666666666666,1.3333333333333333,0.16666666666666666,0.3333333333333333,2.7472222222222222,22.166666666666668,2.5,6.833333333333333,17.166666666666668,1.0,13.333333333333334,31.5,54.833333333333336,39.666666666666664,64.5,1.8333333333333333,40.5,5.666666666666667,8.666666666666666,34.166666666666664,1.3333333333333333,19.333333333333332,0.5,18.333333333333332,3.1666666666666665,1.8333333333333333,17.0,0.3333333333333333,6.0,23.333333333333332,24.833333333333332,0.375,0.40394088669950734,0.6153846153846154,0.11538461538461539,0.47863247863247865,0.3333333333333333,0.5199999999999999,0.47761194029850745,0.5989847715736041,0.2727272727272727,0.4526748971193415,0.5588235294117647,0.8461538461538461,0.497560975609756,0.25,0.31034482758620685,0.4255319148936171,0.3850129198966409
Roy Nelson,Orthodox,No,No,No,Roy Nelson,0.10725064409274936,0.5869709238130291,0.01818181818181818,0.0,1.0224242424242425,7.366139124033862,2.0420316525579687,0.8585204269414796,5.776591829223408,3.5725432462274567,0.9175561280824439,10.266691203533309,23.36267942583732,14.48951048951049,27.817298490982704,1.3140964298859035,20.013544350386457,2.3430253956569747,1.0061096797938904,16.046227456753773,6.249613544350386,1.0668384247331617,0.025910931174089068,0.1637835848362164,0.0,0.0,1.2551797325481535,16.538535149061467,8.02200956937799,1.5684946632315053,12.948398969451599,12.930806036069194,0.24983437615016563,26.129039381670964,41.368862716231135,33.62944423997055,49.18343761501656,0.47648141332351857,30.70195068089805,8.992050055207951,1.6748619801251379,25.993963930806036,15.104011777695987,0.270887007729113,0.3126978284873022,14.163415531836586,0.9700404858299596,0.10636731689363269,13.045564961354435,2.173205741626794,0.021052631578947368,15.239823334560176,15.553993375046009,0.4466726417208156,0.3680577010784011,0.8715362865221491,0.583406496927129,0.3599968805622328,0.5716422656976949,0.8600703788035603,0.43944836191088343,0.5208812960110929,0.6562644832380657,0.461319727825916,0.10787756739278154,0.9022106974904408,0.5018690106703518,0.1438826831978478,0.07771739130434785,0.36838874298037694,0.31624453534124464
Augusto Mendes,Orthodox,No,No,No,Augusto Mendes,0.1111111111111111,0.611111111111111,0.0,0.1111111111111111,0.8453703703703704,7.944444444444444,1.9444444444444444,1.9444444444444444,9.111111111111112,2.5,0.2222222222222222,11.833333333333334,34.27777777777778,22.833333333333332,46.5,1.8333333333333333,28.444444444444443,2.9444444444444446,2.8888888888888893,30.222222222222225,3.5,0.5555555555555556,0.27777777777777773,0.27777777777777773,0.0,0.0,1.2462962962962962,7.944444444444444,8.5,3.1666666666666665,13.166666666666666,3.7222222222222228,2.7222222222222228,19.61111111111111,44.27777777777778,33.166666666666664,58.888888888888886,1.6111111111111114,28.333333333333332,11.611111111111112,4.333333333333333,35.166666666666664,4.777777777777778,4.333333333333333,1.3333333333333333,20.38888888888889,3.111111111111111,1.1666666666666667,22.0,1.0555555555555556,1.6111111111111114,24.666666666666668,25.722222222222225,0.3333333333333333,0.279296875,0.660377358490566,0.21153846153846148,0.30147058823529416,0.7142857142857143,0.39999999999999997,0.34521880064829824,0.49103942652329746,0.8275862068965518,0.7196078431372549,0.2679425837320575,0.9358974358974359,0.6255924170616114,0.22093023255813937,0.3717948717948716,0.5570890840652447,0.43679245283018864
Rashid Magomedov,Orthodox,No,No,No,Rashid Magomedov,0.27777777777777773,0.2222222222222222,0.05555555555555555,0.0,0.42870370370370364,11.777777777777779,6.5555555555555545,3.6666666666666665,18.11111111111111,2.6666666666666665,1.2222222222222223,22.0,44.833333333333336,27.833333333333332,51.5,0.38888888888888884,29.666666666666668,10.5,4.666666666666667,39.55555555555555,3.444444444444444,1.8333333333333333,0.0,0.16666666666666666,0.05555555555555555,0.0,0.9194444444444444,4.277777777777778,4.722222222222222,6.222222222222222,11.611111111111112,3.611111111111111,0.0,15.222222222222223,33.55555555555556,18.277777777777775,37.44444444444445,1.5555555555555554,18.88888888888889,7.388888888888889,7.277777777777779,28.166666666666668,5.277777777777778,0.1111111111111111,1.3888888888888886,14.611111111111112,2.6666666666666665,1.0555555555555556,16.555555555555557,1.6666666666666667,0.1111111111111111,18.333333333333332,19.166666666666668,0.5714285714285715,0.3970037453183521,0.6243386243386242,0.047619047619047616,0.4578651685393259,0.7741935483870968,0.6666666666666667,0.4907063197026022,0.540453074433657,0.8928571428571428,0.7735294117647059,0.3609022556390977,0.9770992366412213,0.5877712031558184,0.3157894736842105,1.0,0.5463576158940397,0.5118694362017806
Nathan Coy,Southpaw,No,No,No,Nathan Coy,0.0,1.222222222222222,0.0,0.0,2.5037037037037035,8.0,4.333333333333333,1.111111111111111,5.777777777777779,1.4444444444444446,6.222222222222222,13.444444444444445,31.777777777777782,25.11111111111111,45.44444444444445,1.8888888888888886,24.888888888888886,5.444444444444444,1.4444444444444446,22.333333333333332,2.5555555555555554,6.888888888888889,0.0,1.0,0.3333333333333333,0.0,0.1981481481481481,5.111111111111112,2.3333333333333335,0.5555555555555556,4.777777777777778,2.3333333333333335,0.8888888888888888,8.0,25.111111111111114,12.777777777777779,30.222222222222218,2.4444444444444446,20.88888888888889,3.5555555555555554,0.6666666666666666,19.77777777777778,3.111111111111111,2.222222222222222,1.4444444444444446,15.777777777777777,1.2222222222222223,0.1111111111111111,15.0,0.7777777777777777,1.3333333333333333,17.11111111111111,17.444444444444446,0.6470588235294118,0.32142857142857145,0.7959183673469388,0.8461538461538459,0.2587064676616916,0.5652173913043479,0.9032258064516129,0.423076923076923,0.5525672371638141,0.5909090909090909,0.7553191489361701,0.3437499999999999,-0.5,0.7584269662921348,0.25,0.6,0.6814159292035399,0.5772058823529411
Gegard Mousasi,Orthodox,No,No,No,Gegard Mousasi,0.03333333333333333,0.19833333333333333,0.05,0.2,0.9658333333333333,9.981666666666666,1.3416666666666666,2.4183333333333334,9.176666666666666,1.1766666666666667,3.388333333333333,13.741666666666669,29.586666666666666,24.798333333333336,41.92,0.7383333333333333,24.596666666666664,2.355,2.6350000000000002,22.278333333333332,2.431666666666667,4.876666666666667,0.025,0.4366666666666667,0.07333333333333333,0.0,1.0229722222222222,3.53,1.0333333333333332,1.33,4.411666666666667,0.15666666666666668,1.325,5.8933333333333335,18.348333333333333,8.206666666666667,20.758333333333333,1.095,14.033333333333331,2.4316666666666666,1.8833333333333333,16.416666666666668,0.27999999999999997,1.6516666666666666,0.6583333333333334,10.503333333333334,1.3983333333333334,0.5533333333333333,12.004999999999999,0.12333333333333334,0.32666666666666666,12.455,12.551666666666666,0.2686230248306998,0.4058137959073045,0.5697098372257607,0.07526881720430106,0.41190992743323107,0.4838930774503084,0.6948051948051948,0.46445470932852645,0.5915632951653944,0.6012176560121765,0.7484560570071259,0.5750514050719672,0.768141592920354,0.7312690355329949,0.44047619047619035,0.19778002018163476,0.6788082477972568,0.604656764351666
Anthony Johnson,Orthodox,No,No,Yes,Anthony Johnson,0.2966861598440546,0.6662768031189085,0.205458089668616,0.017543859649122806,1.3621637426900586,6.65692007797271,1.753216374269006,1.7781676413255358,6.18167641325536,1.7828460038986353,2.2237816764132554,10.188304093567252,22.196491228070176,19.605847953216372,32.760233918128655,1.0491228070175438,17.767251461988305,2.3489278752436644,2.0803118908382063,16.136842105263156,2.532943469785575,3.5267056530214425,0.0,0.1812865497076023,0.46276803118908383,0.037037037037037035,0.741572449642625,3.994931773879142,0.7157894736842105,1.8682261208576998,3.4136452241715403,1.2097465886939571,1.9555555555555555,6.578947368421052,17.10214424951267,15.672124756335284,26.739571150097465,0.9750487329434697,13.136452241715398,1.6584795321637429,2.3072124756335284,13.023001949317738,1.641325536062378,2.437816764132554,0.7937621832358674,9.141520467836257,0.9426900584795321,0.4389863547758284,9.609356725146199,0.43157894736842106,0.482261208576998,10.523196881091618,11.067446393762182,0.6350798959494612,0.3746736005968446,0.7463900414937761,0.3202773613193404,0.3830784470053877,0.7038633215330152,0.6305549414105682,0.45900516387395934,0.5984648339878614,0.8140743702518993,0.6958895978631845,0.5684062059238364,0.921426157485637,0.7378757035085618,0.2629453681710213,0.19782504397889022,0.6153144732942759,0.4138976774024231
Mike de la Torre,Orthodox,No,No,No,Mike de la Torre,0.047619047619047616,0.047619047619047616,0.0,0.0,0.5801587301587302,10.833333333333334,2.5,0.2619047619047619,9.095238095238095,3.0714285714285716,1.4285714285714286,13.595238095238095,36.61904761904762,29.833333333333332,54.11904761904762,0.4047619047619048,33.095238095238095,3.2619047619047614,0.2619047619047619,30.928571428571427,4.166666666666667,1.5238095238095237,0.047619047619047616,0.8095238095238096,0.19047619047619047,0.0,1.6825396825396826,11.285714285714286,4.785714285714286,1.1666666666666667,8.547619047619047,7.023809523809523,1.6666666666666667,17.238095238095237,40.095238095238095,28.428571428571427,51.80952380952382,4.738095238095238,31.71428571428571,7.0,1.3809523809523807,29.28571428571429,8.476190476190476,2.3333333333333335,3.9285714285714284,20.428571428571427,2.214285714285714,0.21428571428571427,20.738095238095237,1.4523809523809526,0.6666666666666666,22.857142857142858,23.38095238095238,0.11764705882352938,0.3273381294964029,0.7664233576642336,0.1818181818181818,0.294072363356428,0.7371428571428571,0.9375000000000001,0.371261378413524,0.5512538495380555,0.829145728643216,0.6441441441441441,0.3163265306122449,0.4137931034482757,0.7081300813008131,0.17134831460674171,0.2857142857142857,0.5700712589073634,0.45128676470588247
Patrick Cote,Orthodox,No,No,Yes,Patrick Cote,0.11540616246498599,0.17628384687208218,0.06349206349206349,0.06984126984126983,0.7621568627450981,7.471521942110177,2.042203548085901,2.9482726423902896,7.65359477124183,2.5323996265172735,2.2760037348272646,12.461998132586368,26.054901960784317,20.287208216619984,34.5187675070028,0.9719887955182074,18.419794584500465,3.6300653594771237,4.005042016806723,19.149953314659196,3.9592903828197947,2.9456582633053223,0.1376283846872082,0.5759103641456583,0.21437908496732025,0.03809523809523809,1.433915343915344,8.852847805788983,3.090756302521008,2.7014005602240894,8.255275443510738,3.0661064425770306,3.323622782446312,14.64500466853408,28.443697478991595,27.121942110177404,42.16451914098973,1.0285714285714285,21.121195144724556,4.078991596638655,3.243510737628385,18.967880485527544,4.556676003734827,4.919140989729225,0.4526610644257703,12.268347338935575,0.988235294117647,0.542110177404295,10.712605042016806,1.4905695611577965,1.595518207282913,13.798692810457517,15.042577030812325,0.1813640730067243,0.4056246071493745,0.562580379649159,0.044015480020515696,0.3996664976401295,0.639609470804641,0.7726638772663877,0.47829764054929613,0.5877153120401628,0.4400871459694988,0.5808547885132267,0.24227441285537699,0.8224422822269561,0.5647760723814399,0.3271177410761854,0.3243489484473464,0.4851230336931117,0.3567591268031056
Brad Pickett,Orthodox,No,No,No,Brad Pickett,0.07792207792207792,0.6282467532467533,0.05411255411255411,0.08333333333333333,1.0140873015873015,9.109848484848484,2.0643939393939394,2.9199134199134202,10.803571428571429,1.6433982683982684,1.6471861471861473,14.094155844155845,43.85335497835498,20.639069264069263,51.15909090909091,1.5692640692640694,35.32900432900433,4.041125541125541,4.483225108225108,38.1439393939394,2.6958874458874456,3.0135281385281387,0.2148268398268398,0.5032467532467533,0.18614718614718614,0.030303030303030304,0.4671807359307359,17.123376623376625,2.8154761904761902,1.8603896103896105,17.433441558441558,2.123376623376623,2.2424242424242427,21.799242424242426,49.76352813852814,26.284090909090907,54.758116883116884,1.2278138528138527,42.455627705627705,5.137987012987012,2.1699134199134202,43.577922077922075,3.2159090909090913,2.96969696969697,0.7245670995670995,25.33225108225108,2.3225108225108224,0.30952380952380953,26.14448051948052,1.0925324675324675,0.7272727272727272,27.96428571428571,28.474025974025974,0.4003448275862069,0.25785749295429483,0.5108462774504553,0.14013277006638505,0.2832316640658249,0.609594540345243,0.5465972346920452,0.3213928752113128,0.40342916375790655,0.5901278096077567,0.5966759285222667,0.45202738283307,0.7680798004987531,0.5999478468186559,0.3397274103987886,0.24489795918367352,0.5619433902765243,0.519996442441671
Scott Askham,Southpaw,No,No,No,Scott Askham,0.25,0.13888888888888887,0.2222222222222222,0.05555555555555555,0.6148148148148148,7.472222222222222,4.472222222222222,3.4444444444444446,11.0,3.75,0.638888888888889,15.388888888888888,33.44444444444444,21.02777777777778,39.25,0.7777777777777778,22.777777777777782,6.722222222222222,3.9444444444444446,27.583333333333332,5.222222222222222,0.638888888888889,0.05555555555555555,0.47222222222222215,0.0,0.0,1.5273148148148146,9.416666666666666,3.638888888888889,4.416666666666667,11.527777777777777,4.638888888888888,1.3055555555555556,17.47222222222222,36.69444444444444,37.388888888888886,57.44444444444445,1.388888888888889,25.972222222222225,4.861111111111112,5.861111111111111,28.666666666666668,6.25,1.7777777777777777,0.9166666666666666,16.555555555555554,1.2222222222222223,1.4444444444444446,17.13888888888889,1.611111111111111,0.47222222222222227,19.22222222222222,20.055555555555554,0.17857142857142855,0.32804878048780484,0.6652892561983471,0.0352112676056338,0.3987915407854985,0.7180851063829787,1.0,0.46013289036544847,0.5357395612172683,0.6600000000000001,0.6374331550802139,0.25142857142857156,0.919431279620853,0.5978682170542636,0.2577777777777779,0.265625,0.5238455715367146,0.34912959381044495
Garreth McLellan,Southpaw,No,No,No,Garreth McLellan,0.0,0.4166666666666667,0.24444444444444446,0.0,1.3731481481481482,11.105555555555554,3.1944444444444446,1.888888888888889,4.377777777777777,2.783333333333333,9.027777777777779,16.188888888888886,29.005555555555556,29.522222222222222,43.85,1.7166666666666668,21.938888888888886,4.694444444444445,2.3722222222222222,14.222222222222221,3.3944444444444444,11.388888888888891,0.21666666666666667,1.3166666666666667,0.0,0.0,1.6657407407407405,8.305555555555555,3.0555555555555554,1.211111111111111,5.833333333333333,5.277777777777778,1.461111111111111,12.572222222222223,22.416666666666668,25.666666666666668,36.794444444444444,2.0166666666666666,17.366666666666667,3.755555555555555,1.2944444444444445,12.805555555555555,6.95,2.661111111111111,0.7000000000000001,9.061111111111112,0.7000000000000001,0.08333333333333333,6.972222222222222,1.6722222222222223,1.2,9.844444444444443,11.127777777777778,0.24271844660194175,0.5062041023043808,0.6804733727810651,0.1756440281030445,0.3078125,0.8199672667757774,0.7926829268292682,0.5581306263167974,0.6732547827188647,0.3471074380165289,0.5217530390275112,0.18639053254437865,-0.01716738197424883,0.5444685466377441,0.24060751398880897,0.4509394572025053,0.43915737298636925,0.30243092254265436
Rony Jason,Orthodox,No,No,No,Rony Jason,0.1037037037037037,0.21666666666666667,0.17777777777777778,0.0,0.6789506172839506,5.407407407407407,2.8944444444444444,0.9351851851851851,6.596296296296297,0.7388888888888889,1.901851851851852,9.237037037037036,21.075925925925926,17.442592592592593,29.485185185185184,0.6611111111111111,15.17962962962963,4.624074074074074,1.2722222222222221,17.91851851851852,1.0555555555555556,2.1018518518518516,0.037037037037037035,1.0999999999999999,0.037037037037037035,0.15,1.2140123456790124,8.712962962962964,2.0259259259259257,3.225925925925926,9.092592592592593,0.7166666666666667,4.155555555555556,13.964814814814815,30.564814814814813,24.772222222222222,42.75555555555555,1.8277777777777777,23.02037037037037,3.9203703703703705,3.624074074074074,24.37222222222222,0.9314814814814815,5.261111111111111,0.7277777777777779,14.307407407407405,1.8944444444444446,0.39814814814814814,15.27962962962963,0.2148148148148148,1.1055555555555556,16.599999999999998,17.983333333333334,0.3277310924369748,0.3562278882517994,0.6259511413696436,0.1703056768558952,0.36812732534105,0.7000000000000001,0.9048458149779737,0.43827431684386253,0.5915714106268057,0.39817629179331315,0.6215107392808301,0.483230987246103,0.6964741951967297,0.6269280449813843,0.23061630218687867,0.21013727560718054,0.5431081490457437,0.4206081081081081
Reginaldo Vieira,Orthodox,No,No,No,Reginaldo Vieira,0.0,0.5555555555555555,0.2222222222222222,0.0,1.1712962962962963,10.277777777777779,4.333333333333333,4.111111111111111,13.0,1.8888888888888886,3.8333333333333335,18.72222222222222,44.77777777777777,32.166666666666664,59.22222222222222,2.2777777777777777,33.5,6.111111111111111,5.166666666666667,37.0,2.8888888888888893,4.888888888888888,0.2222222222222222,0.38888888888888884,0.5,0.0,0.4092592592592592,9.722222222222223,2.9444444444444446,0.6666666666666666,9.666666666666666,2.6666666666666665,1.0,13.333333333333334,33.61111111111111,18.166666666666668,40.11111111111111,0.5555555555555555,27.88888888888889,4.444444444444445,1.2777777777777777,28.0,3.7777777777777772,1.8333333333333333,0.16666666666666666,18.166666666666668,1.5,0.611111111111111,18.333333333333332,1.111111111111111,0.8333333333333334,20.27777777777778,21.944444444444443,0.2439024390243902,0.30679933665008297,0.7090909090909091,0.10752688172043008,0.35135135135135137,0.6538461538461536,0.7840909090909092,0.4181141439205956,0.5431519699812383,0.29999999999999993,0.651394422310757,0.3375,0.6956521739130435,0.6547619047619048,0.2941176470588235,0.4545454545454545,0.6033057851239669,0.5470914127423823
Alex Ricci,Orthodox,No,No,No,Alex Ricci,0.0,0.0,0.0,0.0,0.39999999999999997,3.6666666666666665,4.0,2.3333333333333335,6.5,3.5,0.0,10.0,24.666666666666668,23.5,38.833333333333336,0.5,13.0,8.5,3.1666666666666665,19.0,5.333333333333333,0.3333333333333333,0.16666666666666666,1.5,0.0,0.0,3.1861111111111113,7.0,2.6666666666666665,1.8333333333333333,8.0,3.1666666666666665,0.3333333333333333,11.5,31.666666666666668,15.833333333333334,38.166666666666664,3.8333333333333335,23.5,5.333333333333333,2.8333333333333335,23.0,7.0,1.6666666666666667,2.3333333333333335,16.5,2.6666666666666665,1.0,15.0,3.8333333333333335,1.3333333333333333,20.166666666666668,22.333333333333332,0.0,0.28205128205128205,0.47058823529411764,0.0,0.34210526315789475,0.65625,0.0,0.4054054054054054,0.6051502145922747,0.6086956521739131,0.7021276595744681,0.5,0.47058823529411764,0.6521739130434783,0.5476190476190477,0.8,0.6368421052631579,0.5851528384279476
Sam Sicilia,Orthodox,No,No,No,Sam Sicilia,0.027777777777777776,0.5185185185185185,0.28703703703703703,0.037037037037037035,1.2373456790123458,6.898148148148148,1.8148148148148149,0.8796296296296298,5.907407407407407,1.2777777777777777,2.4074074074074074,9.592592592592593,29.546296296296294,16.02777777777778,36.73148148148148,1.1574074074074074,25.35185185185185,3.0370370370370368,1.1574074074074074,24.009259259259256,2.2962962962962963,3.2407407407407405,0.10185185185185185,0.25925925925925924,0.3333333333333333,0.037037037037037035,0.4461419753086419,9.416666666666666,2.2685185185185186,2.361111111111111,11.824074074074074,1.3333333333333333,0.888888888888889,14.046296296296296,34.72222222222222,22.90740740740741,44.129629629629626,0.8796296296296298,27.48148148148148,4.351851851851852,2.8888888888888893,31.37962962962963,2.185185185185185,1.1574074074074072,0.6203703703703703,18.064814814814813,2.0833333333333335,0.5277777777777778,19.555555555555557,0.8518518518518517,0.26851851851851855,20.675925925925927,21.22222222222222,0.44799999999999995,0.2720964207450694,0.5975609756097562,0.44799999999999995,0.24604704974932515,0.5564516129032258,0.7428571428571429,0.3246631150109684,0.4363498865641543,0.7052631578947369,0.657345013477089,0.4787234042553191,0.9102564102564102,0.6231926822071407,0.38983050847457623,0.23199999999999987,0.5954666666666666,0.4809064204783885
Phillipe Nover,Orthodox,No,No,No,Phillipe Nover,0.0,0.30158730158730157,0.20634920634920637,0.10317460317460318,0.47513227513227513,5.0476190476190474,2.515873015873016,1.0793650793650793,6.031746031746032,2.3492063492063493,0.2619047619047619,8.642857142857142,24.277777777777775,19.857142857142858,36.404761904761905,1.103174603174603,18.38095238095238,4.349206349206349,1.5476190476190474,20.206349206349206,3.222222222222222,0.8492063492063492,0.0,1.119047619047619,0.05555555555555555,0.0,1.7059523809523809,5.182539682539683,2.9523809523809526,3.904761904761905,6.349206349206351,3.301587301587302,2.388888888888889,12.03968253968254,27.46031746031746,17.76984126984127,34.047619047619044,2.0555555555555554,18.0,4.595238095238095,4.865079365079365,18.952380952380953,4.174603174603175,4.333333333333333,0.9365079365079364,12.817460317460318,1.642857142857143,0.9603174603174603,12.603174603174603,0.873015873015873,1.9444444444444446,15.420634920634923,16.27777777777778,0.2733812949640288,0.2746113989637306,0.5784671532846716,0.19487179487179487,0.2985074626865672,0.7290640394088671,0.30841121495327106,0.35599869238313175,0.5454545454545454,0.4555984555984556,0.7120811287477954,0.3575129533678756,0.7699836867862969,0.6649916247906197,0.20912547528517111,0.4487179487179487,0.5615606936416184,0.4780885780885781
Roan Carneiro,Orthodox,No,No,No,Roan Carneiro,0.0,0.9259259259259259,0.44708994708994715,0.08465608465608465,1.922685185185185,5.396825396825396,0.9867724867724869,0.7394179894179894,3.358465608465609,1.3703703703703702,2.3941798941798944,7.1230158730158735,15.13095238095238,16.753968253968253,25.433862433862434,2.033068783068783,13.125661375661375,1.2658730158730158,0.7394179894179894,9.652116402116402,1.66005291005291,3.8187830687830684,0.047619047619047616,0.08333333333333333,0.13227513227513227,0.12169312169312169,1.0511243386243387,4.197089947089947,1.8055555555555556,1.3597883597883598,3.322751322751323,1.1587301587301588,2.880952380952381,7.362433862433863,22.257936507936506,19.330687830687832,34.863756613756614,0.3253968253968254,17.70899470899471,2.8373015873015874,1.7116402116402114,14.755291005291005,1.757936507936508,5.744708994708994,0.24206349206349206,13.511904761904761,1.0317460317460316,0.35185185185185186,11.432539682539684,0.5992063492063492,2.863756613756614,14.895502645502646,15.533068783068783,0.45543266102797664,0.41116597803083743,0.7795193312434693,1.2522361359570662,0.3479512128271893,0.8254980079681274,0.6269483893314861,0.47075793338578553,0.6587268566673601,0.7439024390243902,0.7629967134747535,0.36363636363636365,0.9513137557959814,0.7748095024652621,0.3408577878103837,0.49850333870596364,0.6692220835561894,0.4455362901695944
Daniel Jolly,Orthodox,No,No,No,Daniel Jolly,0.0,0.0,0.0,0.0,0.3083333333333333,0.5,2.0,0.5,2.5,0.5,0.0,3.0,8.5,5.0,12.0,1.0,3.5,2.0,3.0,8.0,0.5,0.0,0.5,1.5,0.0,0.0,1.4666666666666666,10.5,3.0,0.0,3.0,1.0,9.5,13.5,16.0,33.5,41.0,2.0,13.0,3.0,0.0,5.5,1.0,9.5,0.5,2.5,0.0,0.0,2.5,0.0,0.0,2.5,7.5,0.0,0.14285714285714285,1.0,0.0,0.3125,1.0,,0.35294117647058826,0.4166666666666667,0.25,0.1923076923076923,0.0,-inf,0.4545454545454546,0.0,0.0,0.15625,0.18292682926829273
Michinori Tanaka,Orthodox,No,No,No,Michinori Tanaka,0.0,0.7999999999999999,0.06666666666666667,0.4666666666666666,2.033333333333333,7.0,1.0666666666666667,1.8,6.066666666666667,0.26666666666666666,3.533333333333333,9.866666666666667,26.333333333333332,23.799999999999997,42.199999999999996,2.066666666666667,22.933333333333334,1.2,2.2,20.733333333333334,0.46666666666666673,5.133333333333334,0.06666666666666667,0.6,0.5333333333333333,0.20000000000000004,0.9844444444444443,6.8,1.5333333333333332,1.5999999999999999,7.466666666666666,1.1333333333333333,1.3333333333333333,9.933333333333332,20.2,15.933333333333332,26.53333333333333,1.0666666666666667,15.933333333333332,2.1333333333333333,2.1333333333333333,16.8,1.4000000000000001,2.0,0.4666666666666666,9.133333333333333,0.6,0.5333333333333333,9.333333333333334,0.26666666666666666,0.6666666666666666,10.266666666666667,10.6,0.3870967741935483,0.30523255813953487,0.888888888888889,0.3636363636363636,0.29260450160771706,0.5714285714285714,0.6883116883116882,0.3746835443037975,0.5639810426540284,0.4375,0.5732217573221757,0.28125,0.71875,0.5555555555555556,0.19047619047619058,0.33333333333333337,0.5082508250825083,0.39949748743718594
JC Cottrell,Orthodox,No,No,No,JC Cottrell,0.0,0.16666666666666666,0.0,0.16666666666666666,0.686111111111111,3.1666666666666665,0.3333333333333333,1.0,4.5,0.0,0.0,4.5,17.5,13.0,26.333333333333332,0.16666666666666666,15.833333333333334,0.3333333333333333,1.3333333333333333,17.166666666666668,0.3333333333333333,0.0,0.0,2.1666666666666665,0.3333333333333333,0.16666666666666666,1.836111111111111,10.666666666666666,4.833333333333333,0.8333333333333334,13.833333333333334,0.6666666666666666,1.8333333333333333,16.333333333333332,27.833333333333332,23.333333333333332,35.333333333333336,4.333333333333333,20.5,6.166666666666667,1.1666666666666667,24.5,1.5,1.8333333333333333,2.1666666666666665,9.833333333333334,1.3333333333333333,0.3333333333333333,10.666666666666666,0.8333333333333334,0.0,11.5,12.0,1.0,0.19999999999999998,1.0,0.125,0.2621359223300971,0.0,,0.2571428571428571,0.4936708860759494,0.5,0.47967479674796754,0.21621621621621634,-0.857142857142857,0.4353741496598639,0.5555555555555556,0.0,0.4131736526946108,0.339622641509434
Viktor Pesta,Orthodox,No,No,No,Viktor Pesta,0.0,0.8444444444444444,0.0,0.0,1.7106481481481481,4.8,1.0777777777777777,0.5499999999999999,2.638888888888889,0.7611111111111111,3.027777777777778,6.427777777777777,17.055555555555554,19.816666666666666,33.394444444444446,3.1166666666666667,15.15,1.2722222222222221,0.6333333333333333,11.577777777777778,1.4388888888888889,4.038888888888889,0.08333333333333333,0.0,0.06666666666666667,0.0,0.19694444444444445,8.450000000000001,1.2555555555555555,1.0944444444444443,6.727777777777778,1.2833333333333334,2.788888888888889,10.799999999999999,24.16111111111111,13.116666666666667,26.67222222222222,0.19999999999999998,21.061111111111114,1.7166666666666668,1.3833333333333335,18.572222222222223,1.6333333333333335,3.9555555555555557,0.19999999999999998,12.611111111111112,0.4611111111111111,0.2888888888888889,11.844444444444443,0.35000000000000003,1.1666666666666667,13.361111111111112,13.555555555555555,0.2709447415329768,0.31683168316831684,0.8471615720524017,1.3333333333333335,0.22792706333973128,0.5289575289575289,0.7496561210453921,0.3768729641693811,0.5934120778572617,1.0,0.5987865998417303,0.26860841423948223,1.0,0.6377505234819025,0.2142857142857143,0.2949438202247191,0.5530006898137503,0.5082274526140387
Jocelyn Jones-Lybarger,Orthodox,No,No,No,Jocelyn Jones-Lybarger,0.0,0.1111111111111111,0.0,0.0,0.4703703703703703,10.0,1.8888888888888886,2.444444444444444,12.888888888888888,1.111111111111111,0.3333333333333333,14.333333333333334,46.0,20.222222222222225,52.77777777777778,0.4444444444444444,39.666666666666664,3.444444444444444,2.8888888888888893,43.666666666666664,2.0,0.3333333333333333,0.0,0.2222222222222222,0.3333333333333333,0.0,1.7870370370370372,20.11111111111111,2.0,1.3333333333333333,16.0,3.5555555555555554,3.888888888888889,23.444444444444443,53.55555555555555,36.77777777777778,70.11111111111111,1.222222222222222,47.555555555555564,3.5555555555555554,2.444444444444444,43.333333333333336,5.111111111111112,5.111111111111112,1.0,27.444444444444443,1.5555555555555556,1.1111111111111112,27.333333333333332,1.5555555555555556,1.2222222222222223,30.11111111111111,33.333333333333336,0.25,0.25210084033613445,0.5483870967741935,0.03846153846153846,0.2951653944020356,0.5555555555555555,1.0,0.3115942028985507,0.38315789473684214,0.8181818181818181,0.5771028037383179,0.4375,0.9090909090909091,0.6307692307692307,0.30434782608695665,0.23913043478260876,0.5622406639004149,0.4754358161648178
Ronda Rousey,Orthodox,Yes,No,Yes,Ronda Rousey,0.08333333333333333,0.7083333333333334,0.75,0.041666666666666664,1.2138888888888888,5.458333333333333,1.7916666666666667,1.0833333333333333,2.7083333333333335,3.4166666666666665,2.2083333333333335,8.333333333333334,16.25,20.833333333333332,29.25,1.125,12.875,2.25,1.125,9.333333333333334,4.5,2.4166666666666665,0.16666666666666666,0.08333333333333333,0.041666666666666664,0.041666666666666664,0.21388888888888888,6.458333333333333,1.0416666666666667,0.25,5.041666666666667,2.1666666666666665,0.5416666666666666,7.75,12.5,8.958333333333334,13.708333333333334,0.2916666666666667,11.083333333333334,1.1666666666666667,0.25,8.666666666666666,3.25,0.5833333333333334,0.20833333333333334,4.625,0.125,0.0,3.625,1.0833333333333333,0.041666666666666664,4.75,4.75,0.6296296296296297,0.4239482200647249,0.7962962962962963,0.6296296296296297,0.29017857142857145,0.7592592592592592,0.913793103448276,0.5128205128205129,0.7122507122507122,0.7142857142857143,0.4172932330827068,0.1071428571428571,0.6666666666666667,0.4182692307692307,0.33333333333333337,0.07142857142857151,0.38,0.3465045592705167
Brandon Thatch,Switch,No,No,No,Brandon Thatch,0.125,0.3333333333333333,0.08333333333333333,0.0,0.0909722222222222,5.833333333333333,1.9583333333333335,1.75,7.0,2.083333333333333,0.4583333333333333,9.541666666666666,26.916666666666668,13.708333333333334,31.791666666666668,0.5,21.291666666666664,3.458333333333333,2.166666666666667,23.166666666666668,3.083333333333333,0.6666666666666667,0.041666666666666664,1.0833333333333333,0.5,0.041666666666666664,1.8784722222222223,11.291666666666668,3.5,1.9166666666666667,8.166666666666668,1.75,6.791666666666666,16.708333333333336,35.29166666666667,32.16666666666667,53.25,1.7083333333333333,28.375,4.541666666666667,2.375,23.458333333333332,2.833333333333333,9.0,0.625,17.083333333333336,1.0416666666666667,0.45833333333333337,15.291666666666666,1.0833333333333333,2.2083333333333335,18.583333333333336,21.083333333333336,0.6666666666666666,0.27397260273972607,0.5662650602409639,0.15384615384615383,0.302158273381295,0.6756756756756757,0.6874999999999999,0.3544891640866873,0.43119266055045874,0.36585365853658536,0.6020558002936858,0.22935779816513768,0.543859649122807,0.6518650088809945,0.38235294117647056,0.24537037037037046,0.526564344746163,0.3959311424100156
Cole Miller,Orthodox,No,No,No,Cole Miller,0.08333333333333333,0.17777777777777778,0.5277777777777778,0.18888888888888888,0.7041666666666666,9.577777777777778,2.183333333333333,1.7277777777777779,10.705555555555556,1.45,1.3333333333333333,13.488888888888889,40.40555555555556,19.599999999999998,47.1,0.5222222222222223,34.211111111111116,4.044444444444444,2.15,36.06666666666667,2.3111111111111113,2.0277777777777777,0.07222222222222223,0.6055555555555555,0.05000000000000001,0.07222222222222223,1.3933333333333333,12.300000000000002,3.0666666666666664,2.861111111111111,13.316666666666668,1.4055555555555557,3.505555555555555,18.227777777777778,43.97777777777778,29.45555555555556,56.583333333333336,0.9833333333333334,36.233333333333334,4.411111111111111,3.3333333333333335,35.483333333333334,2.5166666666666666,5.977777777777778,0.37777777777777777,23.933333333333334,1.3444444444444443,0.47222222222222227,22.166666666666668,1.111111111111111,2.4722222222222223,25.75,27.127777777777776,0.3404255319148936,0.27996102630724257,0.5398351648351648,0.082687338501292,0.2968268638324091,0.627403846153846,0.6575342465753424,0.33383748109445893,0.41613588110403393,0.3841807909604521,0.6605335786568537,0.3047858942065492,0.8183333333333334,0.624706434945984,0.4415011037527593,0.4135687732342008,0.585522991409803,0.47943053510063816
Takeya Mizugaki,Orthodox,No,No,No,Takeya Mizugaki,0.08441558441558443,0.46103896103896097,0.03333333333333333,0.0,1.254199134199134,12.645021645021645,3.5363636363636366,1.3142857142857143,11.958441558441558,2.8770562770562766,2.6601731601731604,17.495670995670995,43.931168831168826,25.83722943722944,53.787012987012986,0.9285714285714285,37.56233766233766,4.485281385281385,1.8835497835497836,34.137662337662334,5.248484848484849,4.545021645021645,0.07142857142857142,0.4718614718614719,0.09393939393939395,0.030303030303030304,1.0205411255411256,9.006060606060606,4.306926406926407,1.255844155844156,10.06796536796537,3.645021645021645,0.8558441558441557,14.568831168831167,35.132900432900435,23.482683982683984,44.95367965367965,1.6168831168831168,28.27878787878788,5.43939393939394,1.4147186147186146,29.21818181818182,4.749350649350649,1.1653679653679654,1.145021645021645,19.27272727272727,1.1324675324675324,0.15887445887445886,19.15021645021645,1.1043290043290044,0.30952380952380953,20.564069264069264,21.470995670995666,0.49650349650349646,0.33664096624370454,0.788437409516456,0.24477131693863474,0.35030054021151946,0.5481689211481358,0.5852938375083342,0.39825188951626417,0.48036185693129874,0.7081659973226238,0.6815259322760394,0.20819737365698376,0.6664626682986535,0.6554212226271965,0.2325221037280103,0.2656017830609213,0.5853222765750337,0.477624876014753
Fredy Serrano,Orthodox,No,No,No,Fredy Serrano,0.1111111111111111,0.7777777777777777,0.0,0.0,0.6037037037037036,3.5,1.9444444444444446,1.111111111111111,5.611111111111112,0.7222222222222222,0.2222222222222222,6.555555555555556,24.944444444444443,11.777777777777779,31.555555555555557,3.194444444444444,20.02777777777778,3.2777777777777772,1.638888888888889,22.777777777777775,1.9444444444444444,0.2222222222222222,0.08333333333333333,0.19444444444444442,0.2222222222222222,0.0,0.4217592592592592,3.777777777777778,2.361111111111111,1.8055555555555556,5.444444444444444,2.2777777777777777,0.2222222222222222,7.944444444444444,20.972222222222225,11.333333333333334,24.916666666666668,1.222222222222222,15.194444444444445,3.1944444444444446,2.5833333333333335,16.444444444444446,3.777777777777778,0.75,1.0277777777777777,11.416666666666666,0.8333333333333334,0.7777777777777777,11.0,1.5,0.5277777777777778,13.027777777777779,13.583333333333334,0.2434782608695652,0.17475728155339806,0.593220338983051,0.4745762711864406,0.2463414634146342,0.37142857142857144,1.0,0.2628062360801782,0.3732394366197183,0.8409090909090909,0.7513711151736746,0.26086956521739135,0.924731182795699,0.6689189189189191,0.3970588235294118,0.7037037037037037,0.6211920529801325,0.5451505016722409
James Moontasri,Switch,No,No,No,James Moontasri,0.1111111111111111,0.0,0.08333333333333333,0.0,0.6509259259259259,5.583333333333333,2.888888888888889,1.4166666666666667,6.027777777777778,1.5555555555555556,2.3055555555555554,9.88888888888889,20.86111111111111,20.333333333333332,33.27777777777778,0.08333333333333333,14.916666666666666,4.472222222222222,1.472222222222222,13.777777777777777,2.5833333333333335,4.5,0.0,0.5833333333333334,0.2222222222222222,0.0,1.986574074074074,13.944444444444445,4.277777777777778,1.611111111111111,10.527777777777779,3.8333333333333335,5.472222222222221,19.833333333333332,31.972222222222225,31.722222222222218,46.22222222222222,2.527777777777778,25.0,5.166666666666667,1.8055555555555556,20.083333333333332,5.333333333333333,6.5555555555555545,1.9444444444444444,11.055555555555555,0.8888888888888888,0.19444444444444442,9.555555555555555,1.5,1.0833333333333333,12.138888888888891,14.5,0.0,0.3743016759776536,0.6459627329192547,0.0,0.4375,0.6021505376344086,0.5123456790123456,0.47403462050599204,0.6110183639398998,0.7692307692307693,0.4422222222222222,0.17204301075268824,0.676923076923077,0.47579529737206083,0.2812499999999999,0.1652542372881356,0.37966985230234584,0.31370192307692313
Tim Kennedy,Orthodox,No,No,No,Tim Kennedy,0.04,0.76,0.05,0.04,1.3989999999999998,7.26,2.88,2.83,9.27,2.56,1.1400000000000001,12.969999999999999,28.310000000000002,17.0,33.13,2.1100000000000003,18.990000000000002,5.55,3.7700000000000005,23.25,3.3200000000000003,1.7399999999999998,0.15,0.21000000000000002,0.0,0.05,0.30616666666666664,8.709999999999999,1.5699999999999998,0.8800000000000001,9.61,1.01,0.54,11.16,30.0,12.72,31.65,0.4,25.9,2.8600000000000003,1.24,27.9,1.31,0.79,0.19,17.19,1.29,0.36,18.29,0.3,0.25,18.84,18.93,0.3601895734597156,0.3823064770932069,0.518918918918919,0.2015915119363395,0.3987096774193548,0.7710843373493975,0.6551724137931036,0.4581419992935358,0.5131300935707818,0.475,0.6637065637065638,0.45104895104895115,0.8306451612903225,0.6555555555555556,0.2290076335877863,0.31645569620253167,0.628,0.5981042654028436
Valerie Letourneau,Orthodox,No,No,Yes,Valerie Letourneau,0.03333333333333333,0.16666666666666666,0.06666666666666667,0.03333333333333333,0.3505555555555555,15.166666666666666,4.833333333333334,2.3666666666666663,19.6,2.066666666666667,0.7,22.366666666666667,66.7,25.866666666666667,70.86666666666667,0.5333333333333334,56.4,7.233333333333334,3.066666666666667,61.73333333333333,4.066666666666667,0.9,0.06666666666666667,0.16666666666666666,0.03333333333333333,0.03333333333333333,0.6494444444444445,18.8,7.333333333333334,9.8,32.766666666666666,2.6333333333333337,0.5333333333333333,35.93333333333334,78.96666666666667,38.96666666666666,82.66666666666666,0.5,57.166666666666664,10.1,11.7,73.63333333333334,4.4,0.9333333333333332,0.3333333333333333,38.36666666666666,2.7666666666666666,1.9,40.86666666666667,1.7666666666666664,0.4,43.03333333333333,43.7,0.31249999999999994,0.2689125295508274,0.6682027649769585,0.05434782608695651,0.3174946004319655,0.5081967213114754,0.7777777777777777,0.3353323338330835,0.3650047036688617,0.6666666666666667,0.671137026239067,0.2739273927392738,0.9857549857549858,0.5550022634676325,0.4015151515151515,0.4285714285714285,0.5449556775010553,0.5286290322580645
Zach Makovsky,Southpaw,No,No,No,Zach Makovsky,0.0,1.2380952380952381,0.09523809523809523,0.19047619047619047,1.2277777777777776,5.666666666666667,1.8095238095238095,2.238095238095238,6.761904761904762,1.3809523809523812,1.5714285714285714,9.714285714285714,22.571428571428573,15.476190476190476,28.857142857142858,4.0476190476190474,17.476190476190478,2.5238095238095237,2.5714285714285716,18.523809523809522,1.857142857142857,2.1904761904761907,0.0,0.4761904761904761,0.047619047619047616,0.19047619047619047,1.003968253968254,6.809523809523809,2.9523809523809526,1.4285714285714286,6.238095238095238,3.142857142857143,1.8095238095238095,11.19047619047619,29.71428571428571,25.0,44.523809523809526,1.0952380952380951,23.61904761904762,4.333333333333333,1.7619047619047619,22.047619047619047,5.095238095238096,2.571428571428571,0.6190476190476191,16.80952380952381,1.3809523809523812,0.3333333333333333,15.80952380952381,1.9523809523809523,0.7619047619047619,18.523809523809522,19.523809523809522,0.3058823529411765,0.32425068119891004,0.7169811320754718,0.48148148148148145,0.3650385604113111,0.7435897435897437,0.717391304347826,0.430379746835443,0.5363036303630363,0.5652173913043479,0.7116935483870968,0.31868131868131855,0.7297297297297298,0.7170626349892009,0.383177570093458,0.29629629629629617,0.6233974358974359,0.4385026737967914
Sean O'Connell,Orthodox,No,No,No,Sean O'Connell,0.24206349206349206,0.0,0.2222222222222222,0.0,0.8529761904761903,16.13095238095238,4.904761904761905,2.242063492063492,17.36111111111111,4.9603174603174605,0.9563492063492064,23.277777777777782,47.81746031746032,33.3531746031746,58.87698412698413,0.746031746031746,39.13492063492064,5.972222222222222,2.7103174603174605,40.214285714285715,5.94047619047619,1.6626984126984128,0.09523809523809523,0.4047619047619048,0.0,0.0,0.6927248677248676,20.238095238095237,5.773809523809523,1.9603174603174605,17.404761904761905,4.686507936507937,5.8809523809523805,27.972222222222225,53.32142857142858,34.82539682539682,60.904761904761905,0.5833333333333334,43.78968253968254,6.996031746031746,2.535714285714286,38.17857142857142,5.892857142857143,9.25,0.17857142857142858,23.5515873015873,1.2222222222222223,0.5753968253968254,20.773809523809522,1.2063492063492063,3.369047619047619,25.34920634920635,26.07936507936508,0.0,0.4121881971202595,0.8212624584717608,0.0,0.4317150187487665,0.8350033400133602,0.5751789976133651,0.48680497925311206,0.5664891824492821,0.30612244897959173,0.5378341640235613,0.17470221213840065,0.8403755868544601,0.5441222326161521,0.20471380471380474,0.3642213642213643,0.4754037359529657,0.4281991138910608
Joseph Gigliotti,Orthodox,No,No,No,Joseph Gigliotti,0.0,0.3333333333333333,0.16666666666666666,0.0,0.26944444444444443,3.1666666666666665,1.0,0.3333333333333333,2.5,1.6666666666666667,0.3333333333333333,4.5,11.166666666666666,7.0,13.666666666666666,0.3333333333333333,9.666666666666666,1.0,0.5,8.166666666666666,2.3333333333333335,0.6666666666666666,0.3333333333333333,1.1666666666666667,0.6666666666666666,0.0,3.8444444444444446,13.333333333333334,0.6666666666666666,0.3333333333333333,2.0,2.5,9.833333333333334,14.333333333333334,23.833333333333332,32.833333333333336,43.833333333333336,1.8333333333333333,22.5,1.0,0.3333333333333333,7.666666666666667,3.6666666666666665,12.5,0.6666666666666666,9.166666666666666,0.3333333333333333,0.0,5.666666666666667,1.1666666666666667,2.6666666666666665,9.5,11.0,1.0,0.3275862068965517,1.0,0.6666666666666666,0.30612244897959184,0.7142857142857143,0.5,0.40298507462686567,0.5121951219512195,0.36363636363636354,0.40740740740740733,0.33333333333333337,-2.5000000000000004,0.7391304347826086,0.3181818181818181,0.21333333333333326,0.39860139860139854,0.25095057034220536
Keith Berish,Orthodox,No,No,No,Keith Berish,0.0,0.6666666666666666,0.0,0.0,0.2888888888888889,9.333333333333334,1.8333333333333333,4.0,14.0,0.8333333333333334,0.3333333333333333,15.166666666666666,43.166666666666664,17.666666666666668,45.666666666666664,1.5,34.333333333333336,3.8333333333333335,5.0,40.833333333333336,1.3333333333333333,1.0,0.0,0.16666666666666666,0.5,0.3333333333333333,1.238888888888889,14.5,3.8333333333333335,3.1666666666666665,19.666666666666668,1.1666666666666667,0.6666666666666666,21.5,56.5,27.5,64.5,0.16666666666666666,47.666666666666664,5.333333333333333,3.5,53.333333333333336,1.8333333333333333,1.3333333333333333,0.0,33.166666666666664,1.5,0.3333333333333333,33.666666666666664,0.6666666666666666,0.6666666666666666,35.0,37.0,0.4444444444444444,0.27184466019417475,0.47826086956521735,0.13333333333333333,0.34285714285714286,0.6250000000000001,0.3333333333333333,0.35135135135135137,0.38686131386861317,0.0,0.6958041958041958,0.2812499999999999,0.9523809523809523,0.63125,0.36363636363636354,0.5,0.6194690265486726,0.5736434108527132
Tiago dos Santos e Silva,Orthodox,No,No,No,Tiago dos Santos e Silva,0.0,0.16666666666666666,0.1111111111111111,0.19444444444444442,1.0166666666666666,8.277777777777779,4.388888888888888,5.694444444444444,14.277777777777779,4.0,0.08333333333333333,18.36111111111111,51.55555555555555,23.88888888888889,58.02777777777778,1.6944444444444444,36.583333333333336,7.861111111111111,7.111111111111111,44.25,7.111111111111112,0.19444444444444442,0.3055555555555555,0.4166666666666667,0.0,0.0,0.44768518518518513,15.305555555555557,4.5,1.2777777777777777,14.638888888888888,2.444444444444444,4.0,21.083333333333332,51.916666666666664,28.888888888888886,61.083333333333336,0.611111111111111,44.27777777777778,5.75,1.888888888888889,42.861111111111114,3.25,5.805555555555556,0.19444444444444442,28.972222222222225,1.25,0.611111111111111,28.222222222222225,0.8055555555555555,1.8055555555555556,30.833333333333332,32.19444444444444,0.09836065573770492,0.22627182991647685,0.558303886925795,0.0234375,0.32266164469554304,0.5625,0.4285714285714286,0.3561422413793104,0.41168022977501195,0.3181818181818181,0.6543287327478042,0.21739130434782605,0.7794117647058824,0.6584575502268308,0.24786324786324798,0.3110047846889953,0.593900481540931,0.5270577535243293
Brendan O'Reilly,Orthodox,No,No,No,Brendan O'Reilly,0.0,0.6666666666666666,0.19444444444444442,0.3055555555555555,1.5097222222222222,5.083333333333333,3.0,1.2222222222222223,3.3055555555555554,5.444444444444444,0.5555555555555555,9.305555555555555,19.527777777777775,24.722222222222225,36.52777777777778,1.527777777777778,13.416666666666666,4.5,1.611111111111111,9.583333333333334,8.888888888888888,1.0555555555555556,0.08333333333333333,0.7222222222222222,0.2222222222222222,0.1111111111111111,2.4175925925925927,7.861111111111112,3.5,1.611111111111111,4.027777777777778,6.972222222222221,1.9722222222222223,12.972222222222223,22.055555555555557,37.0,50.361111111111114,1.1666666666666667,16.5,3.9444444444444446,1.611111111111111,9.416666666666666,10.083333333333334,2.5555555555555554,0.4444444444444444,8.638888888888888,0.4444444444444444,0.0,5.388888888888889,3.111111111111111,0.5833333333333334,9.083333333333334,13.361111111111112,0.4363636363636363,0.37888198757763975,0.6666666666666666,0.41379310344827586,0.344927536231884,0.6125,0.5263157894736841,0.4765291607396871,0.6768060836501901,0.38095238095238104,0.5235690235690236,0.11267605633802824,0.5517241379310345,0.5722713864306784,0.3085399449035814,0.2282608695652173,0.41183879093198994,0.26530612244897966
Elvis Mutapcic,Orthodox,No,No,No,Elvis Mutapcic,0.0,0.0,0.0,0.0,0.6157407407407408,9.88888888888889,5.388888888888889,2.0,8.944444444444445,5.0,3.3333333333333335,17.277777777777775,43.38888888888889,28.666666666666668,55.333333333333336,0.0,34.38888888888889,6.5555555555555545,2.444444444444444,30.611111111111114,7.0555555555555545,5.722222222222221,0.1111111111111111,0.3333333333333333,0.1111111111111111,0.0,1.0231481481481481,13.555555555555557,3.222222222222222,3.6666666666666665,15.333333333333334,2.222222222222222,2.8888888888888893,20.444444444444446,33.27777777777778,26.88888888888889,40.166666666666664,2.1666666666666665,25.333333333333332,3.888888888888889,4.055555555555556,26.777777777777782,2.722222222222222,3.7777777777777772,1.8333333333333333,11.777777777777777,0.6666666666666666,0.38888888888888884,11.444444444444443,0.5,0.8888888888888888,12.833333333333334,13.277777777777777,,0.2875605815831987,0.8220338983050849,0.0,0.2921960072595281,0.7086614173228347,0.5825242718446603,0.39820742637644035,0.5180722891566265,0.8461538461538461,0.4649122807017543,0.17142857142857149,0.9178082191780822,0.4273858921161826,0.18367346938775508,0.23529411764705865,0.38564273789649406,0.33056708160442594
Geane Herrera,Orthodox,No,No,No,Geane Herrera,0.08333333333333333,0.25,0.19444444444444442,0.1111111111111111,0.17407407407407405,6.083333333333333,0.6944444444444445,0.47222222222222215,5.083333333333333,0.6944444444444443,1.4722222222222223,7.25,23.444444444444443,11.555555555555555,28.0,0.7222222222222222,21.86111111111111,0.8888888888888888,0.6944444444444443,20.305555555555554,1.5833333333333333,1.5555555555555556,0.08333333333333333,0.75,0.16666666666666666,0.08333333333333333,2.056944444444445,15.75,6.583333333333333,2.3333333333333335,16.055555555555554,1.6944444444444444,6.916666666666667,24.666666666666668,52.80555555555555,34.416666666666664,63.333333333333336,1.2222222222222223,41.333333333333336,8.666666666666666,2.8055555555555554,40.69444444444445,1.9444444444444444,10.166666666666666,0.47222222222222215,25.583333333333332,2.0833333333333335,0.47222222222222215,24.63888888888889,0.25,3.25,28.13888888888889,28.916666666666668,0.34615384615384615,0.278271918678526,0.7812500000000001,0.3600000000000001,0.2503419972640219,0.4385964912280701,0.9464285714285715,0.30924170616113744,0.4126984126984127,0.38636363636363646,0.6189516129032258,0.24038461538461542,0.7326732673267327,0.6054607508532424,0.12857142857142856,0.3196721311475409,0.5328774329300368,0.4565789473684211
Kyle Noke,Southpaw,No,No,No,Kyle Noke,0.09722222222222221,0.41111111111111115,0.125,0.041666666666666664,0.6263425925925926,6.38611111111111,2.797222222222222,4.8999999999999995,10.266666666666667,0.8277777777777778,2.988888888888889,14.083333333333334,28.33888888888889,18.794444444444444,33.355555555555554,0.8444444444444444,17.308333333333334,4.5,6.530555555555556,22.349999999999998,1.488888888888889,4.5,0.08333333333333333,0.4361111111111111,0.2611111111111111,0.027777777777777776,0.9857407407407407,7.627777777777777,1.1611111111111112,0.9416666666666668,6.344444444444444,0.8861111111111111,2.5,9.730555555555556,25.777777777777775,21.675,39.080555555555556,1.3611111111111114,22.016666666666666,2.1055555555555556,1.6555555555555557,20.802777777777777,1.6194444444444445,3.3555555555555556,0.9249999999999999,14.388888888888888,0.9444444444444445,0.7138888888888889,14.458333333333334,0.7333333333333334,0.8555555555555555,16.04722222222222,17.405555555555555,0.48684210526315796,0.3689616433959235,0.6216049382716049,0.06295193534666099,0.4593586875466071,0.5559701492537313,0.6641975308641975,0.49696138012154484,0.5634576948700867,0.6795918367346939,0.6535452939692152,0.44854881266490765,0.7365771812080537,0.6950193617305381,0.4528301886792453,0.2549668874172185,0.6225215517241378,0.4453763593716682
Guangyou Ning,Southpaw,No,No,No,Guangyou Ning,0.0,0.3333333333333333,0.08333333333333333,0.0,1.0481481481481483,6.916666666666667,2.3333333333333335,3.944444444444444,10.083333333333334,1.027777777777778,2.0833333333333335,13.194444444444445,32.22222222222222,22.805555555555557,43.916666666666664,0.7222222222222222,22.222222222222225,3.888888888888889,6.111111111111111,27.694444444444446,1.527777777777778,3.0,0.1111111111111111,0.25,0.16666666666666666,0.0,0.29537037037037034,4.166666666666667,2.5277777777777777,3.5833333333333335,7.583333333333333,1.3888888888888886,1.3055555555555556,10.277777777777777,26.333333333333332,13.777777777777777,30.722222222222218,0.6666666666666666,16.694444444444443,4.416666666666667,5.222222222222222,22.472222222222218,2.138888888888889,1.7222222222222223,0.4166666666666667,12.527777777777777,1.8888888888888886,1.6388888888888886,14.888888888888891,0.75,0.4166666666666667,16.055555555555557,16.944444444444443,0.4615384615384615,0.31124999999999997,0.6000000000000001,0.05454545454545454,0.36409227683049145,0.6727272727272727,0.6944444444444445,0.40948275862068967,0.5192915876027832,0.625,0.7504159733777038,0.4276729559748428,0.9521276595744681,0.6625463535228677,0.35064935064935077,0.24193548387096775,0.609704641350211,0.5515370705244123
Jonathan Meunier,Switch,No,No,No,Jonathan Meunier,0.0,0.16666666666666666,0.0,0.0,0.2222222222222222,8.166666666666666,2.3333333333333335,4.5,10.5,2.6666666666666665,1.8333333333333333,15.0,29.666666666666668,24.166666666666668,39.666666666666664,0.5,19.333333333333332,3.8333333333333335,6.5,23.5,3.8333333333333335,2.3333333333333335,0.16666666666666666,1.1666666666666667,0.3333333333333333,0.0,2.0055555555555555,4.0,1.1666666666666667,1.0,2.5,0.6666666666666666,3.0,6.166666666666667,20.333333333333332,18.5,35.5,2.8333333333333335,16.666666666666668,2.0,1.6666666666666667,13.333333333333334,1.6666666666666667,5.333333333333333,1.6666666666666667,12.666666666666666,0.8333333333333334,0.6666666666666666,10.833333333333334,1.0,2.3333333333333335,14.166666666666666,17.0,0.3333333333333333,0.4224137931034483,0.6086956521739131,0.02564102564102564,0.44680851063829785,0.6956521739130435,0.7857142857142856,0.5056179775280899,0.6092436974789917,0.5882352941176471,0.76,0.41666666666666663,0.29999999999999993,0.8125,0.6000000000000001,0.4375,0.6967213114754098,0.47887323943661975
Richard Walsh,Orthodox,No,No,No,Richard Walsh,0.17777777777777778,0.5,0.06666666666666667,0.0,1.4807407407407407,11.844444444444447,3.244444444444445,3.555555555555556,9.833333333333334,4.566666666666666,4.2444444444444445,18.644444444444442,39.67777777777778,32.23333333333333,54.68888888888889,1.2333333333333334,30.04444444444444,5.266666666666667,4.366666666666666,27.566666666666666,6.811111111111111,5.3,0.0,0.6222222222222222,0.17777777777777778,0.0,1.266851851851852,7.888888888888889,2.6222222222222222,2.6333333333333333,9.855555555555556,2.411111111111111,0.8777777777777779,13.144444444444446,31.888888888888886,21.833333333333332,42.15555555555556,1.9333333333333333,24.266666666666666,3.9444444444444446,3.6777777777777776,26.555555555555557,4.144444444444445,1.1888888888888889,1.3111111111111111,16.377777777777776,1.3222222222222222,1.0444444444444445,16.7,1.7333333333333334,0.31111111111111106,18.744444444444444,20.322222222222223,0.4054054054054054,0.3942307692307694,0.6160337552742617,0.11450381679389314,0.3567110036275696,0.6704730831973899,0.8008385744234802,0.4698963875665079,0.589394555058919,0.6781609195402298,0.674908424908425,0.3352112676056338,0.8308157099697885,0.6288702928870293,0.418230563002681,0.2616822429906541,0.5878048780487803,0.4820769636267792
Seo Hee Ham,Southpaw,No,No,No,Seo Hee Ham,0.0,0.0,0.08333333333333333,0.08333333333333333,0.32638888888888884,12.5,5.333333333333333,3.1666666666666665,18.583333333333332,2.0833333333333335,0.3333333333333333,21.0,52.916666666666664,24.75,57.0,0.6666666666666666,39.916666666666664,8.583333333333334,4.416666666666667,48.166666666666664,4.333333333333333,0.4166666666666667,0.0,0.25,0.0,0.0,0.9194444444444446,15.833333333333334,4.666666666666667,5.25,19.833333333333332,4.5,1.4166666666666667,25.75,66.25,30.166666666666668,71.75,0.75,50.583333333333336,8.333333333333334,7.333333333333333,57.5,6.833333333333333,1.9166666666666667,0.5,34.75,3.6666666666666665,2.0833333333333335,37.666666666666664,2.3333333333333335,0.5,40.5,41.583333333333336,0.0,0.31315240083507306,0.6213592233009708,0.0,0.3858131487889273,0.48076923076923084,0.7999999999999999,0.3968503937007874,0.4342105263157895,0.6666666666666667,0.6869851729818781,0.44000000000000006,0.9659090909090909,0.655072463768116,0.3414634146341463,0.26086956521739124,0.6113207547169811,0.5795586527293843
Yao Zhikui,Orthodox,No,No,No,Yao Zhikui,0.0,0.2222222222222222,0.0,0.19444444444444442,0.6666666666666665,5.111111111111112,0.611111111111111,1.0833333333333333,4.583333333333333,0.8333333333333334,1.3888888888888886,6.805555555555556,30.75,15.694444444444443,40.27777777777778,1.277777777777778,27.916666666666668,1.1666666666666667,1.6666666666666667,26.027777777777775,1.8888888888888886,2.8333333333333335,0.19444444444444442,0.47222222222222215,0.1111111111111111,0.1111111111111111,1.0773148148148148,8.638888888888888,1.1666666666666667,3.5833333333333335,8.777777777777779,3.1666666666666665,1.4444444444444446,13.388888888888888,25.694444444444443,22.305555555555554,35.80555555555555,1.1944444444444444,19.527777777777775,2.1666666666666665,4.0,20.0,3.6944444444444446,2.0,0.7222222222222222,10.888888888888888,1.0,0.4166666666666667,11.222222222222221,0.5277777777777778,0.5555555555555555,12.305555555555555,13.5,0.17391304347826084,0.18308457711442788,0.5238095238095237,0.13333333333333333,0.17609391675560299,0.4411764705882354,0.4901960784313724,0.22131887985546525,0.38965517241379305,0.6046511627906977,0.5576102418207681,0.46153846153846145,0.8819444444444444,0.5611111111111111,0.1428571428571429,0.2777777777777777,0.4789189189189189,0.3770364623739333
Yusuke Kasuya,Southpaw,No,No,No,Yusuke Kasuya,0.0,0.5,0.0,0.16666666666666666,0.2916666666666667,4.666666666666667,3.5,2.1666666666666665,10.0,0.3333333333333333,0.0,10.333333333333334,23.5,10.833333333333334,24.0,1.1666666666666667,16.5,4.5,2.5,23.0,0.5,0.0,0.0,0.5,0.0,0.5,0.736111111111111,15.0,1.1666666666666667,2.6666666666666665,10.666666666666666,0.6666666666666666,7.5,18.833333333333332,37.666666666666664,20.833333333333332,39.666666666666664,0.5,32.333333333333336,2.1666666666666665,3.1666666666666665,25.833333333333332,0.8333333333333334,11.0,0.0,17.333333333333332,1.0,0.5,15.166666666666666,0.16666666666666666,3.5,18.833333333333332,18.833333333333332,0.42857142857142855,0.2828282828282829,0.7777777777777778,0.2,0.43478260869565216,0.6666666666666666,,0.4397163120567376,0.4513888888888889,0.0,0.5360824742268042,0.46153846153846145,0.8421052631578947,0.5870967741935484,0.20000000000000007,0.31818181818181823,0.5,0.47478991596638653
Manvel Gamburyan,Orthodox,No,No,No,Manvel Gamburyan,0.022222222222222223,0.8608585858585859,0.20530303030303032,0.041666666666666664,1.1144739057239057,5.726262626262627,1.3315656565656566,1.6896464646464644,5.763383838383838,1.907070707070707,1.077020202020202,8.747474747474747,22.33636363636364,15.780050505050506,30.460353535353534,2.811868686868687,18.298484848484847,2.0103535353535356,2.0275252525252525,17.072979797979798,2.8537878787878785,2.4095959595959595,0.1272727272727273,0.3156565656565657,0.022222222222222223,0.022222222222222223,0.9888468013468014,7.766414141414141,2.6166666666666667,3.277020202020202,8.981565656565657,3.122979797979798,1.5555555555555556,13.66010101010101,30.151515151515152,27.433333333333334,46.217171717171716,1.0994949494949495,22.873232323232326,3.437878787878788,3.8404040404040405,23.631060606060604,4.278282828282829,2.242171717171717,0.7838383838383839,15.106818181818182,0.8212121212121213,0.5633838383838384,14.649494949494951,1.1553030303030303,0.6866161616161617,16.491414141414143,18.783838383838383,0.30615177368657387,0.3129364356490299,0.662353975631202,0.4245858761987794,0.3375733999911254,0.6682594460667197,0.44697128484594423,0.39162483606928045,0.5180521127811446,0.712907671107028,0.660458389454393,0.2388717496694579,0.9178064176749079,0.6199254106156296,0.2700389564396176,0.30622817884896947,0.5469514237855946,0.40642552726477976
Ryan Bader,Orthodox,No,No,No,Ryan Bader,0.09064935064935065,1.2041558441558442,0.26246753246753246,0.0,2.050952380952381,6.374415584415584,1.4328571428571428,0.9998701298701299,3.7166233766233767,0.9218181818181819,4.168701298701299,8.807142857142857,20.587532467532466,19.645324675324677,33.586883116883115,3.3307792207792204,17.30948051948052,2.0287012987012987,1.2493506493506492,13.727662337662338,1.351818181818182,5.508051948051948,0.04428571428571428,0.44857142857142857,0.058571428571428566,0.0,0.4292575757575758,4.032987012987013,1.2335064935064934,0.7432467532467533,4.433246753246753,1.1993506493506494,0.3771428571428571,6.00974025974026,18.865454545454547,8.356623376623377,21.264805194805195,0.7690909090909092,15.400649350649351,2.083896103896104,1.3809090909090909,16.806753246753246,1.5287012987012987,0.53,0.32051948051948054,11.367662337662338,0.8503896103896104,0.6376623376623376,12.373506493506493,0.3293506493506494,0.15285714285714286,12.855714285714285,12.908181818181816,0.3615237649627637,0.368261518723318,0.7062928109596056,0.963825363825364,0.2707397141046139,0.6819098856758573,0.756837687446949,0.4277901137998032,0.58491062141606,0.41675109760216145,0.738128768393979,0.4080767792596286,0.675162230790934,0.7362222977776404,0.2154447370656698,0.28840970350404327,0.6814420641039762,0.607020929650236
Anna Elmose,Orthodox,No,No,No,Anna Elmose,0.16666666666666666,0.0,0.0,0.0,0.861111111111111,11.166666666666666,3.5,2.8333333333333335,13.0,1.3333333333333333,3.1666666666666665,17.5,36.833333333333336,24.5,45.0,0.8333333333333334,28.333333333333332,4.833333333333333,3.6666666666666665,30.833333333333332,2.0,4.0,0.16666666666666666,0.6666666666666666,0.3333333333333333,0.0,1.1027777777777779,19.0,3.0,0.5,16.666666666666668,2.5,3.3333333333333335,22.5,52.666666666666664,32.833333333333336,65.16666666666667,0.8333333333333334,48.333333333333336,3.8333333333333335,0.5,45.333333333333336,2.8333333333333335,4.5,0.16666666666666666,29.333333333333332,0.8333333333333334,0.0,28.666666666666668,0.3333333333333333,1.1666666666666667,30.166666666666668,32.333333333333336,0.0,0.3941176470588235,0.7241379310344828,0.0,0.42162162162162165,0.6666666666666666,0.7916666666666666,0.4751131221719457,0.5444444444444444,0.20000000000000007,0.6068965517241379,0.21739130434782616,-0.33333333333333326,0.6323529411764706,0.11764705882352944,0.2592592592592592,0.5727848101265822,0.4961636828644501
Ali Bagautinov,Orthodox,No,No,Yes,Ali Bagautinov,0.05714285714285714,0.5428571428571429,0.05714285714285714,0.02857142857142857,1.5080952380952382,5.885714285714286,4.171428571428572,1.5714285714285714,5.6,3.3714285714285714,2.657142857142857,11.628571428571428,29.457142857142856,17.6,36.28571428571429,2.342857142857143,21.342857142857145,5.742857142857143,2.3714285714285714,19.628571428571426,6.2,3.6285714285714286,0.0,0.19999999999999998,0.14285714285714285,0.0,0.4352380952380952,9.142857142857142,5.428571428571429,4.0285714285714285,8.428571428571429,9.4,0.7714285714285715,18.6,37.17142857142857,26.628571428571426,45.82857142857143,1.0857142857142859,23.742857142857144,7.657142857142857,5.771428571428571,23.4,12.885714285714286,0.8857142857142858,0.8857142857142858,14.6,2.2285714285714286,1.742857142857143,14.971428571428572,3.485714285714286,0.11428571428571428,18.571428571428573,19.2,0.23170731707317074,0.2757697456492637,0.7263681592039801,0.22891566265060243,0.2852983988355168,0.543778801843318,0.732283464566929,0.3947623666343356,0.4850393700787401,0.8157894736842106,0.614921780986763,0.29104477611940294,0.9653465346534653,0.6398046398046398,0.270509977827051,0.12903225806451613,0.4996156802459646,0.41895261845386544
Kyoji Horiguchi,Orthodox,No,No,Yes,Kyoji Horiguchi,0.10714285714285714,0.43690476190476185,0.0,0.0,0.7134325396825396,9.797619047619047,2.3904761904761904,1.0738095238095238,8.678571428571427,2.780952380952381,1.8023809523809526,13.261904761904763,31.45595238095238,20.38095238095238,39.871428571428574,1.4738095238095237,26.304761904761904,3.932142857142857,1.219047619047619,24.291666666666668,4.109523809523809,3.0547619047619046,0.0,1.5345238095238094,0.36904761904761907,0.02857142857142857,1.6753571428571425,6.152380952380953,4.444047619047619,2.413095238095238,8.517857142857142,2.9404761904761907,1.5511904761904762,13.00952380952381,29.090476190476192,25.021428571428572,41.647619047619045,2.544047619047619,18.917857142857144,6.951190476190476,3.2214285714285715,23.523809523809526,3.907142857142857,1.6595238095238094,1.0095238095238095,12.765476190476189,2.507142857142857,0.8083333333333333,15.00595238095238,0.9666666666666668,0.10833333333333332,16.08095238095238,16.626190476190477,0.2964458804523425,0.372465604634323,0.607932182864063,0.3583984375,0.35726537613330056,0.6767091541135574,0.5900233826968044,0.4216023918555804,0.5111668458139257,0.39681796911558265,0.6747844691964004,0.3606781983216304,0.5236511456023651,0.6379048582995952,0.24741011578305905,0.06527977044476319,0.5527909641512523,0.39921106791676186
Magnus Cedenblad,Orthodox,No,No,No,Magnus Cedenblad,0.05555555555555555,0.8111111111111112,0.18888888888888888,0.12222222222222223,2.3116666666666665,5.622222222222223,1.5555555555555556,1.3,4.966666666666667,1.7222222222222223,1.7888888888888888,8.477777777777778,16.688888888888886,42.233333333333334,52.71111111111111,1.388888888888889,12.588888888888889,2.6777777777777785,1.4222222222222223,11.633333333333333,2.766666666666667,2.288888888888889,0.18888888888888888,0.12222222222222223,0.06666666666666667,0.12222222222222223,0.6896296296296297,6.711111111111111,2.3000000000000003,2.088888888888889,5.711111111111111,2.411111111111111,2.977777777777778,11.1,17.633333333333333,22.266666666666666,29.61111111111111,0.37777777777777777,11.933333333333332,3.1333333333333333,2.566666666666667,11.633333333333333,2.5444444444444443,3.4555555555555557,0.25555555555555554,5.222222222222222,0.8333333333333334,0.4777777777777778,5.922222222222222,0.13333333333333333,0.4777777777777778,6.533333333333334,7.344444444444444,0.584,0.44660194174757284,0.5809128630705392,0.5703125000000001,0.4269340974212035,0.6224899598393574,0.7815533980582523,0.507989347536618,0.8012225969645869,0.6764705882352942,0.43761638733705766,0.2659574468085105,0.9523809523809523,0.5090735434574976,0.05240174672489084,0.13826366559485537,0.3705103969754253,0.24803001876172615
Milana Dudieva,Orthodox,No,No,No,Milana Dudieva,0.0,0.6666666666666666,0.0,0.0,0.7703703703703705,2.055555555555556,1.1666666666666667,0.7777777777777777,2.5,1.3888888888888886,0.1111111111111111,4.0,12.0,13.888888888888888,24.222222222222225,1.5,9.055555555555555,2.1666666666666665,0.7777777777777777,9.333333333333334,2.2222222222222223,0.4444444444444444,0.0,0.27777777777777773,0.1111111111111111,0.27777777777777773,2.2370370370370374,11.944444444444443,1.6111111111111114,1.5555555555555554,3.7777777777777772,4.333333333333333,7.0,15.111111111111109,35.55555555555555,26.38888888888889,50.555555555555564,0.27777777777777773,31.277777777777782,2.611111111111111,1.6666666666666667,15.944444444444443,7.166666666666667,12.444444444444443,0.0,19.333333333333332,1.0,0.1111111111111111,12.166666666666666,2.8333333333333335,5.4444444444444455,20.444444444444443,24.166666666666668,0.4444444444444444,0.22699386503067487,0.5384615384615385,0.8571428571428572,0.26785714285714285,0.6249999999999999,0.25,0.3333333333333333,0.5733944954128439,0.0,0.6181172291296626,0.3829787234042552,0.8333333333333334,0.7630662020905923,0.39534883720930236,0.4374999999999999,0.575,0.4780219780219781
Heather Clark,Orthodox,No,No,No,Heather Clark,0.0,0.1111111111111111,0.1111111111111111,0.1111111111111111,1.6851851851851851,10.666666666666666,5.333333333333333,2.444444444444444,12.888888888888888,4.888888888888888,0.6666666666666666,18.444444444444446,37.55555555555555,32.55555555555556,53.55555555555555,2.6666666666666665,26.666666666666668,8.0,2.8888888888888893,30.333333333333332,6.333333333333333,0.8888888888888888,0.0,0.1111111111111111,0.0,0.0,0.5685185185185185,17.77777777777778,5.5555555555555545,4.777777777777778,18.11111111111111,9.444444444444445,0.5555555555555555,28.11111111111111,57.0,41.55555555555556,72.88888888888889,0.5555555555555555,43.444444444444436,8.11111111111111,5.4444444444444455,41.666666666666664,14.666666666666666,0.6666666666666666,0.4444444444444444,25.666666666666668,2.555555555555556,0.6666666666666666,23.555555555555554,5.222222222222222,0.1111111111111111,28.88888888888889,31.333333333333332,0.041666666666666664,0.39999999999999997,0.6666666666666666,0.03846153846153846,0.4249084249084249,0.7719298245614035,0.75,0.4911242603550297,0.607883817427386,0.8,0.5907928388746801,0.3150684931506851,0.9795918367346939,0.5653333333333332,0.35606060606060597,0.16666666666666674,0.50682261208577,0.42987804878048774
Chris Avila,Orthodox,No,No,No,Chris Avila,0.0,0.0,0.0,0.0,0.061111111111111095,8.5,1.6666666666666667,1.6666666666666667,10.0,1.5,0.3333333333333333,11.833333333333334,38.833333333333336,17.333333333333332,45.166666666666664,0.16666666666666666,33.833333333333336,3.3333333333333335,1.6666666666666667,35.333333333333336,3.0,0.5,0.0,1.1666666666666667,0.0,0.0,1.2750000000000001,7.333333333333333,3.8333333333333335,9.666666666666666,17.833333333333332,1.6666666666666667,1.3333333333333333,20.833333333333332,40.666666666666664,32.0,59.833333333333336,2.1666666666666665,24.166666666666668,6.166666666666667,10.333333333333334,35.833333333333336,2.8333333333333335,2.0,1.0,16.833333333333332,2.3333333333333335,0.6666666666666666,18.0,1.1666666666666667,0.6666666666666666,19.833333333333332,27.833333333333332,0.0,0.25123152709359603,0.5,0.0,0.2830188679245283,0.5,0.6666666666666666,0.30472103004291845,0.3837638376383764,0.46153846153846145,0.6965517241379311,0.3783783783783784,0.8870967741935484,0.5023255813953489,0.4117647058823529,0.33333333333333337,0.4877049180327869,0.4651810584958217
Erick Montano,Orthodox,No,No,No,Erick Montano,0.0,0.611111111111111,0.0,0.16666666666666666,1.222222222222222,5.555555555555556,1.0,3.5555555555555554,8.166666666666666,1.1111111111111112,0.8333333333333334,10.111111111111112,23.5,17.5,32.0,1.5555555555555556,14.277777777777779,2.5,6.722222222222222,20.61111111111111,1.722222222222222,1.1666666666666667,0.0,0.3333333333333333,0.16666666666666666,0.27777777777777773,0.8222222222222223,4.888888888888888,0.9444444444444443,1.3333333333333333,4.833333333333333,0.9444444444444443,1.3888888888888886,7.166666666666667,20.777777777777775,8.666666666666666,22.5,0.8888888888888888,17.833333333333332,1.3333333333333333,1.611111111111111,16.666666666666668,1.3888888888888886,2.7222222222222228,0.5555555555555555,12.944444444444443,0.38888888888888884,0.27777777777777773,11.833333333333334,0.4444444444444444,1.3333333333333333,13.611111111111109,13.833333333333334,0.3928571428571428,0.38910505836575876,0.4,0.0909090909090909,0.3962264150943396,0.6451612903225807,0.7142857142857143,0.43026004728132394,0.546875,0.625,0.7258566978193146,0.29166666666666674,0.7931034482758621,0.71,0.31999999999999995,0.48979591836734715,0.6550802139037433,0.6148148148148148
Erik Perez,Orthodox,No,No,No,Erik Perez,0.12962962962962962,0.985185185185185,0.037037037037037035,0.12962962962962962,1.664320987654321,6.848148148148148,5.062962962962963,1.6666666666666667,6.9185185185185185,2.0185185185185186,4.640740740740741,13.577777777777778,34.02222222222222,34.82962962962963,57.6,1.8074074074074076,24.792592592592595,7.2370370370370365,1.9925925925925927,24.8,3.151851851851852,6.07037037037037,0.05555555555555555,0.17777777777777778,0.3925925925925926,0.0925925925925926,0.8570370370370369,6.340740740740741,1.7518518518518518,1.1592592592592592,7.892592592592592,0.9444444444444443,0.4148148148148148,9.251851851851852,28.618518518518517,12.522222222222224,32.1037037037037,0.5888888888888889,24.42962962962963,2.7148148148148152,1.474074074074074,25.88518518518519,2.1185185185185182,0.6148148148148148,0.41111111111111115,18.08888888888889,0.9629629629629629,0.3148148148148148,17.99259259259259,1.174074074074074,0.19999999999999998,19.366666666666667,19.58148148148148,0.5450819672131146,0.2762175082163131,0.6995905834186286,0.49442379182156126,0.2789725209080048,0.6404230317273796,0.764490543014033,0.39908556499020253,0.6046810699588477,0.6981132075471699,0.7404487568223166,0.35470668485675316,0.8793969849246231,0.6950922878809558,0.5541958041958042,0.32530120481927716,0.6767180018118286,0.6099446239040147
Jason Novelli,Orthodox,No,No,No,Jason Novelli,0.0,0.3333333333333333,0.0,0.0,0.37777777777777777,4.666666666666667,1.1666666666666667,2.8333333333333335,7.833333333333333,0.16666666666666666,0.6666666666666666,8.666666666666666,36.166666666666664,13.5,41.833333333333336,0.6666666666666666,29.833333333333332,3.0,3.3333333333333335,34.666666666666664,0.5,1.0,0.16666666666666666,0.0,0.0,0.0,0.4305555555555555,7.0,4.666666666666667,4.0,13.833333333333334,0.0,1.8333333333333333,15.666666666666666,47.833333333333336,18.5,50.666666666666664,0.16666666666666666,35.5,7.0,5.333333333333333,45.333333333333336,0.5,2.0,0.16666666666666666,28.5,2.3333333333333335,1.3333333333333333,31.5,0.5,0.16666666666666666,32.166666666666664,32.166666666666664,0.5,0.15642458100558662,0.3888888888888889,0.09999999999999999,0.22596153846153846,0.3333333333333333,0.6666666666666666,0.23963133640552994,0.32270916334661354,1.0,0.8028169014084507,0.33333333333333326,1.0,0.6948529411764706,1.0,0.08333333333333337,0.6724738675958188,0.6348684210526316
Albert Tumenov,Orthodox,No,No,No,Albert Tumenov,0.20833333333333334,0.041666666666666664,0.0,0.041666666666666664,0.12902777777777777,13.975,2.75,0.8166666666666668,15.591666666666667,1.2833333333333334,0.6666666666666666,17.541666666666668,41.56666666666667,18.491666666666667,43.01666666666667,0.31666666666666665,36.358333333333334,4.308333333333334,0.9,38.074999999999996,1.9916666666666665,1.5,0.0,0.4916666666666667,0.15,0.0,0.9034722222222222,7.608333333333333,3.7583333333333333,4.008333333333334,12.65,1.2249999999999999,1.5,15.375,37.983333333333334,18.141666666666666,41.00833333333333,2.2666666666666666,27.724999999999998,5.333333333333333,4.925,34.574999999999996,1.5666666666666667,1.8416666666666668,1.7750000000000001,20.116666666666667,1.575,0.9166666666666666,21.925,0.3416666666666666,0.3416666666666666,22.608333333333334,22.866666666666664,0.13157894736842105,0.38436855374742146,0.6382978723404255,0.046296296296296294,0.4094987962355002,0.6443514644351466,0.4444444444444444,0.4220128307939054,0.42987214258039513,0.7830882352941176,0.7255785993387436,0.2953125,0.9001692047377327,0.6341287057122198,0.21808510638297884,0.18552036199095023,0.5952172005265468,0.5576102418207682
Lukasz Sajewski,Orthodox,No,No,No,Lukasz Sajewski,0.0,0.2222222222222222,0.0,0.0,0.5944444444444444,5.777777777777778,3.6666666666666665,1.0,9.166666666666666,0.5,0.7777777777777778,10.444444444444445,30.222222222222225,12.5,32.38888888888889,0.8888888888888888,22.944444444444446,5.277777777777778,2.0,27.5,1.8333333333333333,0.8888888888888888,0.0,0.3333333333333333,0.1111111111111111,0.0,0.26666666666666666,16.11111111111111,3.111111111111111,2.944444444444444,18.777777777777775,2.9444444444444446,0.4444444444444444,22.166666666666668,50.88888888888889,25.166666666666668,54.111111111111114,1.0555555555555556,42.944444444444436,4.611111111111112,3.3333333333333335,43.88888888888889,6.444444444444444,0.5555555555555556,0.7222222222222223,26.833333333333332,1.5,0.38888888888888884,25.111111111111114,3.5,0.1111111111111111,28.722222222222218,28.944444444444443,0.25,0.2518159806295399,0.6947368421052631,0.1111111111111111,0.3333333333333333,0.27272727272727276,0.8750000000000001,0.34558823529411764,0.385934819897084,0.6842105263157895,0.6248382923673996,0.32530120481927716,0.9,0.5721518987341774,0.543103448275862,0.20000000000000007,0.564410480349345,0.5349075975359343
Dan Henderson,Orthodox,No,No,Yes,Dan Henderson,0.13194444444444445,0.3277777777777778,0.12361111111111112,0.15555555555555556,0.7266898148148148,6.415277777777777,1.6027777777777779,2.5277777777777777,6.498611111111112,2.333333333333333,1.713888888888889,10.545833333333334,24.320833333333333,14.631944444444446,28.791666666666664,0.9166666666666666,19.381944444444446,1.961111111111111,2.977777777777778,18.079166666666666,3.5041666666666664,2.7375,0.15833333333333333,0.5083333333333333,0.11944444444444444,0.0,1.247037037037037,12.544444444444444,2.870833333333333,1.659722222222222,10.198611111111111,1.961111111111111,4.915277777777778,17.075,36.31388888888888,29.259722222222223,49.204166666666666,1.0041666666666667,30.65,3.647222222222222,2.0166666666666666,25.643055555555556,3.1597222222222223,7.511111111111111,0.4958333333333333,18.105555555555554,0.7763888888888889,0.35694444444444445,15.444444444444446,1.198611111111111,2.595833333333333,19.238888888888887,19.944444444444446,0.3575757575757576,0.33099247581512,0.8172804532577904,0.11007462686567164,0.3594530229699624,0.6658739595719382,0.6260781329274481,0.43361315744389245,0.5082006753497348,0.49377593360995853,0.5907195939822367,0.21287128712871295,0.7479338842975207,0.6022856523858529,0.3793406593406594,0.34559911242603547,0.5297942323873632,0.40534055946029857
Cody East,Orthodox,No,No,No,Cody East,0.0,0.75,0.0,0.0,0.2625,9.5,0.75,2.75,10.0,2.0,1.0,13.0,29.75,19.0,36.5,0.75,25.0,1.5,3.25,24.75,3.5,1.5,0.25,1.5,0.0,0.0,1.5125000000000002,22.5,3.75,1.5,7.0,2.5,18.25,27.75,42.75,50.0,68.25,1.75,36.75,4.5,1.5,14.25,5.0,23.5,0.25,14.25,0.75,0.0,7.25,2.5,5.25,15.0,18.25,1.0,0.38,0.5,0.23076923076923078,0.40404040404040403,0.5714285714285714,0.6666666666666666,0.4369747899159664,0.5205479452054794,0.1428571428571429,0.3877551020408163,0.16666666666666663,0.0,0.5087719298245614,0.5,0.22340425531914898,0.3508771929824561,0.26739926739926745
Kelly Faszholz,Orthodox,No,No,No,Kelly Faszholz,0.0,0.0,0.0,0.0,0.29444444444444445,12.666666666666666,5.833333333333333,1.5,16.166666666666668,3.3333333333333335,0.5,20.0,41.5,34.833333333333336,57.5,0.5,31.666666666666668,8.166666666666666,1.6666666666666667,34.833333333333336,5.5,1.1666666666666667,0.0,0.8333333333333334,0.0,0.0,2.4444444444444446,13.0,2.6666666666666665,2.3333333333333335,9.833333333333334,2.0,6.166666666666667,18.0,38.0,42.5,65.33333333333333,1.5,32.666666666666664,3.0,2.3333333333333335,27.0,3.3333333333333335,7.666666666666667,0.6666666666666666,19.666666666666668,0.3333333333333333,0.0,17.166666666666668,1.3333333333333333,1.5,20.0,22.833333333333332,0.0,0.39999999999999997,0.7142857142857143,0.0,0.46411483253588515,0.6060606060606061,0.42857142857142855,0.4819277108433735,0.6057971014492755,0.4444444444444444,0.6020408163265305,0.11111111111111116,0.6428571428571428,0.6358024691358024,0.4,0.19565217391304346,0.5263157894736843,0.34948979591836726
Tamdan McCrory,Switch,No,No,No,Tamdan McCrory,0.0,0.6481481481481481,0.6296296296296297,0.25925925925925924,1.657716049382716,6.462962962962963,1.5185185185185184,0.9074074074074074,2.9629629629629632,1.3333333333333333,4.592592592592593,8.888888888888888,17.685185185185187,16.833333333333332,26.314814814814813,1.5,14.629629629629628,1.9814814814814816,1.0740740740740742,8.518518518518517,2.3148148148148144,6.851851851851852,0.14814814814814814,0.7037037037037037,0.3333333333333333,0.1851851851851852,1.6540123456790123,2.5370370370370368,1.962962962962963,1.777777777777778,3.4629629629629632,0.4259259259259259,2.388888888888889,6.277777777777779,12.129629629629628,16.333333333333332,23.037037037037038,1.0555555555555556,7.0,2.7037037037037037,2.425925925925926,7.833333333333333,0.6851851851851852,3.611111111111111,0.3518518518518518,4.462962962962963,0.7407407407407408,0.6481481481481481,4.37037037037037,0.25925925925925924,1.2222222222222223,5.851851851851852,6.703703703703703,0.43209876543209874,0.4417721518987342,0.7663551401869158,0.603448275862069,0.34782608695652184,0.5760000000000001,0.6702702702702702,0.5026178010471203,0.6396903589021815,0.33333333333333337,0.6375661375661377,0.273972602739726,0.7099236641221374,0.5579196217494089,0.3783783783783785,0.3384615384615385,0.4824427480916029,0.2909967845659165
Glaico Franca Moreira,Orthodox,No,No,No,Glaico Franca Moreira,0.0,0.8888888888888888,0.1111111111111111,0.0,1.3555555555555554,7.5555555555555545,1.777777777777778,2.3333333333333335,7.333333333333333,3.5555555555555554,0.7777777777777778,11.666666666666666,27.444444444444446,20.555555555555554,37.22222222222222,2.111111111111111,22.11111111111111,2.444444444444444,2.888888888888889,22.11111111111111,4.222222222222222,1.111111111111111,0.0,0.7777777777777777,0.0,0.0,1.9129629629629628,14.555555555555557,1.5555555555555556,1.111111111111111,14.333333333333334,1.222222222222222,1.6666666666666667,17.22222222222222,32.666666666666664,32.22222222222222,49.22222222222222,3.3333333333333335,29.444444444444446,2.0,1.222222222222222,28.222222222222225,2.0,2.444444444444444,2.5555555555555554,14.888888888888891,0.4444444444444444,0.1111111111111111,13.888888888888891,0.7777777777777777,0.7777777777777778,15.444444444444445,17.0,0.42105263157894735,0.3417085427135678,0.7272727272727274,0.30769230769230765,0.3316582914572864,0.8421052631578947,0.7000000000000001,0.42510121457489874,0.5522388059701492,0.7666666666666667,0.5056603773584906,0.2222222222222222,0.36363636363636365,0.4921259842519685,0.38888888888888895,0.3181818181818181,0.4727891156462585,0.34537246049661396
Antonio Silva,Orthodox,No,No,Yes,Antonio Silva,0.18636363636363637,0.0,0.0,0.0,0.5423484848484847,12.404545454545454,2.3227272727272728,2.290909090909091,10.463636363636365,3.581818181818182,2.9727272727272727,17.01818181818182,33.13181818181818,25.327272727272728,43.513636363636365,0.7727272727272727,27.045454545454543,3.172727272727273,2.9136363636363636,22.563636363636363,5.840909090909091,4.7272727272727275,0.2409090909090909,0.38636363636363635,0.0,0.0,1.268939393939394,19.15909090909091,1.981818181818182,0.5272727272727273,16.445454545454545,1.540909090909091,3.681818181818182,21.668181818181818,32.554545454545455,33.231818181818184,45.304545454545455,0.9772727272727273,29.886363636363637,2.140909090909091,0.5272727272727273,26.045454545454543,1.8227272727272728,4.686363636363636,0.5909090909090909,10.727272727272728,0.1590909090909091,0.0,9.6,0.28181818181818186,1.0045454545454546,10.886363636363637,12.072727272727272,0.0,0.45865546218487396,0.7320916905444126,0.0,0.4637389202256246,0.6132295719844358,0.6288461538461538,0.5136507065441076,0.5820536926773217,0.6046511627906976,0.35893536121673,0.07430997876857748,0.267241379310345,0.36858638743455496,0.1546134663341645,0.2143549951503393,0.3344037978218375,0.2664793819604695
Hector Urbina,Orthodox,No,No,No,Hector Urbina,0.0,0.0,1.222222222222222,0.1111111111111111,0.2666666666666666,3.555555555555556,0.4444444444444444,0.3333333333333333,1.5555555555555554,2.3333333333333335,0.4444444444444444,4.333333333333333,10.555555555555555,6.444444444444444,12.666666666666666,0.1111111111111111,9.444444444444445,0.6666666666666666,0.4444444444444444,6.777777777777779,3.0,0.7777777777777778,0.1111111111111111,1.7777777777777777,0.0,0.0,3.6277777777777778,8.222222222222221,0.6666666666666666,0.2222222222222222,4.222222222222222,1.111111111111111,3.7777777777777772,9.111111111111112,15.0,23.222222222222225,32.22222222222222,3.2222222222222228,14.111111111111109,0.6666666666666666,0.2222222222222222,7.888888888888888,1.888888888888889,5.222222222222222,1.4444444444444446,5.888888888888889,0.0,0.0,3.6666666666666665,0.7777777777777778,1.4444444444444444,5.888888888888889,9.0,0.0,0.3764705882352941,0.6666666666666666,0.0,0.22950819672131142,0.7777777777777778,0.5714285714285714,0.4105263157894737,0.5087719298245613,0.44827586206896564,0.4173228346456692,0.0,-7.0,0.46478873239436613,0.41176470588235303,0.27659574468085113,0.3925925925925925,0.2793103448275861
Leonardo Guimaraes,Orthodox,No,No,No,Leonardo Guimaraes,0.0,0.0,0.3333333333333333,0.0,0.6277777777777778,7.833333333333333,3.0,0.8333333333333334,6.5,2.0,3.1666666666666665,11.666666666666666,20.833333333333332,22.666666666666668,32.5,0.0,15.5,4.5,0.8333333333333334,14.5,3.1666666666666665,3.1666666666666665,0.0,1.5,0.16666666666666666,0.16666666666666666,2.3611111111111107,10.666666666666666,3.1666666666666665,1.0,8.833333333333334,1.6666666666666667,4.333333333333333,14.833333333333334,26.833333333333332,26.666666666666668,42.166666666666664,3.1666666666666665,20.833333333333332,4.833333333333333,1.1666666666666667,19.5,2.5,4.833333333333333,1.6666666666666667,10.166666666666666,1.6666666666666667,0.16666666666666666,10.666666666666666,0.8333333333333334,0.5,12.0,15.5,,0.5053763440860215,0.6666666666666666,0.0,0.4482758620689655,0.6315789473684211,1.0,0.56,0.6974358974358975,0.5263157894736842,0.488,0.3448275862068966,-0.2857142857142856,0.547008547008547,0.33333333333333326,0.10344827586206895,0.44720496894409933,0.3675889328063241
Augusto Montano,Orthodox,No,No,No,Augusto Montano,0.0,0.0,0.0,0.0,0.16111111111111112,5.166666666666667,2.8333333333333335,7.888888888888888,11.888888888888888,3.555555555555556,0.4444444444444444,15.888888888888891,35.666666666666664,18.11111111111111,37.888888888888886,0.0,20.833333333333332,5.277777777777778,9.555555555555555,29.722222222222225,5.166666666666667,0.7777777777777778,0.0,1.277777777777778,0.0,0.0,1.6805555555555554,9.38888888888889,0.5555555555555555,3.2222222222222228,10.444444444444445,0.5555555555555555,2.1666666666666665,13.166666666666666,30.055555555555557,26.5,45.88888888888889,3.5555555555555554,24.38888888888889,1.6111111111111114,4.055555555555556,25.777777777777775,1.9444444444444446,2.3333333333333335,2.277777777777778,15.0,1.0555555555555556,0.8333333333333334,15.333333333333334,1.388888888888889,0.16666666666666666,16.88888888888889,19.38888888888889,,0.24800000000000003,0.5368421052631579,0.0,0.3999999999999999,0.6881720430107527,0.5714285714285714,0.4454828660436138,0.4780058651026393,0.640625,0.6150341685649203,0.6551724137931035,0.6849315068493151,0.5948275862068966,0.7142857142857144,0.07142857142857151,0.5619223659889094,0.4225181598062955
Maximo Blanco,Orthodox,No,No,No,Maximo Blanco,0.07407407407407407,0.525925925925926,0.1037037037037037,0.1037037037037037,0.6961728395061728,14.54814814814815,2.162962962962963,2.0074074074074075,15.792592592592593,2.7185185185185183,0.2074074074074074,18.71851851851852,41.58518518518519,26.303703703703704,49.96296296296296,1.525925925925926,34.955555555555556,4.0,2.6296296296296298,35.992592592592594,4.948148148148149,0.6444444444444444,0.07407407407407407,0.17037037037037037,0.14814814814814814,0.0,0.7617283950617284,9.762962962962963,2.896296296296297,1.7777777777777777,10.614814814814816,3.3333333333333335,0.48888888888888893,14.437037037037037,41.24444444444444,18.51111111111111,45.45185185185185,0.9111111111111111,33.41481481481481,4.9259259259259265,2.903703703703704,33.992592592592594,6.348148148148148,0.9037037037037038,0.7407407407407408,23.65185185185185,2.0296296296296297,1.125925925925926,23.377777777777776,3.0148148148148146,0.4148148148148148,26.807407407407407,26.94074074074074,0.34466019417475735,0.4161898707353253,0.5407407407407407,0.20000000000000004,0.43877341016670096,0.5494011976047903,0.32183908045977017,0.4501246882793017,0.52646404744255,0.8130081300813008,0.7078253158944801,0.41203007518796986,0.9413265306122449,0.6877315319241665,0.4749124854142357,0.4590163934426229,0.6499640804597702,0.5927314211212517
Joey Gomez,Orthodox,No,No,No,Joey Gomez,0.16666666666666666,0.16666666666666666,0.0,0.0,0.1111111111111111,6.0,1.6666666666666667,3.0,8.666666666666666,2.0,0.0,10.666666666666666,38.0,17.0,44.5,0.16666666666666666,30.5,4.0,3.5,34.166666666666664,3.3333333333333335,0.5,0.6666666666666666,1.0,0.0,0.0,1.3416666666666668,12.333333333333334,5.833333333333333,1.5,14.666666666666666,3.1666666666666665,1.8333333333333333,19.666666666666668,44.5,25.333333333333332,52.333333333333336,2.0,32.166666666666664,10.333333333333334,2.0,36.333333333333336,4.5,3.6666666666666665,1.0,19.833333333333332,4.5,0.5,21.666666666666668,1.3333333333333333,1.8333333333333333,24.833333333333332,27.0,1.0,0.19672131147540983,0.4166666666666667,0.047619047619047616,0.25365853658536586,0.6,0.0,0.2807017543859649,0.38202247191011235,0.5,0.616580310880829,0.435483870967742,0.5,0.5963302752293578,0.2962962962962963,0.5,0.5580524344569289,0.515923566878981
Kenny Robertson,Orthodox,No,No,No,Kenny Robertson,0.07407407407407407,0.362962962962963,0.2222222222222222,0.15925925925925924,1.5558641975308642,10.218518518518518,2.3296296296296295,3.3703703703703702,9.818518518518518,2.951851851851852,3.1481481481481484,15.918518518518518,34.181481481481484,27.14814814814815,48.27037037037038,1.3592592592592592,27.262962962962963,3.266666666666667,3.651851851851852,24.755555555555556,4.385185185185185,5.04074074074074,0.05555555555555555,0.5888888888888889,0.07407407407407407,0.12222222222222223,1.006111111111111,9.533333333333333,3.051851851851852,1.2481481481481482,8.329629629629629,2.5407407407407407,2.9629629629629632,13.833333333333334,29.085185185185185,23.825925925925926,40.83703703703704,1.3666666666666665,23.548148148148147,4.288888888888889,1.2481481481481482,21.46666666666667,3.5629629629629633,4.055555555555555,0.7777777777777777,14.014814814814814,1.2370370370370372,0.0,13.137037037037038,1.0222222222222221,1.0925925925925926,15.251851851851852,17.01111111111111,0.26702997275204365,0.37481320472761853,0.7131519274376416,0.09939148073022312,0.3966187911430281,0.673141891891892,0.624540778839089,0.4657059269693357,0.5624184761758612,0.5691056910569106,0.5951557093425606,0.2884283246977547,0.5281899109792285,0.6119737750172534,0.28690228690228703,0.26940639269406386,0.5243855851267032,0.4165608561581716
Caio Magalhaes,Orthodox,No,No,No,Caio Magalhaes,0.09523809523809523,0.38888888888888884,0.3849206349206349,0.08333333333333333,1.2089285714285714,5.194444444444444,1.9325396825396826,2.242063492063492,6.158730158730159,1.4404761904761905,1.7698412698412698,9.369047619047619,24.61904761904762,20.48015873015873,37.0515873015873,1.9761904761904763,16.765873015873016,3.3531746031746033,4.5,19.817460317460316,2.1984126984126986,2.6031746031746033,0.0,0.2738095238095238,0.13095238095238096,0.0,0.6695105820105821,6.55952380952381,2.2261904761904763,2.734126984126984,7.488095238095238,2.492063492063492,1.5396825396825395,11.51984126984127,26.884920634920636,19.96428571428571,36.47222222222222,0.7698412698412698,19.837301587301585,3.630952380952381,3.4166666666666665,21.34920634920635,3.0912698412698414,2.444444444444444,0.49603174603174605,13.277777777777777,1.4047619047619049,0.6825396825396824,13.861111111111109,0.5992063492063492,0.9047619047619048,15.365079365079366,16.50793650793651,0.1967871485943775,0.30982248520710054,0.5763313609467455,0.08641975308641975,0.31077292751301566,0.6552346570397112,0.6798780487804877,0.38056092843326883,0.552747135054086,0.6443298969072164,0.6693338667733546,0.3868852459016393,0.9198606271777003,0.6492565055762083,0.1938382541720154,0.3701298701298701,0.5715129151291513,0.4526166902404527
Sean Spencer,Orthodox,No,No,No,Sean Spencer,0.125,0.041666666666666664,0.0,0.041666666666666664,0.2965277777777778,15.232142857142856,3.410714285714286,1.4702380952380951,17.267857142857142,2.1785714285714284,0.6666666666666666,20.113095238095237,61.50595238095238,22.553571428571427,64.02976190476191,0.13095238095238096,53.60119047619048,5.964285714285714,1.9404761904761905,57.0,3.6726190476190474,0.8333333333333334,0.125,0.7738095238095237,0.2261904761904762,0.08928571428571429,1.004265873015873,12.238095238095239,2.369047619047619,4.291666666666667,14.44047619047619,2.642857142857143,1.8154761904761905,18.898809523809522,48.083333333333336,22.928571428571427,52.547619047619044,2.535714285714286,39.333333333333336,4.291666666666667,4.458333333333333,41.333333333333336,4.220238095238095,2.5297619047619047,1.7619047619047619,27.09523809523809,1.9226190476190474,0.16666666666666666,26.892857142857142,1.5773809523809523,0.7142857142857143,29.18452380952381,29.61904761904762,0.3181818181818181,0.28417545807884503,0.5718562874251497,0.021472392638036807,0.30294486215538846,0.593192868719611,0.7999999999999999,0.3270105487273783,0.35223575346286135,0.6948356807511737,0.6888619854721549,0.44798890429958393,0.8264352469959947,0.6506336405529954,0.37376586741889983,0.2823529411764706,0.6069571676157466,0.5636610783869507
Josh Barnett,Orthodox,Yes,No,Yes,Josh Barnett,0.02,0.19714285714285715,0.18857142857142856,0.02857142857142857,1.7263333333333333,15.31142857142857,7.840000000000001,0.6457142857142857,7.0371428571428565,13.937142857142856,2.822857142857143,23.797142857142855,34.62571428571429,35.96857142857143,47.52285714285714,0.2657142857142857,25.48,8.431428571428572,0.7142857142857142,14.517142857142858,15.925714285714287,4.182857142857142,0.02857142857142857,0.5485714285714286,0.04857142857142857,0.02,1.313047619047619,6.9799999999999995,2.7542857142857144,1.5485714285714285,5.008571428571429,5.248571428571429,1.0257142857142856,11.282857142857143,21.10857142857143,15.5,25.68,1.342857142857143,16.057142857142857,3.057142857142857,1.9942857142857142,11.305714285714284,8.40857142857143,1.3942857142857144,0.7942857142857143,9.077142857142857,0.3028571428571428,0.44571428571428573,6.297142857142857,3.16,0.36857142857142855,9.825714285714286,10.18,0.7419354838709679,0.6009194886745907,0.9298542866824805,0.276,0.484747097028144,0.8751345532831,0.6748633879781422,0.6872679263965673,0.7568688751277581,0.5914893617021277,0.5653024911032029,0.09906542056074752,0.7249283667621776,0.5569876168814758,0.3758069996602107,0.2643442622950821,0.46548456957227946,0.39641744548286606
Tae Hyun Bang,Switch,No,No,No,Tae Hyun Bang,0.21666666666666667,0.15,0.15,0.2333333333333333,0.3475,10.816666666666668,1.25,0.5666666666666667,10.516666666666667,0.7666666666666666,1.3499999999999999,12.633333333333333,33.0,15.0,35.449999999999996,0.4666666666666666,29.883333333333336,2.25,0.8666666666666667,29.166666666666668,1.9333333333333333,1.9000000000000001,0.06666666666666667,1.0999999999999999,0.15,0.08333333333333333,1.028333333333333,5.766666666666667,2.4166666666666665,1.4000000000000001,7.75,1.1500000000000001,0.6833333333333332,9.583333333333334,28.366666666666664,16.466666666666665,36.016666666666666,2.5833333333333335,21.566666666666666,4.733333333333333,2.066666666666667,25.150000000000002,2.0166666666666666,1.2,1.4833333333333334,15.799999999999999,2.316666666666667,0.6666666666666666,17.400000000000002,0.8666666666666667,0.5166666666666667,18.783333333333335,19.55,0.32142857142857145,0.3619631901840491,0.5555555555555556,0.17307692307692307,0.3605714285714286,0.396551724137931,0.7105263157894736,0.3828282828282828,0.42313117066290556,0.5741935483870968,0.732612055641422,0.4894366197183099,0.4677419354838711,0.6918489065606361,0.4297520661157024,0.4305555555555556,0.6621621621621621,0.5428042572882925
Leandro Silva,Orthodox,No,No,No,Leandro Silva,0.0,0.5555555555555556,0.1369047619047619,0.0,0.9388888888888888,6.0694444444444455,3.1130952380952386,2.8333333333333335,10.27579365079365,1.4623015873015872,0.2777777777777778,12.015873015873014,24.634920634920636,18.029761904761905,31.0,1.5158730158730158,16.125,5.075396825396825,3.4345238095238098,22.196428571428573,1.8908730158730158,0.5476190476190476,0.0,0.6011904761904762,0.0,0.10317460317460318,1.2839285714285715,5.446428571428572,2.28968253968254,2.4523809523809526,7.08531746031746,1.3373015873015872,1.7658730158730158,10.188492063492063,27.615079365079364,18.748015873015873,37.36309523809524,1.7996031746031746,20.333333333333332,3.7162698412698414,3.5654761904761902,22.430555555555557,2.607142857142857,2.5773809523809526,1.1984126984126984,14.886904761904761,1.4265873015873016,1.1130952380952381,15.345238095238095,1.2698412698412698,0.8115079365079364,17.4265873015873,18.615079365079364,0.3664921465968587,0.376399655469423,0.6133698201720095,0.16175621028307335,0.46294806471797617,0.7733473242392445,0.5072463768115942,0.48775773195876276,0.581605222734255,0.6659316427783903,0.7321428571428571,0.383876134543513,0.8313856427378965,0.6841220698805839,0.48706240487062413,0.3148575827559662,0.6310533122575083,0.4982210185332696
Leandro Issa,Orthodox,No,No,No,Leandro Issa,0.0,0.7555555555555555,0.4666666666666666,0.17777777777777778,1.8492592592592592,5.2,1.0,3.1555555555555554,6.777777777777778,0.8444444444444444,1.7333333333333334,9.355555555555556,24.755555555555556,15.422222222222222,32.24444444444445,3.488888888888889,18.377777777777776,2.0666666666666664,4.311111111111111,20.955555555555556,0.9777777777777777,2.8222222222222224,0.0,0.06666666666666667,0.13333333333333333,0.06666666666666667,0.6744444444444443,12.466666666666667,2.3333333333333335,0.8444444444444444,9.222222222222221,3.3555555555555556,3.0666666666666664,15.644444444444446,36.68888888888889,21.555555555555557,43.111111111111114,0.13333333333333333,32.08888888888889,3.6222222222222222,0.9777777777777779,27.644444444444442,4.933333333333334,4.111111111111111,0.06666666666666667,19.622222222222224,1.288888888888889,0.13333333333333333,18.42222222222222,1.5777777777777777,1.0444444444444445,21.044444444444444,21.555555555555557,0.2165605095541401,0.28295042321644504,0.48387096774193555,0.1752577319587629,0.3234358430540827,0.8636363636363636,0.6141732283464567,0.3779174147217235,0.47829083390764987,0.5,0.6114958448753463,0.35582822085889565,0.9318181818181819,0.6663987138263665,0.3198198198198199,0.254054054054054,0.5735917625681405,0.5
Kevin Casey,Southpaw,No,No,No,Kevin Casey,0.047619047619047616,0.2253968253968254,0.09523809523809523,0.047619047619047616,0.9785185185185186,6.6761904761904765,2.425396825396825,2.003174603174603,6.80952380952381,1.142857142857143,3.1523809523809523,11.104761904761906,20.873015873015873,17.688888888888886,27.876190476190477,1.0603174603174603,15.019047619047619,3.533333333333333,2.320634920634921,15.742857142857142,1.3206349206349208,3.8095238095238098,0.2476190476190476,0.2920634920634921,0.0,0.0,0.7030687830687832,10.676190476190476,4.933333333333334,1.9142857142857144,7.24126984126984,5.60952380952381,4.673015873015873,17.523809523809522,35.06031746031746,28.838095238095235,47.67301587301588,0.43492063492063493,27.019047619047615,6.060317460317461,1.980952380952381,19.914285714285715,7.622222222222223,7.523809523809523,0.14285714285714285,16.342857142857145,1.126984126984127,0.06666666666666667,12.67301587301587,2.0126984126984127,2.850793650793651,17.536507936507935,18.834920634920636,0.2125748502994012,0.4445149017121116,0.6864330637915543,0.09712722298221614,0.43254688445251066,0.8653846153846154,0.8274999999999999,0.5320152091254753,0.6345518733629426,0.32846715328467146,0.6048642932675361,0.18596123624934524,0.8525641025641025,0.6363781284871672,0.26405664306538945,0.3789029535864977,0.5001810938065918,0.3950855696876874
Shane Campbell,Orthodox,No,No,No,Shane Campbell,0.0,0.5,0.0,0.06666666666666667,1.1140740740740742,8.344444444444443,4.533333333333333,5.788888888888889,12.799999999999999,1.8444444444444443,4.022222222222222,18.666666666666668,30.377777777777776,27.45555555555556,40.63333333333333,1.3555555555555554,17.844444444444445,6.2444444444444445,6.288888888888889,22.866666666666664,2.588888888888889,4.922222222222222,0.19999999999999998,0.6333333333333333,0.28888888888888886,0.0,1.844814814814815,8.222222222222221,2.6444444444444444,1.011111111111111,9.011111111111111,1.4222222222222223,1.4444444444444444,11.877777777777778,27.255555555555556,16.98888888888889,34.81111111111111,3.4555555555555557,22.155555555555555,3.9555555555555557,1.1444444444444446,22.344444444444445,2.1333333333333333,2.777777777777778,2.8222222222222224,13.933333333333332,1.3111111111111111,0.13333333333333333,13.333333333333334,0.7111111111111111,1.3333333333333333,15.377777777777778,17.822222222222223,0.36885245901639346,0.4676214196762141,0.7259786476868327,0.07950530035335689,0.5597667638483965,0.7124463519313304,0.817155756207675,0.6144842721287491,0.6756904566584633,0.8167202572347267,0.6288866599799399,0.3314606741573034,0.44660194174757295,0.5967180507210343,0.33333333333333326,0.4800000000000001,0.5642070933550754,0.5119693584423874
Alberto Uda,Orthodox,No,No,No,Alberto Uda,0.0,0.5,0.0,0.25,1.2583333333333333,3.75,1.25,0.0,1.25,2.75,1.0,5.0,10.5,12.75,18.5,1.0,7.5,2.25,0.75,5.75,3.25,1.5,0.5,0.5,0.25,0.0,0.8166666666666667,10.5,2.0,0.0,4.5,4.5,3.5,12.5,22.5,24.75,38.25,1.75,19.5,3.0,0.0,9.25,7.75,5.5,1.25,9.0,1.0,0.0,4.75,3.25,2.0,10.0,13.5,0.5,0.5,0.5555555555555556,0.6666666666666666,0.21739130434782608,0.8461538461538461,0.6666666666666666,0.47619047619047616,0.6891891891891891,0.7142857142857143,0.46153846153846156,0.33333333333333337,-inf,0.5135135135135135,0.4193548387096774,0.36363636363636365,0.4444444444444444,0.3529411764705882
Lorenz Larkin,Orthodox,No,No,No,Lorenz Larkin,0.11428571428571428,0.047619047619047616,0.0,0.10317460317460318,0.27917989417989414,8.363492063492064,2.6666666666666665,5.768253968253968,12.366666666666667,3.4857142857142858,0.9460317460317461,16.798412698412697,38.11746031746031,19.66349206349206,41.16031746031746,0.21428571428571427,26.522222222222222,4.2936507936507935,7.301587301587301,31.547619047619047,5.480952380952381,1.0888888888888888,0.03333333333333333,0.4238095238095238,0.14444444444444446,0.0,1.2272486772486773,7.722222222222222,2.7730158730158734,3.7349206349206345,12.115873015873015,1.8666666666666665,0.24761904761904763,14.23015873015873,37.596825396825395,21.195238095238096,45.269841269841265,1.9428571428571428,27.552380952380947,4.946031746031745,5.098412698412699,34.51111111111111,2.8380952380952382,0.24761904761904763,1.519047619047619,19.83015873015873,2.173015873015873,1.3634920634920633,22.395238095238096,0.9714285714285715,0.0,23.366666666666664,24.074603174603173,0.2222222222222222,0.315339038841343,0.6210720887245841,0.006521739130434782,0.392,0.635968722849696,0.8688046647230322,0.4407012575997335,0.4777293586826578,0.7818627450980392,0.7197257748588546,0.4393453145057765,0.9168742216687422,0.6489283414589275,0.34228187919463093,0.0,0.6215063750738833,0.5318022440392707
Elizabeth Phillips,Orthodox,No,No,No,Elizabeth Phillips,0.0,0.25,0.08333333333333333,0.25,1.913888888888889,10.25,1.25,1.5,9.833333333333334,0.9166666666666666,2.25,13.0,38.25,19.75,46.083333333333336,1.0,33.833333333333336,2.8333333333333335,1.5833333333333333,32.5,2.25,3.5,0.0,0.5833333333333334,0.3333333333333333,0.16666666666666666,0.9166666666666666,11.333333333333334,3.4166666666666665,0.5833333333333334,11.083333333333334,3.5,0.75,15.333333333333334,36.75,24.083333333333332,46.583333333333336,1.25,31.25,4.75,0.75,30.166666666666668,5.75,0.8333333333333334,0.6666666666666666,19.916666666666668,1.3333333333333333,0.16666666666666666,19.083333333333332,2.25,0.08333333333333333,21.416666666666668,22.5,0.25,0.3029556650246305,0.4411764705882353,0.15789473684210528,0.3025641025641026,0.4074074074074074,0.6428571428571429,0.33986928104575165,0.42857142857142855,0.5333333333333333,0.6373333333333333,0.2807017543859649,0.2222222222222222,0.6325966850828729,0.3913043478260869,0.10000000000000009,0.5827664399092971,0.483005366726297
Rick Story,Southpaw,No,No,No,Rick Story,0.25996665872826863,0.4821147892355323,0.18880685877589903,0.06720647773279352,1.0144836072080654,16.292593474636817,8.334841628959277,3.015003572279114,20.757132650631103,3.7892355322695876,3.0960704929745178,27.642438675875212,54.68035246487259,38.10221481305073,65.62481543224577,1.027339842819719,39.5941890926411,11.488544891640867,3.5976184805906173,43.50807335079781,6.115932364848773,5.056346749226006,0.011764705882352941,0.3653250773993808,0.16442010002381519,0.05668016194331984,0.5047320790664444,8.160514408192427,2.075351274112884,1.0371517027863777,9.753989045010716,1.2256251488449632,0.29340319123600855,11.273017385091688,26.264729697547033,15.139842819718979,30.356465825196473,1.1732317218385329,21.30030959752322,3.355846630150036,1.6085734698737795,23.731031197904265,2.1300785901405095,0.40361990950226245,0.8079066444391522,13.139795189330792,1.2804953560371517,0.5714217670874018,13.977042152893546,0.9044534412955466,0.11021671826625386,14.991712312455348,15.216623005477492,0.4692846214474478,0.41148951015301705,0.7254914967537583,0.13400942646825187,0.4770869186339293,0.6195679262328276,0.612313721057292,0.5055278071521776,0.5806068110376523,0.6886164339071127,0.6168828264758497,0.3815714772340184,0.7728887836077224,0.5889774462952073,0.42461036202231606,0.2730705687986784,0.5707925604067983,0.5012646430286161
Tatsuya Kawajiri,Orthodox,No,No,No,Tatsuya Kawajiri,0.0,1.0777777777777777,0.12222222222222223,0.12222222222222223,2.4974074074074073,6.199999999999999,0.7555555555555555,0.9,4.022222222222222,0.5777777777777778,3.255555555555556,7.855555555555555,17.01111111111111,18.42222222222222,28.322222222222223,3.4222222222222225,14.544444444444444,1.4000000000000001,1.0666666666666667,12.133333333333333,0.688888888888889,4.188888888888889,0.05555555555555555,0.5,0.2333333333333333,0.0,0.8953703703703703,10.222222222222221,1.7444444444444445,2.477777777777778,5.7444444444444445,2.3777777777777778,6.322222222222222,14.444444444444445,22.755555555555556,27.644444444444446,36.855555555555554,0.9666666666666667,18.11111111111111,1.988888888888889,2.6555555555555554,13.433333333333332,2.6888888888888887,6.633333333333333,0.4666666666666666,7.888888888888888,0.24444444444444446,0.17777777777777778,7.688888888888889,0.3111111111111111,0.3111111111111111,8.31111111111111,9.21111111111111,0.3149350649350649,0.42627960275019094,0.5396825396825397,1.0104166666666667,0.3315018315018315,0.8387096774193548,0.7771883289124669,0.4617896799477466,0.6504511573165946,0.48275862068965514,0.4355828220858896,0.12290502793296088,0.8117154811715481,0.5723738626964433,0.11570247933884292,0.04690117252931325,0.365234375,0.24992463069038284
Horacio Gutierrez,,No,No,No,Horacio Gutierrez,0.0,0.0,0.0,0.0,0.0,2.0,0.0,1.5,2.1666666666666665,1.3333333333333333,0.0,3.5,12.666666666666666,5.333333333333333,14.833333333333334,0.0,10.333333333333334,0.0,2.3333333333333335,10.666666666666666,2.0,0.0,0.16666666666666666,1.1666666666666667,0.0,0.0,3.227777777777778,10.0,2.0,0.6666666666666666,2.6666666666666665,0.5,9.5,12.666666666666666,23.666666666666668,53.666666666666664,68.83333333333333,2.3333333333333335,20.5,2.5,0.6666666666666666,5.5,0.5,17.666666666666668,1.1666666666666667,10.5,0.5,0.0,2.8333333333333335,0.0,8.166666666666666,11.0,15.166666666666666,,0.1935483870967742,,0.0,0.203125,0.6666666666666666,,0.27631578947368424,0.3595505617977528,0.5,0.5121951219512195,0.19999999999999996,-0.7500000000000002,0.5151515151515151,0.0,0.46226415094339623,0.46478873239436624,0.22033898305084743
Cesar Arzamendia,Orthodox,No,No,No,Cesar Arzamendia,0.0,1.5,0.5,0.0,0.625,9.0,6.0,1.5,12.0,4.5,0.0,16.5,36.5,20.0,40.5,2.0,27.0,8.0,1.5,29.0,6.5,1.0,1.5,0.0,0.0,0.0,0.44166666666666665,14.5,1.0,0.5,7.0,2.0,7.0,16.0,36.5,20.0,41.0,0.0,33.5,2.0,1.0,22.5,3.5,10.5,0.0,19.0,1.0,0.5,15.5,1.5,3.5,20.5,21.0,0.75,0.3333333333333333,0.75,1.0,0.41379310344827586,0.6923076923076923,0.0,0.4520547945205479,0.49382716049382713,,0.5671641791044777,0.5,1.0,0.6888888888888889,0.4285714285714286,0.33333333333333337,0.5616438356164384,0.5121951219512195
Francisco Rivera,Orthodox,No,No,No,Francisco Rivera,0.18560606060606064,0.25984848484848483,0.14393939393939395,0.0,0.14455808080808077,11.98560606060606,1.8151515151515152,2.775,14.217424242424244,1.5681818181818183,0.7901515151515152,16.575757575757574,41.26439393939394,19.586363636363636,44.43787878787879,0.3924242424242424,35.218939393939394,2.693939393939394,3.3515151515151516,37.22348484848485,2.703030303030303,1.337878787878788,0.13257575757575757,0.5795454545454546,0.16893939393939394,0.0,1.3715151515151514,6.953787878787878,3.8689393939393937,2.0681818181818183,8.661363636363637,1.4045454545454545,2.8249999999999997,12.89090909090909,41.87348484848485,25.17651515151515,55.67121212121213,1.5674242424242424,32.74166666666667,5.817424242424242,3.3143939393939394,35.43030303030303,2.3174242424242424,4.125757575757576,0.9878787878787878,25.787878787878785,1.9484848484848485,1.246212121212121,26.768939393939394,0.912878787878788,1.3007575757575758,28.98257575757576,30.49469696969697,0.6621621621621622,0.34031706425175845,0.6737907761529809,0.07753164556962025,0.38194769512567417,0.5801569506726458,0.5906002265005662,0.40169637775615485,0.44075829383886256,0.6302561623972933,0.7876165575325667,0.33493944524026575,0.8251428571428572,0.7555379746835442,0.3939195815626021,0.3152772677194272,0.6921462558572902,0.5477641999836704
Michael Graves,Orthodox,No,No,No,Michael Graves,0.0,1.4444444444444444,0.1111111111111111,0.16666666666666666,2.611111111111111,4.111111111111111,0.7777777777777778,0.5,2.0,1.1111111111111112,2.277777777777778,5.388888888888889,10.166666666666666,12.277777777777777,17.72222222222222,2.8888888888888893,8.0,1.277777777777778,0.888888888888889,4.888888888888888,1.777777777777778,3.5,0.0,0.16666666666666666,0.27777777777777773,0.0,0.8527777777777777,2.722222222222222,2.888888888888889,1.5555555555555556,4.166666666666667,1.388888888888889,1.611111111111111,7.166666666666667,17.38888888888889,17.833333333333332,29.277777777777782,0.4444444444444444,10.333333333333334,4.0,3.0555555555555554,13.166666666666666,1.9444444444444446,2.2777777777777777,0.27777777777777773,7.611111111111112,1.111111111111111,1.5,9.0,0.5555555555555555,0.6666666666666666,10.222222222222221,11.444444444444445,0.49999999999999994,0.5138888888888888,0.608695652173913,1.6249999999999998,0.4090909090909091,0.625,0.6507936507936509,0.5300546448087432,0.6927899686520376,0.625,0.7365591397849462,0.2777777777777778,0.9454545454545454,0.6835443037974683,0.2857142857142857,0.29268292682926833,0.5878594249201278,0.3908918406072107
Jim Alers,Orthodox,No,No,No,Jim Alers,0.08333333333333333,0.9166666666666666,0.08333333333333333,0.0,1.4152777777777779,8.416666666666666,1.3333333333333333,3.1666666666666665,9.25,2.1666666666666665,1.5,12.916666666666666,31.333333333333332,22.5,42.583333333333336,2.0833333333333335,25.0,2.3333333333333335,4.0,25.75,3.6666666666666665,1.9166666666666667,0.08333333333333333,0.25,0.0,0.0,0.6333333333333333,12.0,3.6666666666666665,4.5,13.833333333333334,4.5,1.8333333333333333,20.166666666666668,44.666666666666664,25.416666666666668,50.083333333333336,1.0833333333333333,34.5,5.0,5.166666666666667,36.416666666666664,5.833333333333333,2.4166666666666665,0.8333333333333334,22.5,1.3333333333333333,0.6666666666666666,22.583333333333332,1.3333333333333333,0.5833333333333334,24.5,24.666666666666668,0.43999999999999995,0.33666666666666667,0.5714285714285714,0.22916666666666666,0.3592233009708738,0.5909090909090909,0.7826086956521738,0.41223404255319146,0.5283757338551859,0.7692307692307692,0.6521739130434783,0.2666666666666667,0.9516129032258065,0.6201372997711669,0.22857142857142854,0.24137931034482762,0.5485074626865671,0.4925124792013311
Cristina Stanciu,Orthodox,No,No,No,Cristina Stanciu,0.0,0.3333333333333333,0.5,0.0,0.9805555555555555,4.0,4.333333333333333,3.6666666666666665,10.0,0.3333333333333333,1.6666666666666667,12.0,24.166666666666668,14.166666666666666,26.5,0.3333333333333333,14.166666666666666,6.166666666666667,3.8333333333333335,21.333333333333332,1.0,1.8333333333333333,0.0,0.5,0.3333333333333333,0.0,1.1166666666666665,7.833333333333333,3.8333333333333335,0.5,7.0,0.0,5.166666666666667,12.166666666666666,29.166666666666668,18.5,37.166666666666664,1.1666666666666667,22.666666666666668,5.5,1.0,23.333333333333332,0.0,5.833333333333333,0.6666666666666666,14.833333333333334,1.6666666666666667,0.5,16.333333333333332,0.0,0.6666666666666666,17.0,18.666666666666668,1.0,0.2823529411764706,0.7027027027027026,0.08695652173913043,0.46875,0.3333333333333333,0.9090909090909092,0.496551724137931,0.5345911949685535,0.5714285714285714,0.6544117647058824,0.303030303030303,0.5,0.7,,0.11428571428571421,0.582857142857143,0.5022421524663676
Michael McDonald,Orthodox,No,No,Yes,Michael McDonald,0.1388888888888889,0.3611111111111111,0.2777777777777778,0.0,0.34421296296296294,7.277777777777778,0.8333333333333333,0.9861111111111112,7.583333333333333,0.9166666666666667,0.5972222222222222,9.097222222222221,22.583333333333332,9.833333333333334,23.48611111111111,0.7222222222222222,20.5,1.0416666666666665,1.0416666666666667,19.694444444444443,1.9305555555555556,0.9583333333333334,0.09722222222222221,0.4027777777777778,0.3333333333333333,0.12499999999999999,1.0324074074074074,6.055555555555555,2.5555555555555554,1.5694444444444444,7.805555555555555,0.9722222222222222,1.402777777777778,10.180555555555555,27.47222222222222,16.805555555555557,34.77777777777778,1.4861111111111112,21.61111111111111,4.041666666666666,1.8194444444444444,23.09722222222222,2.486111111111111,1.8888888888888888,1.0833333333333333,15.555555555555555,1.4861111111111112,0.25,15.291666666666666,1.5138888888888888,0.4861111111111111,17.291666666666668,17.97222222222222,0.5,0.35501355013550134,0.8,0.3466666666666666,0.385049365303244,0.47482014388489213,0.6231884057971014,0.4028290282902829,0.4186871673565938,0.7289719626168225,0.7197943444730077,0.36769759450171813,0.7786259541984732,0.6620565243535779,0.6089385474860336,0.25735294117647045,0.6294236602628918,0.5167731629392971
Cody Pfister,Orthodox,No,No,No,Cody Pfister,0.0,1.0,0.0,0.16666666666666666,1.7958333333333334,5.083333333333333,0.75,0.0,3.5833333333333335,1.0833333333333333,1.1666666666666667,5.833333333333333,21.583333333333332,19.083333333333332,36.083333333333336,2.75,20.166666666666668,1.3333333333333333,0.08333333333333333,18.0,1.9166666666666667,1.6666666666666667,0.08333333333333333,0.5,0.5,0.4166666666666667,1.2541666666666667,6.75,2.1666666666666665,2.25,5.916666666666667,2.0833333333333335,3.1666666666666665,11.166666666666666,22.916666666666668,27.333333333333332,41.75,0.5,17.333333333333332,3.25,2.3333333333333335,14.666666666666666,3.0,5.25,0.0,10.583333333333334,1.0833333333333333,0.08333333333333333,8.75,0.9166666666666666,2.0833333333333335,11.75,14.416666666666666,0.36363636363636365,0.25206611570247933,0.5625,12.0,0.19907407407407407,0.5652173913043478,0.7000000000000001,0.2702702702702703,0.5288683602771362,0.0,0.6105769230769231,0.33333333333333337,0.7857142857142857,0.5965909090909091,0.30555555555555547,0.39682539682539686,0.5127272727272727,0.34530938123752497
Josh Samman,Orthodox,No,No,No,Josh Samman,0.16666666666666666,0.21666666666666667,0.06666666666666667,0.3333333333333333,1.248888888888889,2.5833333333333335,2.566666666666667,1.1666666666666667,2.533333333333333,2.716666666666667,1.0666666666666667,6.316666666666666,12.716666666666667,15.049999999999999,22.3,1.1500000000000001,7.6499999999999995,3.9,1.1666666666666667,6.283333333333334,4.6000000000000005,1.8333333333333333,0.0,0.6833333333333332,0.4666666666666666,0.16666666666666666,2.2483333333333335,10.85,1.75,0.06666666666666667,1.45,1.2333333333333334,9.983333333333333,12.666666666666666,17.416666666666668,34.6,40.483333333333334,0.9,15.200000000000001,2.0833333333333335,0.13333333333333333,3.1999999999999997,1.5,12.716666666666667,0.21666666666666667,4.3500000000000005,0.3333333333333333,0.06666666666666667,1.75,0.26666666666666666,2.733333333333333,4.75,5.883333333333333,0.18840579710144925,0.3376906318082789,0.6581196581196582,0.18571428571428572,0.40318302387267896,0.5905797101449275,0.5818181818181818,0.4967234600262123,0.6748878923766816,0.24074074074074092,0.2861842105263158,0.16000000000000003,-4.124999999999999,0.546875,0.1777777777777777,0.21494102228047185,0.2727272727272728,0.14532729518320298
Brock Lesnar,Orthodox,Yes,No,Yes,Brock Lesnar,0.10833333333333334,1.0999999999999999,0.10833333333333334,0.0,2.6666666666666665,11.958333333333334,3.4583333333333335,0.7583333333333333,2.0166666666666666,1.7416666666666665,12.416666666666666,16.175,21.508333333333336,39.25,46.19166666666666,1.7916666666666667,17.208333333333332,3.5,0.7999999999999999,5.133333333333334,1.8499999999999999,14.525,0.16666666666666666,0.08333333333333333,0.125,0.0,0.5012500000000001,5.466666666666666,1.2249999999999999,0.4083333333333334,2.15,2.4499999999999997,2.5,7.1000000000000005,15.133333333333333,16.491666666666667,25.633333333333336,0.2333333333333333,13.391666666666666,1.2916666666666667,0.45,6.908333333333334,3.4333333333333336,4.791666666666667,0.15,7.925,0.06666666666666667,0.041666666666666664,4.758333333333334,0.9833333333333334,2.2916666666666665,8.033333333333333,9.141666666666667,0.613953488372093,0.6949152542372882,0.9880952380952381,1.375,0.3928571428571428,0.9414414414414414,0.8548479632816982,0.7520340953118946,0.8497203680317519,0.6428571428571428,0.5917859365276914,0.05161290322580658,0.8148148148148149,0.6887816646562124,0.28640776699029136,0.4782608695652174,0.5308370044052864,0.35663198959687914
Enrique Marin,,No,No,No,Enrique Marin,0.0,0.8333333333333334,0.3333333333333333,0.3333333333333333,1.8194444444444446,4.666666666666667,0.8333333333333334,1.6666666666666667,6.0,0.8333333333333334,0.3333333333333333,7.166666666666667,21.666666666666668,9.833333333333334,25.0,2.1666666666666665,18.666666666666668,1.0,2.0,20.0,1.1666666666666667,0.5,0.0,0.3333333333333333,0.16666666666666666,0.3333333333333333,1.1833333333333333,10.666666666666666,1.5,2.8333333333333335,10.0,2.5,2.5,15.0,30.333333333333332,27.5,43.5,0.8333333333333334,21.666666666666668,2.8333333333333335,5.833333333333333,23.833333333333332,3.6666666666666665,2.8333333333333335,0.5,11.0,1.3333333333333333,3.0,13.833333333333334,1.1666666666666667,0.3333333333333333,15.333333333333334,16.0,0.38461538461538464,0.25,0.8333333333333334,0.4166666666666667,0.3,0.7142857142857143,0.6666666666666666,0.33076923076923076,0.39333333333333337,0.6000000000000001,0.5076923076923077,0.47058823529411764,0.9428571428571428,0.5804195804195804,0.3181818181818181,0.11764705882352944,0.5054945054945055,0.367816091954023
Cory Hendricks,,No,No,No,Cory Hendricks,0.0,0.0,0.0,0.0,0.09999999999999998,7.666666666666667,5.666666666666667,2.3333333333333335,12.333333333333334,3.3333333333333335,0.0,15.666666666666666,39.333333333333336,17.333333333333332,41.333333333333336,0.6666666666666666,27.666666666666668,8.666666666666666,3.0,34.333333333333336,4.666666666666667,0.3333333333333333,0.0,0.0,0.0,0.0,2.6,15.666666666666666,2.3333333333333335,2.3333333333333335,12.333333333333334,3.0,5.0,20.333333333333332,35.666666666666664,51.0,67.66666666666667,0.6666666666666666,29.666666666666668,3.6666666666666665,2.3333333333333335,24.666666666666668,3.6666666666666665,7.333333333333333,0.6666666666666666,14.0,1.3333333333333333,0.0,12.333333333333334,0.6666666666666666,2.3333333333333335,15.333333333333334,16.666666666666668,0.0,0.27710843373493976,0.653846153846154,0.0,0.3592233009708738,0.7142857142857143,0.0,0.39830508474576265,0.4193548387096774,1.0,0.4719101123595506,0.36363636363636354,1.0,0.5,0.18181818181818177,0.3181818181818181,0.4299065420560748,0.24630541871921185
Thiago Tavares,Orthodox,No,No,No,Thiago Tavares,0.0,1.0138888888888888,0.36574074074074076,0.18055555555555555,1.5062499999999999,6.564814814814814,2.3564814814814814,0.7407407407407408,6.583333333333333,0.875,2.2037037037037037,9.662037037037036,23.787037037037038,27.291666666666668,43.46296296296296,2.625,19.52777777777778,3.199074074074074,1.0601851851851851,18.64351851851852,1.6203703703703702,3.5231481481481484,0.17129629629629628,0.34722222222222215,0.2638888888888889,0.23611111111111108,0.9469135802469135,6.9259259259259265,2.0,2.074074074074074,6.8240740740740735,1.8842592592592593,2.2916666666666665,11.0,29.62962962962963,22.685185185185187,42.06481481481482,1.0787037037037037,24.314814814814813,2.819444444444444,2.4953703703703702,23.240740740740744,2.9861111111111107,3.4027777777777772,0.7314814814814815,17.38888888888889,0.8194444444444445,0.4212962962962963,16.416666666666668,1.1018518518518519,1.111111111111111,18.62962962962963,19.37962962962963,0.3862433862433862,0.33617828354670454,0.7366136034732272,0.9563318777292577,0.353116463868885,0.54,0.6254927726675427,0.40618917866874266,0.6279292714103111,0.6781115879828327,0.7151561309977151,0.29064039408866993,0.8608534322820037,0.706374501992032,0.36899224806201536,0.3265306122448979,0.6287499999999999,0.460708782742681
Fernando Bruno,,No,No,No,Fernando Bruno,0.0,0.6666666666666666,0.16666666666666666,0.0,1.3444444444444443,6.666666666666667,1.8333333333333333,0.16666666666666666,6.5,2.1666666666666665,0.0,8.666666666666666,22.166666666666668,14.666666666666666,28.666666666666668,3.0,18.333333333333332,3.5,0.3333333333333333,17.166666666666668,5.0,0.0,0.0,1.1666666666666667,0.3333333333333333,0.16666666666666666,2.2249999999999996,4.0,2.6666666666666665,2.1666666666666665,4.333333333333333,2.3333333333333335,2.1666666666666665,8.833333333333334,17.0,14.833333333333334,23.666666666666668,2.6666666666666665,11.666666666666666,2.8333333333333335,2.5,10.0,4.0,3.0,1.5,7.666666666666667,0.16666666666666666,0.3333333333333333,5.666666666666667,1.6666666666666667,0.8333333333333334,8.166666666666666,8.833333333333334,0.2222222222222222,0.3636363636363637,0.5238095238095238,2.0,0.3786407766990291,0.4333333333333333,,0.39097744360902253,0.5116279069767441,0.5625,0.6571428571428571,0.05882352941176483,0.5333333333333333,0.5666666666666667,0.41666666666666663,0.2777777777777778,0.48039215686274506,0.37323943661971837
Anton Zafir,Orthodox,No,No,No,Anton Zafir,0.0,1.5,0.0,0.0,2.091666666666667,4.5,3.5,3.0,4.5,3.0,3.5,11.0,17.0,23.0,29.5,2.5,9.5,4.5,3.0,9.5,4.0,3.5,0.5,0.5,0.0,0.5,0.19166666666666665,5.0,1.5,2.0,4.5,0.5,3.5,8.5,18.0,12.0,21.5,0.5,13.5,2.5,2.0,10.5,1.0,6.5,0.0,8.5,1.0,0.0,6.0,0.5,3.0,9.5,9.5,0.6,0.47368421052631576,0.7777777777777778,0.5,0.47368421052631576,0.75,1.0,0.6470588235294118,0.7796610169491526,0.0,0.6296296296296297,0.4,0.75,0.5714285714285714,0.5,0.46153846153846156,0.5277777777777778,0.4418604651162791
Dileno Lopes,,No,No,No,Dileno Lopes,0.0,0.8333333333333334,0.5,0.0,1.3138888888888889,7.666666666666667,3.5,0.6666666666666666,8.0,3.3333333333333335,0.5,11.833333333333334,32.666666666666664,18.0,40.666666666666664,2.6666666666666665,25.166666666666668,5.833333333333333,1.6666666666666667,26.5,5.166666666666667,1.0,0.0,0.0,0.3333333333333333,0.0,0.9638888888888889,9.166666666666666,5.5,2.0,10.333333333333334,2.8333333333333335,3.5,16.666666666666668,36.166666666666664,38.0,59.0,0.16666666666666666,25.666666666666668,7.666666666666667,2.8333333333333335,25.5,5.833333333333333,4.833333333333333,0.16666666666666666,16.5,2.1666666666666665,0.8333333333333334,15.166666666666666,3.0,1.3333333333333333,19.5,21.0,0.31250000000000006,0.304635761589404,0.6,0.5,0.3018867924528302,0.6451612903225806,0.5,0.36224489795918374,0.4426229508196722,1.0,0.6428571428571429,0.28260869565217395,1.0,0.5947712418300654,0.5142857142857142,0.27586206896551724,0.5391705069124424,0.35593220338983056
Jerrod Sanders,Orthodox,No,No,No,Jerrod Sanders,0.0,0.8333333333333334,0.4166666666666667,0.5,1.870833333333333,3.0,1.75,0.08333333333333333,1.3333333333333333,1.3333333333333333,2.1666666666666665,4.833333333333333,7.583333333333333,14.75,19.5,1.9166666666666667,5.416666666666667,1.75,0.4166666666666667,3.3333333333333335,1.6666666666666667,2.5833333333333335,0.4166666666666667,0.08333333333333333,1.0833333333333333,0.5833333333333334,1.565277777777778,3.0833333333333335,0.8333333333333334,0.4166666666666667,1.1666666666666667,1.0833333333333333,2.0833333333333335,4.333333333333333,8.0,10.166666666666666,14.75,0.16666666666666666,6.0,1.5833333333333333,0.4166666666666667,3.5833333333333335,1.5833333333333333,2.8333333333333335,0.08333333333333333,2.9166666666666665,0.75,0.0,2.4166666666666665,0.5,0.75,3.6666666666666665,4.583333333333333,0.43478260869565216,0.5538461538461538,1.0,2.0,0.39999999999999997,0.7999999999999999,0.8387096774193548,0.6373626373626373,0.7564102564102564,0.5,0.48611111111111105,0.4736842105263157,0.8,0.6744186046511628,0.3157894736842105,0.2647058823529411,0.45833333333333337,0.3107344632768362
Mehdi Baghdad,Orthodox,No,No,No,Mehdi Baghdad,0.3333333333333333,0.0,0.0,0.0,0.03888888888888887,9.166666666666666,2.6666666666666665,5.666666666666667,15.333333333333334,1.0,1.1666666666666667,17.5,56.0,19.0,57.5,0.3333333333333333,43.666666666666664,5.833333333333333,6.5,52.333333333333336,2.5,1.1666666666666667,0.0,0.3333333333333333,0.16666666666666666,0.0,1.2944444444444445,10.333333333333334,8.0,7.166666666666667,23.166666666666668,1.0,1.3333333333333333,25.5,46.833333333333336,40.0,64.33333333333333,0.6666666666666666,27.833333333333332,10.833333333333334,8.166666666666666,39.833333333333336,3.3333333333333335,3.6666666666666665,0.3333333333333333,17.5,2.8333333333333335,1.0,16.666666666666668,2.3333333333333335,2.3333333333333335,21.333333333333332,24.333333333333332,0.0,0.2099236641221374,0.45714285714285713,0.0,0.2929936305732484,0.4,1.0,0.3125,0.33043478260869563,0.5,0.6287425149700598,0.2615384615384616,0.9591836734693877,0.41841004184100417,0.7,0.6363636363636364,0.4555160142348754,0.3782383419689118
Chris Beal,Orthodox,No,No,No,Chris Beal,0.06666666666666667,0.5166666666666667,0.06666666666666667,0.2333333333333333,1.1766666666666665,13.75,2.033333333333333,0.4166666666666667,10.549999999999999,2.1,3.5500000000000003,16.2,45.26666666666667,22.116666666666664,51.5,0.8833333333333333,41.88333333333333,2.966666666666667,0.4166666666666667,35.699999999999996,3.6666666666666665,5.8999999999999995,0.0,0.3833333333333333,0.4166666666666667,0.21666666666666667,0.5697222222222221,10.6,1.7333333333333332,2.716666666666667,11.866666666666667,1.25,1.9333333333333333,15.049999999999999,39.300000000000004,24.916666666666668,50.699999999999996,1.6333333333333335,31.766666666666666,2.9500000000000006,4.583333333333333,34.733333333333334,2.1,2.466666666666667,1.25,21.166666666666668,1.2166666666666666,1.8666666666666665,22.866666666666664,0.85,0.5333333333333333,24.25,25.78333333333333,0.5849056603773586,0.32829287703939514,0.6853932584269662,1.24,0.29551820728291317,0.5727272727272728,0.6016949152542374,0.3578792341678939,0.4294498381877022,0.7653061224489797,0.6663168940188877,0.41242937853107364,0.9163636363636364,0.6583493282149713,0.40476190476190477,0.21621621621621623,0.6170483460559797,0.5085470085470085
Rory MacDonald,Orthodox,No,No,Yes,Rory MacDonald,0.02,0.373986013986014,0.08153846153846153,0.01818181818181818,0.5077645687645688,13.222937062937064,2.9686713286713284,0.7191608391608392,13.076083916083917,2.0416783216783214,1.793006993006993,16.91076923076923,40.00251748251748,19.62923076923077,42.93888111888112,1.0345454545454547,34.24755244755245,4.831608391608392,0.9233566433566434,34.04153846153846,3.1717482517482516,2.7892307692307687,0.12,0.08615384615384616,0.02,0.04,0.44326340326340335,11.80125874125874,2.0539860139860138,2.402097902097902,13.234825174825176,1.335104895104895,1.6874125874125874,16.257342657342654,40.7165034965035,22.27034965034965,47.372447552447554,0.808951048951049,34.215524475524475,3.647832167832168,2.8531468531468533,35.962797202797205,2.391188811188811,2.3625174825174824,0.7227972027972027,22.414265734265733,1.593846153846154,0.451048951048951,22.727972027972026,1.056083916083916,0.675104895104895,24.459160839160837,25.102097902097903,0.36149790455590103,0.38609874627353286,0.6144271406240953,0.405028779157831,0.38412141480790646,0.643707557985713,0.6428320714035001,0.42274262459006073,0.45714350858106984,0.8934993084370677,0.6550905203951913,0.43692968330649495,0.9698039215686275,0.6319856572837509,0.4416564309527987,0.2857565711579446,0.6007185966069326,0.5298881353830529
Steve Bosse,Orthodox,No,No,No,Steve Bosse,0.1111111111111111,0.3333333333333333,0.0,0.0,0.8425925925925927,22.333333333333332,2.3333333333333335,1.111111111111111,15.222222222222223,3.222222222222222,7.333333333333333,25.777777777777782,48.77777777777777,31.888888888888886,55.88888888888889,0.7777777777777778,43.44444444444445,3.222222222222222,2.111111111111111,32.22222222222222,4.222222222222222,12.333333333333334,0.2222222222222222,0.0,0.0,0.0,0.6759259259259259,15.555555555555555,4.555555555555555,1.222222222222222,17.333333333333332,2.3333333333333335,1.6666666666666667,21.333333333333332,40.88888888888889,31.11111111111111,51.333333333333336,1.0,34.333333333333336,5.222222222222222,1.3333333333333333,34.666666666666664,3.222222222222222,3.0,1.0,18.77777777777778,0.6666666666666666,0.1111111111111111,17.333333333333332,0.8888888888888888,1.3333333333333333,19.555555555555554,20.22222222222222,0.42857142857142855,0.5140664961636827,0.7241379310344829,0.15789473684210525,0.47241379310344833,0.763157894736842,0.5945945945945945,0.5284738041002279,0.5705765407554672,1.0,0.5469255663430421,0.12765957446808518,1.0,0.5,0.2758620689655171,0.4444444444444444,0.4782608695652175,0.3939393939393939
Dominic Waters,Orthodox,No,No,No,Dominic Waters,0.0,1.3333333333333333,0.0,0.0,1.9148148148148147,1.722222222222222,0.4444444444444444,0.0,1.6666666666666667,0.16666666666666666,0.3333333333333333,2.1666666666666665,8.888888888888888,11.333333333333334,18.38888888888889,2.611111111111111,8.0,0.4444444444444444,0.4444444444444444,8.111111111111112,0.4444444444444444,0.3333333333333333,0.0,0.6666666666666666,0.611111111111111,0.16666666666666666,1.700925925925926,6.833333333333333,3.6111111111111107,0.8333333333333334,3.6666666666666665,1.5,6.111111111111111,11.277777777777777,18.666666666666668,33.111111111111114,41.166666666666664,0.9444444444444443,13.388888888888891,4.166666666666667,1.1111111111111112,8.944444444444445,1.5,8.222222222222221,0.27777777777777773,6.5555555555555545,0.5555555555555555,0.27777777777777773,5.277777777777778,0.0,2.111111111111111,7.388888888888888,8.055555555555555,0.5106382978723404,0.21527777777777776,1.0,3.0,0.20547945205479448,0.375,1.0,0.24375000000000002,0.6163141993957704,0.2941176470588235,0.48962655601659766,0.13333333333333353,0.4,0.5900621118012422,0.0,0.2567567567567567,0.39583333333333337,0.195681511470985
Yan Cabral,Orthodox,No,No,No,Yan Cabral,0.06666666666666667,0.7666666666666666,0.3,0.08333333333333333,2.081111111111111,5.983333333333333,0.9333333333333332,0.9333333333333332,3.966666666666667,1.3,2.5833333333333335,7.8500000000000005,17.133333333333336,15.833333333333334,26.0,2.5,14.85,1.2833333333333334,1.0,11.566666666666668,1.8999999999999997,3.6666666666666665,0.06666666666666667,0.3333333333333333,0.15,0.2333333333333333,1.0441666666666667,6.516666666666667,2.033333333333333,1.45,5.883333333333333,1.8166666666666667,2.3000000000000003,10.0,25.28333333333333,16.5,32.21666666666667,0.4666666666666666,20.183333333333334,2.983333333333333,2.1166666666666667,19.083333333333332,2.5833333333333335,3.6166666666666667,0.13333333333333333,13.666666666666666,0.9499999999999998,0.6666666666666666,13.200000000000001,0.7666666666666666,1.3166666666666667,15.283333333333331,15.716666666666669,0.30666666666666664,0.40291806958473625,0.7272727272727272,0.7666666666666666,0.3429394812680115,0.6842105263157896,0.7045454545454546,0.45817120622568086,0.608974358974359,0.2857142857142857,0.6771263418662263,0.3184357541899441,0.8425196850393701,0.6917030567685589,0.2967741935483872,0.3640552995391705,0.6044825313117996,0.487842731505432
Willie Gates,Orthodox,No,No,No,Willie Gates,0.16666666666666666,0.0,0.08333333333333333,0.0,0.6365740740740741,3.1666666666666665,2.5555555555555554,0.75,3.9444444444444446,1.1666666666666667,1.361111111111111,6.472222222222222,16.52777777777778,10.111111111111112,20.166666666666668,0.0,11.75,3.305555555555556,1.4722222222222223,12.916666666666666,2.0555555555555554,1.5555555555555556,0.0,1.0,0.38888888888888884,0.08333333333333333,2.25787037037037,15.527777777777779,3.527777777777778,1.8888888888888886,2.888888888888889,3.0277777777777772,15.027777777777777,20.944444444444443,31.63888888888889,37.583333333333336,50.05555555555555,2.9722222222222228,24.666666666666668,4.333333333333333,2.638888888888889,10.583333333333334,3.972222222222222,17.083333333333332,1.972222222222222,9.138888888888888,0.8055555555555555,0.75,7.694444444444444,0.9444444444444445,2.055555555555556,10.694444444444445,12.472222222222221,,0.2695035460992908,0.7731092436974789,0.0,0.30537634408602155,0.5675675675675677,0.8749999999999999,0.3915966386554622,0.5013774104683196,0.663551401869159,0.37049549549549554,0.1858974358974358,0.6210526315789473,0.7270341207349081,0.23776223776223782,0.12032520325203255,0.3380158033362599,0.24916759156492774
Efrain Escudero,Orthodox,No,No,No,Efrain Escudero,0.15,0.4055555555555556,0.24444444444444444,0.03333333333333333,1.0528703703703703,8.294444444444444,2.15,3.261111111111111,8.53888888888889,2.9499999999999997,2.216666666666667,13.705555555555556,30.527777777777775,25.57777777777778,43.62777777777777,0.9888888888888889,23.266666666666666,3.0833333333333335,4.177777777777778,22.79444444444444,4.6000000000000005,3.1333333333333333,0.0,0.4777777777777778,0.22222222222222224,0.03333333333333333,1.3157407407407407,5.772222222222222,3.005555555555555,2.022222222222222,7.333333333333333,1.75,1.7166666666666668,10.799999999999999,29.03333333333333,21.63888888888889,40.94444444444445,1.4166666666666667,21.866666666666664,4.5777777777777775,2.588888888888889,24.2,2.388888888888889,2.4444444444444446,0.9388888888888888,16.094444444444445,1.5722222222222222,0.5666666666666667,16.866666666666667,0.638888888888889,0.7277777777777779,18.233333333333334,19.305555555555557,0.41011235955056186,0.35649474689589306,0.6972972972972973,0.09707446808510639,0.37460394833049,0.6413043478260868,0.7074468085106383,0.44895359417652414,0.5862727620017829,0.6627450980392157,0.7360264227642276,0.3434466019417476,0.8154506437768241,0.696969696969697,0.2674418604651163,0.29772727272727273,0.6280137772675086,0.47150610583446406
Clint Hester,Orthodox,No,No,No,Clint Hester,0.20634920634920637,0.2698412698412698,0.0,0.15873015873015872,0.8604497354497354,12.507936507936508,2.9603174603174605,1.603174603174603,13.293650793650793,1.5158730158730158,2.261904761904762,17.071428571428573,40.08730158730159,20.222222222222225,43.34920634920635,0.8015873015873015,34.15873015873016,3.865079365079365,2.0634920634920637,34.32539682539683,2.388888888888889,3.373015873015873,0.15079365079365079,0.5555555555555555,0.047619047619047616,0.05555555555555555,1.2050264550264551,11.682539682539684,1.9603174603174605,1.7142857142857142,10.15079365079365,0.48412698412698413,4.722222222222222,15.357142857142856,39.095238095238095,24.023809523809522,48.70634920634921,1.634920634920635,34.38095238095238,2.4285714285714284,2.2857142857142856,31.793650793650794,1.1904761904761905,6.111111111111111,1.0793650793650793,22.6984126984127,0.4682539682539682,0.5714285714285714,21.642857142857142,0.7063492063492064,1.388888888888889,23.73809523809524,24.682539682539684,0.33663366336633666,0.36617100371747213,0.7659137577002054,0.13076923076923075,0.38728323699421957,0.6345514950166112,0.6705882352941176,0.4258562660859236,0.4664957890882461,0.6601941747572817,0.6602031394275161,0.19281045751633974,0.7569444444444444,0.6807289066400399,0.5933333333333333,0.22727272727272718,0.6071863580998782,0.5067622616913803
Chris Kelades,Orthodox,No,No,No,Chris Kelades,0.0,0.3333333333333333,0.08333333333333333,0.08333333333333333,0.9541666666666666,7.25,3.1666666666666665,1.1666666666666667,5.833333333333333,2.9166666666666665,2.8333333333333335,11.583333333333334,26.5,22.916666666666668,39.75,1.8333333333333333,20.75,4.25,1.5,18.333333333333332,3.75,4.416666666666667,0.0,1.0,0.3333333333333333,0.16666666666666666,2.404166666666667,9.916666666666666,1.5,1.3333333333333333,8.083333333333334,1.4166666666666667,3.25,12.75,24.833333333333332,22.333333333333332,35.583333333333336,2.1666666666666665,21.583333333333332,1.9166666666666667,1.3333333333333333,18.333333333333332,2.25,4.25,1.1666666666666667,11.666666666666666,0.4166666666666667,0.0,10.25,0.8333333333333334,1.0,12.083333333333334,13.25,0.18181818181818182,0.3493975903614458,0.7450980392156863,0.2222222222222222,0.3181818181818182,0.7777777777777778,0.6415094339622641,0.4371069182389937,0.5765199161425577,0.5384615384615384,0.5405405405405406,0.21739130434782616,0.25,0.5590909090909091,0.37037037037037035,0.23529411764705888,0.4865771812080537,0.3723653395784544
Gabriel Gonzaga,Orthodox,No,No,Yes,Gabriel Gonzaga,0.16835016835016833,0.49158249158249157,0.22895622895622894,0.0,0.8195566778900112,4.7272727272727275,0.9764309764309763,1.8232323232323233,4.41919191919192,0.9949494949494949,2.112794612794613,7.526936026936028,18.328282828282827,11.237373737373737,22.375420875420875,1.7272727272727273,14.434343434343434,1.5387205387205387,2.355218855218855,13.429292929292929,1.643097643097643,3.255892255892256,0.0909090909090909,0.1414141414141414,0.0,0.015151515151515152,0.5407126823793491,10.212121212121213,0.914141414141414,0.8888888888888888,5.777777777777778,2.664983164983165,3.5723905723905722,12.015151515151516,29.68686868686869,15.686868686868687,33.81144781144781,0.49158249158249157,27.230639730639734,1.3181818181818181,1.138047138047138,20.5993265993266,3.7744107744107738,5.313131313131312,0.35016835016835013,17.01851851851852,0.404040404040404,0.24915824915824913,14.821548821548822,1.1094276094276094,1.7407407407407407,17.671717171717173,18.124579124579125,0.28460038986354774,0.3275017494751575,0.6345733041575492,0.2087205146533238,0.32907107935314034,0.6055327868852459,0.6489141675284384,0.4106732800587858,0.5022195470619216,0.7123287671232876,0.6249768160741886,0.30651340996168586,0.8757396449704142,0.7195161817587447,0.29393398751115074,0.3276299112801013,0.595270500170126,0.5360485958972316
Filip Pejic,Orthodox,No,No,No,Filip Pejic,0.0,0.0,0.0,0.0,0.3666666666666666,0.0,0.0,0.0,0.0,0.0,0.0,0.0,2.0,2.0,4.0,0.0,2.0,0.0,0.0,2.0,0.0,0.0,0.0,2.0,1.0,0.0,1.7,1.0,0.0,1.0,1.0,0.0,1.0,2.0,3.0,3.0,5.0,2.0,2.0,0.0,1.0,1.0,0.0,2.0,0.0,1.0,0.0,0.0,0.0,0.0,1.0,1.0,2.0,,0.0,,,0.0,,,0.0,0.5,0.0,0.5,,-1.0,0.0,,0.5,0.33333333333333337,0.4
Ian Entwistle,Orthodox,No,No,No,Ian Entwistle,0.0,0.0,2.3333333333333335,0.0,0.18888888888888886,0.0,0.3333333333333333,0.0,0.0,0.3333333333333333,0.0,0.3333333333333333,4.333333333333333,0.3333333333333333,4.333333333333333,1.0,3.6666666666666665,0.3333333333333333,0.3333333333333333,4.0,0.3333333333333333,0.0,0.0,0.3333333333333333,0.0,0.0,1.361111111111111,21.0,0.3333333333333333,0.0,1.6666666666666667,0.3333333333333333,19.333333333333332,21.333333333333332,31.333333333333332,47.666666666666664,64.66666666666667,0.3333333333333333,30.666666666666668,0.6666666666666666,0.0,3.6666666666666665,0.3333333333333333,27.333333333333332,0.0,9.666666666666666,0.3333333333333333,0.0,2.0,0.0,8.0,10.0,17.0,0.0,0.0,1.0,0.0,0.0,1.0,,0.07692307692307693,0.07692307692307693,0.0,0.3152173913043479,0.5,-inf,0.5454545454545454,0.0,0.29268292682926833,0.3191489361702128,0.2628865979381444
Igor Pokrajac,Orthodox,No,No,No,Igor Pokrajac,0.1185897435897436,0.2554945054945055,0.07326007326007326,0.0989010989010989,0.7057997557997558,8.037087912087912,0.8315018315018315,0.7248168498168498,5.615384615384616,2.803571428571429,1.1744505494505495,9.593406593406593,21.21382783882784,16.4514652014652,28.598443223443223,0.8635531135531135,19.382326007326007,0.9624542124542125,0.8690476190476191,15.679029304029305,4.101190476190476,1.4336080586080586,0.09294871794871795,0.6996336996336997,0.19826007326007325,0.0989010989010989,2.475938644688645,11.698260073260073,4.935897435897435,1.8246336996336996,7.309065934065934,6.836080586080587,4.313644688644689,18.458791208791208,31.740842490842493,41.021520146520146,57.659340659340664,1.3489010989010988,24.10164835164835,5.814560439560439,1.8246336996336996,16.68452380952381,8.452838827838828,6.603479853479853,0.6492673992673993,12.403388278388277,0.8786630036630036,0.0,9.375457875457876,1.6167582417582418,2.2898351648351647,13.282051282051283,16.637820512820515,0.295864262990456,0.41466065058704027,0.8639391056137012,0.29399367755532135,0.3581461904622843,0.6835994194484761,0.8192270839987225,0.45222421273013746,0.5752573688339551,0.4813306177868295,0.5146282153577264,0.15111426096543035,0.6165621079046424,0.5619254095886276,0.191268078652294,0.3467618915545694,0.41845301635844323,0.288553776761324
Lucas Martins,Southpaw,No,No,No,Lucas Martins,0.21428571428571427,0.0,0.11428571428571428,0.0,0.07115079365079362,7.445238095238095,1.5095238095238095,1.7952380952380953,9.442857142857143,0.8428571428571429,0.46428571428571425,10.75,29.590476190476192,12.30952380952381,31.150000000000002,0.06666666666666667,25.173809523809524,2.261904761904762,2.1547619047619047,27.333333333333332,1.7452380952380953,0.5119047619047619,0.1619047619047619,0.3523809523809524,0.0,0.0,1.0975793650793653,9.945238095238096,3.4285714285714284,1.8142857142857143,10.27142857142857,2.535714285714286,2.380952380952381,15.188095238095238,38.766666666666666,26.56190476190476,52.89523809523809,1.8285714285714285,30.042857142857144,6.466666666666666,2.2571428571428576,29.53571428571429,5.183333333333334,4.0476190476190474,1.4761904761904763,20.097619047619048,3.038095238095238,0.44285714285714284,19.264285714285716,2.6476190476190475,1.6666666666666667,23.578571428571426,26.333333333333332,0.0,0.2957533339638702,0.6673684210526316,0.0,0.34547038327526136,0.4829467939972715,0.9069767441860465,0.36329256517541036,0.3951693036765268,0.8072916666666666,0.6689649706768108,0.4698085419734904,0.8438818565400844,0.6522370012091899,0.5107946715663757,0.4117647058823529,0.6082176636776808,0.4978393950306086
Robert Whiteford,Southpaw,No,No,No,Robert Whiteford,0.06666666666666667,0.6055555555555555,0.0,0.08333333333333333,0.9827777777777778,6.138888888888889,2.433333333333333,1.5888888888888888,8.277777777777777,1.1833333333333333,0.7000000000000001,10.161111111111111,22.333333333333332,18.416666666666668,32.53888888888889,1.9166666666666667,16.727777777777778,3.577777777777778,2.027777777777778,19.483333333333334,1.8499999999999999,1.0,0.0,0.9055555555555556,0.6777777777777777,0.0,1.1836111111111112,6.722222222222221,1.1611111111111112,1.7833333333333332,5.616666666666667,0.3666666666666667,3.6833333333333336,9.666666666666666,25.233333333333334,18.75,35.199999999999996,1.6611111111111112,21.23888888888889,2.0611111111111113,1.9333333333333333,19.166666666666668,0.9111111111111111,5.155555555555555,0.7555555555555555,14.516666666666666,0.9,0.15,13.549999999999999,0.5444444444444444,1.472222222222222,15.566666666666668,16.45,0.3159420289855072,0.3669877117236799,0.6801242236024844,0.2986301369863013,0.42486455660108347,0.6396396396396397,0.7000000000000001,0.4549751243781095,0.5659894143759604,0.4548494983277592,0.6834946377190689,0.43665768194070087,0.5316091954022988,0.7069565217391305,0.5975609756097561,0.2855603448275861,0.6169088507265522,0.4673295454545454
Mark Eddiva,Orthodox,No,No,No,Mark Eddiva,0.0,0.4444444444444444,0.0,0.0,1.4638888888888888,5.111111111111111,2.861111111111111,6.6944444444444455,8.833333333333334,3.805555555555556,2.027777777777778,14.666666666666666,32.583333333333336,26.694444444444443,46.111111111111114,1.8333333333333333,20.25,3.638888888888889,8.694444444444445,25.333333333333332,4.805555555555556,2.4444444444444446,0.0,1.0555555555555556,0.4166666666666667,0.0,0.8694444444444445,8.694444444444445,2.861111111111111,1.1666666666666667,8.805555555555555,2.8888888888888893,1.0277777777777777,12.722222222222223,27.833333333333332,20.333333333333332,37.22222222222222,3.0555555555555554,22.444444444444446,4.055555555555556,1.3333333333333333,21.5,5.138888888888889,1.1944444444444444,2.0,13.75,1.1944444444444444,0.16666666666666666,12.694444444444443,2.25,0.16666666666666666,15.111111111111109,16.88888888888889,0.24242424242424243,0.252400548696845,0.7862595419847328,0.051118210862619806,0.3486842105263158,0.791907514450867,0.8295454545454546,0.45012787723785164,0.5789156626506023,0.6545454545454545,0.6126237623762376,0.29452054794520555,0.20833333333333326,0.5904392764857882,0.4378378378378378,0.13953488372093026,0.5429141716566865,0.4537313432835821
James Te Huna,Orthodox,No,No,No,James Te Huna,0.06666666666666667,1.0666666666666667,0.1111111111111111,0.0,1.842037037037037,11.055555555555555,3.244444444444445,2.4,9.266666666666667,2.4555555555555557,4.977777777777778,16.7,33.43333333333333,34.81111111111111,54.06666666666666,2.522222222222222,25.522222222222222,4.844444444444444,3.0666666666666664,21.811111111111114,3.966666666666667,7.655555555555556,0.27777777777777773,0.4666666666666666,0.13333333333333333,0.0,0.8825925925925926,8.977777777777778,1.2555555555555555,1.9555555555555557,7.466666666666668,2.588888888888889,2.1333333333333333,12.188888888888888,34.855555555555554,18.61111111111111,41.766666666666666,1.111111111111111,30.622222222222224,2.022222222222222,2.211111111111111,28.255555555555556,3.6444444444444444,2.9555555555555557,0.6444444444444444,21.644444444444446,0.7666666666666666,0.25555555555555554,20.788888888888888,1.0555555555555556,0.8222222222222223,22.666666666666668,23.155555555555555,0.42290748898678415,0.4331737048323901,0.6697247706422019,0.3478260869565218,0.4248599083036169,0.6190476190476191,0.6502177068214804,0.4995014955134596,0.643855322646938,0.58,0.7068214804063861,0.3791208791208791,0.7889447236180904,0.7357451828548958,0.28963414634146334,0.27819548872180455,0.6503028371055148,0.5544027666932695
Rin Nakai,Orthodox,No,No,No,Rin Nakai,0.0,1.0,0.16666666666666666,0.0,1.5777777777777777,5.5,1.6666666666666667,0.6666666666666666,4.833333333333333,3.0,0.0,7.833333333333333,23.166666666666668,18.333333333333332,35.0,5.333333333333333,18.166666666666668,4.166666666666667,0.8333333333333334,17.333333333333332,5.5,0.3333333333333333,0.0,0.16666666666666666,0.0,0.0,0.4583333333333333,14.0,4.833333333333333,0.6666666666666666,14.5,4.666666666666667,0.3333333333333333,19.5,49.5,26.666666666666668,57.166666666666664,0.6666666666666666,42.333333333333336,6.333333333333333,0.8333333333333334,42.5,6.333333333333333,0.6666666666666666,0.5,28.333333333333332,1.5,0.16666666666666666,28.0,1.6666666666666667,0.3333333333333333,30.0,30.5,0.1875,0.3027522935779816,0.39999999999999997,1.2,0.27884615384615385,0.5454545454545454,0.0,0.33812949640287765,0.5238095238095237,0.75,0.6692913385826772,0.23684210526315785,0.8,0.6588235294117647,0.26315789473684204,0.5,0.6060606060606061,0.5335276967930029
Frank Mir,Southpaw,Yes,Yes,Yes,Frank Mir,0.1839506172839506,0.6,0.2802469135802469,0.012345679012345678,1.1046296296296296,4.383950617283951,2.7691358024691355,1.219753086419753,3.406172839506173,2.7185185185185183,2.248148148148148,8.37283950617284,17.741975308641972,15.291358024691357,25.196296296296296,1.4543209876543208,13.238271604938271,3.167901234567901,1.3358024691358026,10.255555555555555,3.3333333333333335,4.153086419753087,0.08271604938271605,0.08271604938271605,0.024691358024691357,0.024691358024691357,1.241954732510288,8.298765432098765,3.4234567901234567,1.4358024691358022,4.74320987654321,4.307407407407408,4.107407407407408,13.158024691358024,22.022222222222222,25.733333333333334,35.71975308641975,0.22098765432098766,16.553086419753086,3.929629629629629,1.5395061728395063,11.333333333333334,5.9259259259259265,4.7629629629629635,0.1382716049382716,8.25432098765432,0.5061728395061729,0.1037037037037037,6.590123456790124,1.6185185185185185,0.6555555555555556,8.864197530864198,9.98641975308642,0.41256366723259763,0.3311573253753614,0.8741231488698362,0.44916820702402954,0.3321295293126279,0.8155555555555555,0.5413198573127229,0.47192262194697665,0.6068891175461806,0.6256983240223464,0.4986575178997613,0.12880929940307873,0.946271050521251,0.5814814814814815,0.27312499999999995,0.1376360808709176,0.4025114923197668,0.2795769536515397
Viscardi Andrade,Orthodox,No,No,No,Viscardi Andrade,0.16666666666666666,0.611111111111111,0.1111111111111111,0.0,0.950462962962963,9.194444444444445,3.777777777777778,2.0277777777777777,10.333333333333334,2.8333333333333335,1.8333333333333333,15.0,35.77777777777778,23.694444444444443,45.888888888888886,1.2777777777777777,27.75,5.638888888888888,2.388888888888889,28.527777777777775,4.138888888888889,3.111111111111111,0.1111111111111111,0.3333333333333333,0.0,0.0,1.1648148148148147,10.63888888888889,1.4444444444444446,1.4166666666666667,9.583333333333334,1.5833333333333333,2.3333333333333335,13.5,35.47222222222222,20.88888888888889,44.27777777777777,0.9444444444444443,30.055555555555554,3.611111111111111,1.8055555555555556,29.36111111111111,2.7777777777777772,3.3333333333333335,0.611111111111111,19.416666666666668,2.1666666666666665,0.38888888888888884,19.77777777777778,1.1944444444444444,1.0,21.972222222222225,23.388888888888886,0.4782608695652174,0.33133133133133136,0.6699507389162562,0.25581395348837205,0.36222005842259014,0.6845637583892618,0.5892857142857143,0.4192546583850932,0.5163438256658596,0.6470588235294117,0.6460258780036968,0.6,0.8153846153846154,0.67360454115421,0.42999999999999994,0.29999999999999993,0.6194205168363351,0.5282308657465495
Tom Lawlor,Southpaw,No,No,No,Tom Lawlor,0.10227272727272728,0.7689393939393939,0.35454545454545455,0.0,1.6206439393939396,7.881818181818182,0.7363636363636363,0.8007575757575758,4.663636363636363,2.6628787878787876,2.0924242424242423,9.418939393939395,22.506060606060604,17.554545454545455,31.30909090909091,2.3265151515151516,20.825,0.8803030303030303,0.8007575757575758,15.643181818181818,3.9674242424242423,2.895454545454545,0.0,0.3265151515151515,0.10227272727272728,0.030303030303030304,0.7999368686868685,5.782575757575757,2.3742424242424245,1.200757575757576,5.781060606060606,2.6386363636363637,0.9378787878787879,9.357575757575757,24.13257575757576,20.540909090909093,35.81818181818182,0.7553030303030303,18.828787878787878,3.737121212121212,1.5666666666666667,18.19621212121212,4.425757575757576,1.5106060606060605,0.4287878787878788,13.046212121212122,1.362878787878788,0.3659090909090909,12.415151515151514,1.787121212121212,0.5727272727272728,14.775,15.27727272727273,0.33051123412569194,0.3784786641929499,0.8364888123924269,0.9602649006622516,0.2981258172308586,0.671185793393164,0.7226582940868655,0.41850679951528214,0.56068524970964,0.567703109327984,0.6928864569083447,0.3646868031623757,0.7915860735009671,0.6822931845622215,0.4038000684697022,0.37913741223671005,0.6122429759849317,0.42652284263959384
Justin Salas,Southpaw,No,No,No,Justin Salas,0.047619047619047616,0.6825396825396824,0.0,0.0,0.7698412698412698,8.658730158730158,3.206349206349206,3.2539682539682544,9.80952380952381,3.293650793650794,2.015873015873016,15.11904761904762,34.67460317460317,18.666666666666668,38.55555555555555,3.388888888888889,25.90476190476191,4.253968253968254,4.515873015873016,27.80952380952381,4.492063492063492,2.373015873015873,0.20634920634920637,0.047619047619047616,0.047619047619047616,0.047619047619047616,0.2037037037037037,6.849206349206349,3.198412698412698,1.5158730158730158,7.46031746031746,2.0555555555555554,2.047619047619048,11.563492063492063,41.42063492063492,13.555555555555555,44.166666666666664,0.047619047619047616,31.428571428571427,7.333333333333333,2.6587301587301586,35.547619047619044,2.722222222222222,3.1507936507936507,0.0,24.57936507936508,4.134920634920635,1.1428571428571428,28.087301587301585,0.6666666666666666,1.103174603174603,29.857142857142858,30.611111111111114,0.20140515222482433,0.3342524509803921,0.753731343283582,0.15114235500878734,0.3527397260273973,0.7332155477031803,0.8494983277591973,0.43602655069810037,0.4841498559077811,0.0,0.7820707070707071,0.5638528138528138,0.982089552238806,0.7901317258316589,0.2448979591836734,0.35012594458438273,0.7208277447786933,0.6930817610062894
Marcelo Guimaraes,Orthodox,No,No,No,Marcelo Guimaraes,0.0,0.5833333333333334,0.0,0.0,1.488888888888889,6.5,3.4166666666666665,12.833333333333334,18.166666666666668,4.5,0.08333333333333333,22.75,43.166666666666664,33.0,54.583333333333336,4.0,23.0,5.583333333333333,14.583333333333334,37.5,5.5,0.16666666666666666,0.08333333333333333,0.08333333333333333,0.0,0.0,0.0236111111111111,11.5,3.1666666666666665,5.0,16.25,3.25,0.16666666666666666,19.666666666666668,55.583333333333336,24.916666666666668,61.083333333333336,0.08333333333333333,43.583333333333336,5.666666666666667,6.333333333333333,52.0,3.4166666666666665,0.16666666666666666,0.0,32.083333333333336,2.5,1.3333333333333333,35.75,0.16666666666666666,0.0,35.916666666666664,36.166666666666664,0.14583333333333334,0.2826086956521739,0.6119402985074627,0.04,0.48444444444444446,0.8181818181818182,0.5,0.5270270270270271,0.6045801526717557,0.0,0.7361376673040153,0.4411764705882354,0.9868421052631579,0.6875,0.04878048780487798,0.0,0.646176911544228,0.5920873124147339
Yaotzin Meza,Orthodox,No,No,No,Yaotzin Meza,0.0,0.33174603174603173,0.4238095238095238,0.17777777777777778,1.3754232804232804,3.0873015873015874,1.2920634920634921,2.257142857142857,5.495238095238096,0.5714285714285715,0.5698412698412699,6.636507936507936,16.05079365079365,16.925396825396827,27.88095238095238,1.7142857142857142,11.006349206349206,2.168253968253968,2.876190476190476,14.503174603174605,0.8444444444444444,0.7031746031746032,0.11428571428571428,0.5095238095238095,0.5015873015873016,0.09523809523809523,1.44973544973545,4.574603174603175,1.273015873015873,1.8015873015873016,5.420634920634921,0.6396825396825397,1.5888888888888888,7.64920634920635,21.287301587301588,12.006349206349206,26.376190476190477,0.6047619047619047,16.66190476190476,2.519047619047619,2.1063492063492064,18.279365079365082,1.1650793650793652,1.8428571428571427,0.09523809523809523,12.087301587301587,1.246031746031746,0.3047619047619048,12.85873015873016,0.5253968253968254,0.25396825396825395,13.638095238095238,14.369841269841269,0.19351851851851853,0.2805018748197289,0.5959004392386531,0.11534216335540838,0.37889898216044654,0.6766917293233083,0.8103837471783296,0.4134691455696202,0.6070594933105609,0.15748031496062997,0.7254453653424788,0.49464398235664775,0.7581009796533534,0.7034560611323377,0.4509536784741144,0.13781223083548666,0.6406681082693311,0.5448035144731299
Martin Svensson,,No,No,No,Martin Svensson,0.0,0.0,0.0,0.0,0.1583333333333333,1.5,2.5,2.5,6.0,0.0,0.5,6.5,17.0,8.5,19.0,2.0,11.0,3.5,2.5,16.0,0.5,0.5,0.5,0.5,0.0,0.0,0.24166666666666664,7.5,1.5,10.0,17.0,0.0,2.0,19.0,31.0,20.5,32.5,0.5,17.0,2.5,11.5,28.5,0.0,2.5,0.0,9.5,1.0,1.5,11.5,0.0,0.5,12.0,12.0,0.0,0.13636363636363635,0.7142857142857143,0.0,0.375,0.0,1.0,0.38235294117647056,0.4473684210526316,0.0,0.5588235294117647,0.4,0.9565217391304348,0.4035087719298246,,0.19999999999999996,0.3870967741935484,0.36923076923076925
Mike Wilkinson,Orthodox,No,No,No,Mike Wilkinson,0.08333333333333333,0.16666666666666666,0.25,0.16666666666666666,0.9708333333333333,6.916666666666667,1.5833333333333333,2.3333333333333335,7.083333333333333,1.25,2.5,10.833333333333334,28.583333333333332,28.916666666666668,51.166666666666664,1.9166666666666667,23.333333333333332,1.8333333333333333,3.4166666666666665,23.083333333333332,2.0,3.5,0.16666666666666666,0.5833333333333334,0.08333333333333333,0.5,1.6388888888888886,10.916666666666666,1.6666666666666667,3.75,11.0,1.4166666666666667,3.9166666666666665,16.333333333333332,25.666666666666668,22.583333333333332,32.75,1.4166666666666667,19.833333333333332,1.9166666666666667,3.9166666666666665,18.166666666666668,1.75,5.75,0.8333333333333334,8.916666666666666,0.25,0.16666666666666666,7.166666666666667,0.3333333333333333,1.8333333333333333,9.333333333333334,10.166666666666666,0.08695652173913043,0.29642857142857143,0.8636363636363636,0.04878048780487805,0.30685920577617326,0.625,0.7142857142857143,0.37900874635568516,0.5651465798045603,0.5882352941176471,0.44957983193277307,0.13043478260869568,0.851063829787234,0.3944954128440368,0.19047619047619047,0.3188405797101449,0.36363636363636376,0.3104325699745547
Norman Parke,Southpaw,No,No,No,Norman Parke,0.0,0.6574074074074074,0.0,0.037037037037037035,1.4516203703703703,10.49537037037037,2.814814814814815,1.8148148148148149,11.777777777777779,2.0370370370370368,1.3101851851851851,15.125,43.13888888888889,18.796296296296294,47.28240740740741,2.486111111111111,35.351851851851855,4.689814814814815,3.0972222222222228,37.495370370370374,3.324074074074074,2.319444444444444,0.0,0.38888888888888884,0.0,0.0,0.5397376543209876,8.231481481481481,2.5370370370370368,3.555555555555556,11.949074074074074,1.587962962962963,0.7870370370370371,14.324074074074074,40.629629629629626,18.125,44.9212962962963,1.7314814814814816,32.236111111111114,4.083333333333333,4.310185185185185,36.93981481481482,2.6620370370370368,1.027777777777778,1.3425925925925926,24.00462962962963,1.5462962962962965,0.7546296296296297,24.990740740740744,1.0740740740740742,0.24074074074074073,26.305555555555554,26.796296296296294,0.2644320297951583,0.2968831849135673,0.6001974333662389,0.2122571001494768,0.3141128534386961,0.6128133704735376,0.564870259481038,0.35061171925305856,0.39753255654557906,0.7754010695187166,0.7446502944133276,0.3786848072562359,0.9097744360902256,0.6765258804361449,0.4034782608695652,0.23423423423423428,0.6474475843208751,0.596516541275894
Chris Dempsey,Orthodox,No,No,No,Chris Dempsey,0.0,1.0833333333333333,0.0,0.0,1.1583333333333332,10.333333333333334,1.6666666666666667,0.5,9.0,1.75,1.75,12.5,35.833333333333336,19.5,43.583333333333336,3.6666666666666665,33.166666666666664,1.8333333333333333,0.8333333333333334,30.916666666666668,2.8333333333333335,2.0833333333333335,0.16666666666666666,1.1666666666666667,0.0,0.08333333333333333,1.1944444444444444,9.333333333333334,0.25,0.5,9.333333333333334,0.25,0.5,10.083333333333334,35.166666666666664,13.583333333333334,39.666666666666664,1.25,34.25,0.4166666666666667,0.5,33.25,1.4166666666666667,0.5,0.08333333333333333,24.916666666666668,0.16666666666666666,0.0,23.916666666666668,1.1666666666666667,0.0,25.083333333333332,26.083333333333332,0.29545454545454547,0.31155778894472363,0.9090909090909092,1.2999999999999998,0.2911051212938005,0.6176470588235293,0.84,0.34883720930232553,0.44741873804971316,0.06666666666666665,0.7274939172749392,0.4,-1.3333333333333335,0.7192982456140351,0.8235294117647058,0.0,0.7132701421800948,0.6575630252100839
Joe Riggs,Southpaw,No,No,No,Joe Riggs,0.06666666666666667,0.7555555555555555,0.05555555555555555,0.05555555555555555,1.2177777777777778,8.666666666666666,1.3166666666666667,0.49444444444444446,3.966666666666667,2.727777777777778,3.783333333333333,10.477777777777776,20.533333333333335,16.455555555555552,26.7,1.2555555555555555,18.283333333333335,1.6888888888888889,0.5611111111111111,9.9,4.727777777777778,5.905555555555556,0.1111111111111111,0.19444444444444445,0.20555555555555557,0.2888888888888889,1.1127777777777776,4.188888888888889,1.5444444444444443,1.0555555555555556,2.994444444444445,2.511111111111111,1.2833333333333334,6.788888888888889,15.96111111111111,26.527777777777775,37.699999999999996,1.3833333333333335,11.516666666666666,2.783333333333333,1.6611111111111112,10.672222222222222,3.5666666666666664,1.7222222222222223,1.1888888888888889,7.327777777777778,1.238888888888889,0.6055555555555555,7.677777777777777,1.0555555555555556,0.4388888888888889,9.172222222222222,11.172222222222222,0.6017699115044248,0.4740200546946216,0.7796052631578947,1.3465346534653464,0.4006734006734007,0.5769682726204466,0.6406396989651928,0.5102813852813851,0.6163129421556387,0.8594377510040161,0.6362759286058852,0.44510978043912175,0.882943143812709,0.7194169703279542,0.2959501557632398,0.2548387096774193,0.5746606334841629,0.2963454170350722
Daniel Sarafian,Orthodox,No,No,No,Daniel Sarafian,0.05555555555555555,0.05555555555555555,0.1111111111111111,0.0,0.5166666666666667,4.611111111111111,1.6666666666666667,1.4444444444444446,7.0555555555555545,0.611111111111111,0.05555555555555555,7.722222222222222,17.166666666666668,10.055555555555555,19.666666666666668,1.3333333333333333,12.722222222222221,2.8333333333333335,1.6111111111111114,16.055555555555554,1.0555555555555556,0.05555555555555555,0.1111111111111111,0.8333333333333334,0.05555555555555555,0.16666666666666666,1.6611111111111114,8.111111111111112,1.5,1.5555555555555556,8.388888888888888,0.5,2.277777777777778,11.166666666666666,26.722222222222218,19.277777777777775,36.666666666666664,1.4444444444444444,22.666666666666668,2.388888888888889,1.6666666666666667,21.833333333333332,1.111111111111111,3.7777777777777772,0.6111111111111112,14.555555555555555,0.8888888888888888,0.1111111111111111,13.444444444444445,0.611111111111111,1.5,15.555555555555555,17.38888888888889,0.041666666666666664,0.3624454148471616,0.5882352941176471,0.03448275862068965,0.4394463667820069,0.5789473684210525,1.0,0.44983818770226536,0.5112994350282486,0.423076923076923,0.642156862745098,0.37209302325581395,0.5,0.6157760814249365,0.5499999999999999,0.3970588235294116,0.5821205821205822,0.47424242424242424
Jonavin Webb,Orthodox,No,No,No,Jonavin Webb,0.16666666666666666,0.8333333333333334,0.3333333333333333,0.0,0.5944444444444444,5.333333333333333,1.6666666666666667,0.3333333333333333,5.166666666666667,1.5,0.6666666666666666,7.333333333333333,24.0,11.5,28.833333333333332,2.6666666666666665,20.166666666666668,3.0,0.8333333333333334,19.5,2.8333333333333335,1.6666666666666667,0.0,0.5,0.0,0.16666666666666666,1.5694444444444446,6.0,2.3333333333333335,3.0,5.5,1.3333333333333333,4.5,11.333333333333334,32.333333333333336,19.166666666666668,41.666666666666664,0.8333333333333334,24.333333333333332,3.1666666666666665,4.833333333333333,23.666666666666668,2.0,6.666666666666667,0.3333333333333333,18.333333333333332,0.8333333333333334,1.8333333333333333,18.166666666666668,0.6666666666666666,2.1666666666666665,21.0,22.5,0.31250000000000006,0.2644628099173553,0.5555555555555556,1.0,0.26495726495726496,0.5294117647058824,0.39999999999999997,0.3055555555555555,0.3988439306358382,0.4,0.7534246575342466,0.26315789473684204,0.896551724137931,0.7676056338028169,0.33333333333333337,0.32500000000000007,0.6494845360824743,0.5399999999999999
KJ Noons,Orthodox,No,No,No,KJ Noons,0.05555555555555555,0.0,0.0,0.0,0.005555555555555552,7.138888888888889,4.083333333333333,1.5833333333333333,11.138888888888891,1.5555555555555556,0.1111111111111111,12.805555555555555,33.72222222222222,15.722222222222223,36.75,0.0,22.916666666666668,7.861111111111112,2.944444444444444,31.722222222222218,1.75,0.25,0.0,1.0,0.05555555555555555,0.0,1.0449074074074074,9.555555555555555,2.8333333333333335,4.972222222222222,14.083333333333334,0.6666666666666666,2.611111111111111,17.36111111111111,43.75,23.11111111111111,50.5,2.777777777777778,34.02777777777778,4.027777777777778,5.694444444444444,38.72222222222222,0.9166666666666666,4.111111111111111,1.7777777777777777,24.472222222222225,1.1944444444444444,0.7222222222222222,24.638888888888886,0.25,1.5,26.38888888888889,27.38888888888889,,0.3115151515151515,0.5194346289752649,0.0,0.3511383537653241,0.888888888888889,0.4444444444444444,0.3797364085667216,0.42781557067271353,0.6400000000000001,0.7191836734693877,0.29655172413793096,0.824390243902439,0.6362984218077474,0.2727272727272727,0.3648648648648648,0.6031746031746033,0.5423542354235424
Noad Lahat,Orthodox,No,No,No,Noad Lahat,0.0,0.5277777777777778,0.5833333333333334,0.5277777777777778,1.0981481481481483,8.75,1.6111111111111114,1.9166666666666667,6.055555555555556,3.305555555555556,2.9166666666666665,12.277777777777777,26.805555555555554,24.11111111111111,40.19444444444445,2.4166666666666665,21.472222222222225,2.8611111111111107,2.472222222222222,18.25,4.472222222222222,4.083333333333333,0.19444444444444442,0.6944444444444443,0.08333333333333333,0.19444444444444442,1.313425925925926,5.138888888888889,0.8333333333333334,0.8333333333333334,5.388888888888889,0.6388888888888888,0.7777777777777777,6.805555555555556,18.5,11.694444444444445,24.666666666666668,0.8055555555555555,15.777777777777779,1.8055555555555554,0.9166666666666666,15.361111111111109,1.4444444444444444,1.6944444444444444,0.1111111111111111,10.638888888888888,0.9722222222222223,0.08333333333333333,9.972222222222221,0.8055555555555555,0.9166666666666666,11.694444444444445,12.972222222222221,0.21839080459770116,0.40750323415265194,0.563106796116505,0.21348314606741575,0.33181126331811267,0.7391304347826088,0.7142857142857143,0.45803108808290155,0.5998617829993088,0.13793103448275867,0.6742957746478873,0.5384615384615383,0.24242424242424254,0.6491862567811935,0.5576923076923077,0.5409836065573771,0.632132132132132,0.5259009009009009
Rafael Cavalcante,Orthodox,No,No,No,Rafael Cavalcante,0.06666666666666667,0.0,0.0,0.0,0.0662962962962963,5.51111111111111,0.5111111111111111,0.5333333333333333,4.266666666666667,1.2,1.088888888888889,6.555555555555556,14.933333333333332,9.755555555555555,18.244444444444444,0.1111111111111111,13.200000000000001,0.8222222222222223,0.9111111111111111,11.71111111111111,1.9111111111111112,1.3111111111111111,0.06666666666666667,1.3777777777777775,0.0,0.0,2.2199999999999998,12.066666666666668,3.022222222222222,2.6666666666666665,7.422222222222222,2.066666666666667,8.266666666666667,17.755555555555556,33.17777777777778,34.11111111111111,52.62222222222223,2.911111111111111,25.95555555555556,4.288888888888889,2.9333333333333336,19.177777777777777,2.888888888888889,11.111111111111112,1.5333333333333332,13.888888888888888,1.2666666666666668,0.26666666666666666,11.755555555555555,0.8222222222222223,2.8444444444444446,15.422222222222222,18.51111111111111,0.0,0.4175084175084174,0.6216216216216215,0.0,0.36432637571157495,0.6279069767441859,0.8305084745762713,0.43898809523809534,0.5347137637028014,0.5267175572519085,0.5351027397260274,0.2953367875647669,0.5303030303030305,0.6129779837775202,0.2846153846153845,0.256,0.46483590087073,0.3517736486486488
Jared Rosholt,Orthodox,No,No,No,Jared Rosholt,0.0,0.6011904761904762,0.047619047619047616,0.0,2.0182539682539686,6.261904761904762,2.1904761904761902,1.6666666666666667,4.238095238095238,2.3511904761904763,3.5297619047619047,10.119047619047619,21.952380952380953,24.81547619047619,38.31547619047619,1.4226190476190474,17.261904761904763,2.7916666666666665,1.8988095238095237,13.851190476190476,3.339285714285714,4.761904761904762,0.125,0.18452380952380953,0.0,0.0,0.45565476190476195,5.428571428571428,1.482142857142857,0.5,5.2023809523809526,1.244047619047619,0.9642857142857143,7.410714285714286,18.44642857142857,14.708333333333334,26.482142857142858,0.5476190476190476,15.583333333333334,2.3154761904761902,0.5476190476190476,14.99404761904762,2.25,1.2023809523809523,0.3630952380952381,10.154761904761905,0.8333333333333334,0.047619047619047616,9.791666666666666,1.005952380952381,0.2380952380952381,11.035714285714286,11.773809523809524,0.4225941422594143,0.36275862068965514,0.7846481876332623,0.3166144200626959,0.30597335625268585,0.7040998217468807,0.74125,0.46095444685466375,0.6476619543265496,0.6630434782608695,0.651642475171887,0.35989717223650386,0.6630434782608695,0.6530369194124652,0.4470899470899471,0.19801980198019797,0.5982575024201355,0.44459429085187685
Masio Fullen,Orthodox,No,No,No,Masio Fullen,0.0,0.1111111111111111,0.0,0.0,0.2407407407407407,7.5,2.6666666666666665,1.4444444444444444,8.666666666666666,2.722222222222222,0.2222222222222222,11.611111111111112,35.94444444444444,15.166666666666666,40.166666666666664,0.3333333333333333,30.222222222222225,4.055555555555555,1.6666666666666667,29.5,6.0,0.4444444444444444,0.0,0.5,0.2222222222222222,0.0,0.9481481481481481,8.833333333333334,4.0,3.277777777777778,12.277777777777779,3.611111111111111,0.2222222222222222,16.11111111111111,35.0,17.555555555555554,36.94444444444445,2.0,23.833333333333332,6.666666666666667,4.5,28.444444444444443,6.333333333333333,0.2222222222222222,1.5,15.0,2.6666666666666665,1.222222222222222,16.166666666666668,2.722222222222222,0.0,18.88888888888889,19.38888888888889,0.3333333333333333,0.24816176470588233,0.6575342465753424,0.06666666666666667,0.29378531073446323,0.45370370370370366,0.5,0.32302936630602785,0.3775933609958506,0.75,0.6293706293706294,0.4,0.8888888888888888,0.568359375,0.4298245614035088,0.0,0.5396825396825398,0.5248120300751882
Felipe Olivieri,Orthodox,No,No,No,Felipe Olivieri,0.0,0.0,0.0,0.0,0.10555555555555553,10.333333333333334,9.333333333333334,9.333333333333334,25.666666666666668,3.3333333333333335,0.0,29.0,50.0,31.333333333333332,53.0,0.3333333333333333,27.0,12.333333333333334,10.666666666666666,45.333333333333336,4.666666666666667,0.0,0.0,0.6666666666666666,0.3333333333333333,0.0,1.3388888888888888,18.333333333333332,1.3333333333333333,0.3333333333333333,17.666666666666668,2.3333333333333335,0.0,20.0,47.0,21.333333333333332,49.0,2.3333333333333335,44.0,2.3333333333333335,0.6666666666666666,43.666666666666664,3.3333333333333335,0.0,1.6666666666666667,25.666666666666668,1.0,0.3333333333333333,26.0,1.0,0.0,27.0,27.666666666666668,0.0,0.3827160493827161,0.7567567567567568,0.0,0.5661764705882353,0.7142857142857143,,0.58,0.5911949685534591,0.7142857142857143,0.5833333333333334,0.4285714285714286,0.0,0.5954198473282442,0.29999999999999993,,0.574468085106383,0.564625850340136
Levan Makashvili,Orthodox,No,No,No,Levan Makashvili,0.0,1.2222222222222223,0.0,0.0,1.5092592592592593,6.5555555555555545,5.111111111111111,2.6666666666666665,6.5555555555555545,6.333333333333333,1.4444444444444444,14.333333333333334,26.222222222222225,25.666666666666668,38.55555555555555,2.8888888888888893,16.88888888888889,6.111111111111111,3.222222222222222,16.11111111111111,8.222222222222223,1.888888888888889,0.0,0.3333333333333333,0.1111111111111111,0.0,1.162962962962963,3.444444444444444,4.111111111111111,2.777777777777778,6.666666666666667,3.555555555555556,0.1111111111111111,10.333333333333334,26.777777777777775,16.77777777777778,34.0,2.2222222222222223,18.333333333333332,4.777777777777778,3.6666666666666665,21.555555555555554,5.111111111111111,0.1111111111111111,1.8888888888888886,14.888888888888891,0.6666666666666666,0.8888888888888888,14.888888888888888,1.5555555555555556,0.0,16.444444444444446,17.22222222222222,0.4230769230769231,0.38815789473684204,0.8363636363636363,0.3793103448275863,0.40689655172413786,0.7702702702702702,0.7647058823529411,0.5466101694915254,0.665706051873199,0.85,0.8121212121212121,0.13953488372093026,0.9090909090909091,0.6907216494845361,0.30434782608695643,0.0,0.6141078838174273,0.5065359477124183
Matt Dwyer,Orthodox,No,No,No,Matt Dwyer,0.16666666666666666,0.16666666666666666,0.0,0.0,0.5180555555555556,6.416666666666667,1.8333333333333333,3.0833333333333335,8.0,2.9166666666666665,0.4166666666666667,11.333333333333334,32.75,12.666666666666666,34.083333333333336,1.5833333333333333,24.666666666666668,4.333333333333333,3.75,27.083333333333332,4.666666666666667,1.0,0.3333333333333333,0.3333333333333333,0.16666666666666666,0.0,0.9638888888888889,9.666666666666666,3.1666666666666665,2.5833333333333335,8.833333333333334,4.833333333333333,1.75,15.416666666666666,32.25,19.166666666666668,36.166666666666664,0.8333333333333334,23.833333333333332,4.5,3.9166666666666665,22.166666666666668,6.916666666666667,3.1666666666666665,0.5,14.166666666666666,1.3333333333333333,1.3333333333333333,13.333333333333334,2.0833333333333335,1.4166666666666667,16.833333333333332,17.0,0.10526315789473684,0.26013513513513514,0.4230769230769231,0.04444444444444444,0.2953846153846154,0.6249999999999999,0.4166666666666667,0.34605597964376594,0.3716381418092909,0.6000000000000001,0.5944055944055944,0.2962962962962963,0.9148936170212766,0.6015037593984962,0.3012048192771085,0.4473684210526315,0.5219638242894057,0.4700460829493087
Daron Cruickshank,Switch,No,No,No,Daron Cruickshank,0.13752913752913754,0.5839160839160839,0.0811965811965812,0.1111111111111111,0.5663364413364413,6.81080031080031,3.2696192696192696,1.8636363636363635,8.709013209013209,1.7455322455322457,1.4895104895104894,11.944055944055945,32.67987567987568,15.303030303030303,36.68919968919969,1.5314685314685315,24.452602952602955,5.93084693084693,2.296425796425796,28.070707070707073,2.7676767676767677,1.8414918414918418,0.0,0.3041958041958042,0.3702408702408702,0.05555555555555555,1.0301346801346802,7.855866355866357,2.7463092463092464,3.3414918414918415,10.430846930846931,1.2968142968142968,2.216006216006216,13.943667443667444,31.546231546231542,19.400543900543898,38.16006216006216,0.766122766122766,23.24009324009324,4.215617715617715,4.09052059052059,25.977466977466978,2.4770784770784773,3.0916860916860913,0.461926961926962,15.384226884226884,1.4693084693084693,0.7490287490287489,15.546620046620047,1.1802641802641802,0.8756798756798756,17.602564102564102,18.75951825951826,0.38127853881278534,0.27853068746921716,0.5512904493646011,0.2542716968364067,0.3102527195726188,0.6306850084222347,0.8088607594936706,0.36548657837799287,0.4170990491115864,0.6029411764705881,0.6619692410565028,0.34853930513316733,0.9256339633393484,0.5984655878922023,0.47647427854454205,0.2832369942196531,0.5579926108374383,0.4916008307541946
Matt Mitrione,Switch,No,No,No,Matt Mitrione,0.27777777777777773,0.0,0.12698412698412698,0.0,0.23611111111111108,10.333333333333334,1.3015873015873016,2.507936507936508,11.277777777777779,0.9920634920634921,1.8730158730158728,14.142857142857144,27.412698412698415,16.436507936507937,30.047619047619047,0.07936507936507936,23.087301587301585,1.6746031746031746,2.6507936507936507,23.531746031746028,1.8412698412698412,2.0396825396825395,0.023809523809523808,0.6666666666666666,0.07142857142857142,0.023809523809523808,1.3105820105820103,8.944444444444445,1.9841269841269842,1.7777777777777777,6.6190476190476195,1.642857142857143,4.444444444444445,12.706349206349207,35.317460317460316,18.53174603174603,42.476190476190474,1.3809523809523807,29.0952380952381,3.595238095238095,2.626984126984127,26.682539682539684,2.3412698412698414,6.293650793650794,0.7142857142857143,20.15079365079365,1.6111111111111114,0.8492063492063492,20.063492063492063,0.6984126984126983,1.849206349206349,22.61111111111111,23.944444444444443,0.0,0.4475764867652115,0.7772511848341233,0.0,0.479258010118044,0.5387931034482759,0.9182879377431906,0.5159235668789809,0.5470153195985209,0.5172413793103448,0.6925804691762139,0.44812362030905073,0.7462235649546828,0.7519333729922665,0.29830508474576267,0.29382093316519553,0.6402247191011236,0.5637144992526159
Tony Sims,Southpaw,No,No,No,Tony Sims,0.1111111111111111,0.1111111111111111,0.3333333333333333,0.0,0.38888888888888884,8.777777777777777,0.2222222222222222,0.3333333333333333,2.222222222222222,0.1111111111111111,7.0,9.333333333333334,13.111111111111112,16.11111111111111,20.333333333333332,0.2222222222222222,12.555555555555555,0.2222222222222222,0.3333333333333333,5.4444444444444455,0.3333333333333333,7.333333333333333,0.0,1.5555555555555556,0.1111111111111111,0.0,3.057407407407407,1.0,0.7777777777777777,0.4444444444444444,2.0,0.2222222222222222,0.0,2.2222222222222223,6.777777777777779,22.555555555555554,31.555555555555557,3.1111111111111107,5.111111111111112,1.2222222222222223,0.4444444444444444,6.222222222222221,0.5555555555555556,0.0,1.5555555555555554,4.111111111111112,0.4444444444444444,0.0,4.222222222222222,0.3333333333333333,0.0,4.555555555555555,9.0,0.5,0.6991150442477876,1.0,0.3333333333333333,0.4081632653061223,0.3333333333333333,0.9545454545454546,0.711864406779661,0.7923497267759563,0.4999999999999999,0.8043478260869565,0.36363636363636376,-2.5000000000000004,0.6785714285714286,0.6000000000000001,,0.6721311475409837,0.28521126760563387
Diego Brandao,Orthodox,No,No,No,Diego Brandao,0.15,1.0166666666666666,0.09999999999999999,0.0,1.1347222222222222,7.8500000000000005,2.25,1.1166666666666667,7.8500000000000005,0.9166666666666666,2.4499999999999997,11.216666666666667,24.0,18.916666666666668,32.949999999999996,1.4333333333333333,19.099999999999998,3.1833333333333336,1.7166666666666668,18.516666666666666,1.1833333333333333,4.3,0.09999999999999999,0.21666666666666667,0.3333333333333333,0.11666666666666665,1.0505555555555557,10.616666666666667,3.3833333333333333,0.9333333333333332,8.583333333333334,1.3833333333333335,4.966666666666667,14.933333333333332,39.1,26.3,52.78333333333333,1.3166666666666667,33.28333333333333,4.733333333333333,1.0833333333333333,29.166666666666668,1.95,7.983333333333333,1.0999999999999999,22.666666666666668,1.3499999999999999,0.15,20.583333333333332,0.5666666666666667,3.016666666666667,24.166666666666668,26.483333333333334,0.7093023255813953,0.41099476439790583,0.706806282722513,0.5922330097087378,0.423942394239424,0.7746478873239436,0.5697674418604651,0.4673611111111111,0.5741021750126455,0.8354430379746836,0.6810215322984476,0.28521126760563387,0.8,0.7057142857142857,0.29059829059829045,0.3778705636743215,0.618073316283035,0.5017366592990211
Masanori Kanehara,Orthodox,No,No,No,Masanori Kanehara,0.0,0.4444444444444444,0.3333333333333333,0.1111111111111111,2.125925925925926,6.055555555555556,2.555555555555556,0.7222222222222222,6.5555555555555545,1.3333333333333333,1.4444444444444446,9.333333333333334,17.666666666666668,38.55555555555555,47.888888888888886,0.7222222222222222,13.444444444444445,3.3888888888888893,0.8333333333333334,14.111111111111109,1.9444444444444444,1.6111111111111114,0.0,0.4444444444444444,0.4444444444444444,0.1111111111111111,0.7250000000000001,4.166666666666667,0.8888888888888888,1.8333333333333333,6.0,0.888888888888889,0.0,6.888888888888889,22.222222222222218,8.277777777777777,23.611111111111114,1.4444444444444444,17.444444444444446,2.5,2.277777777777778,20.944444444444443,1.277777777777778,0.0,1.0,13.277777777777777,1.611111111111111,0.4444444444444444,14.944444444444445,0.38888888888888884,0.0,15.333333333333334,15.333333333333334,0.6153846153846153,0.4504132231404959,0.7540983606557377,0.5333333333333333,0.4645669291338583,0.6857142857142857,0.896551724137931,0.5283018867924528,0.8051044083526682,0.6923076923076923,0.7611464968152866,0.6444444444444445,0.8048780487804879,0.7135278514588859,0.30434782608695654,,0.69,0.6494117647058825
Edgar Garcia,Orthodox,No,No,No,Edgar Garcia,0.0,0.3333333333333333,0.08333333333333333,0.0,0.2986111111111111,9.583333333333334,1.9166666666666667,1.25,10.5,0.8333333333333334,1.4166666666666667,12.75,53.166666666666664,13.75,54.25,0.5833333333333334,49.083333333333336,2.75,1.3333333333333333,49.75,1.5,1.9166666666666667,0.0,0.08333333333333333,0.3333333333333333,0.08333333333333333,0.31527777777777777,10.083333333333334,2.5,5.083333333333333,14.166666666666666,0.6666666666666666,2.8333333333333335,17.666666666666668,49.666666666666664,20.166666666666668,52.916666666666664,0.4166666666666667,37.833333333333336,4.75,7.083333333333333,42.0,1.5,6.166666666666667,0.3333333333333333,27.75,2.25,2.0,27.833333333333332,0.8333333333333334,3.3333333333333335,32.0,32.75,0.5714285714285714,0.19524617996604415,0.696969696969697,0.25,0.21105527638190955,0.5555555555555556,0.7391304347826088,0.23981191222570533,0.2534562211981567,0.8,0.7334801762114538,0.4736842105263158,0.9882352941176471,0.6626984126984128,0.5555555555555556,0.5405405405405406,0.6442953020134228,0.6188976377952755
Sheldon Westcott,Southpaw,No,No,No,Sheldon Westcott,0.0,0.9444444444444443,0.0,0.0,2.464814814814815,6.0555555555555545,1.6666666666666667,0.27777777777777773,1.888888888888889,2.444444444444444,3.6666666666666665,8.0,20.666666666666668,15.277777777777777,29.777777777777782,2.4444444444444446,16.72222222222222,3.5,0.4444444444444444,7.555555555555556,5.0,8.11111111111111,0.0,1.1111111111111112,0.0,0.0,1.488888888888889,11.666666666666666,4.111111111111112,0.7777777777777778,4.722222222222222,4.277777777777778,7.555555555555556,16.555555555555554,27.777777777777775,30.0,43.22222222222223,1.277777777777778,21.27777777777778,5.722222222222222,0.7777777777777778,12.833333333333334,5.277777777777778,9.666666666666666,0.16666666666666666,9.61111111111111,1.611111111111111,0.0,8.11111111111111,1.0,2.111111111111111,11.222222222222223,13.222222222222223,0.3863636363636363,0.362126245847176,0.4761904761904762,2.125,0.25,0.4888888888888888,0.452054794520548,0.3870967741935484,0.5130597014925372,0.13043478260869568,0.45169712793733685,0.2815533980582523,-0.4285714285714286,0.6320346320346321,0.18947368421052635,0.218390804597701,0.404,0.3059125964010284
Hayder Hassan,,No,No,No,Hayder Hassan,0.0,0.0,0.0,0.0,0.0,3.5,1.0,0.5,4.25,0.75,0.0,5.0,11.0,6.5,12.5,0.25,9.0,1.25,0.75,9.75,1.25,0.0,0.0,1.75,0.75,0.0,1.6583333333333332,4.75,2.0,0.75,4.0,1.0,2.5,7.5,14.75,11.5,19.0,2.5,12.0,2.0,0.75,8.75,1.0,5.0,0.75,7.25,0.0,0.0,4.75,0.0,2.5,7.25,7.5,0.0,0.3888888888888889,0.8,0.0,0.4358974358974359,0.6,,0.45454545454545453,0.52,0.30000000000000004,0.6041666666666667,0.0,-1.3333333333333335,0.5428571428571429,0.0,0.5,0.4915254237288136,0.39473684210526316
Danny Castillo,Orthodox,No,No,No,Danny Castillo,0.04945054945054945,0.8652014652014651,0.08095238095238096,0.07326007326007326,1.7486263736263734,8.345421245421244,1.916849816849817,2.4534798534798536,7.3007326007326006,1.9080586080586077,3.506959706959707,12.715750915750917,29.474725274725273,18.793040293040296,36.31318681318681,2.421978021978022,24.234798534798532,2.53992673992674,2.6999999999999997,21.66923076923077,2.2336996336996333,5.5717948717948715,0.07692307692307693,0.34542124542124536,0.5216117216117216,0.08278388278388278,0.5444139194139194,5.126739926739927,2.453846153846154,2.5915750915750917,8.48937728937729,0.8695970695970696,0.8131868131868131,10.172161172161172,26.461538461538463,17.753479853479856,34.62637362637363,0.9164835164835164,19.834065934065933,3.7340659340659337,2.8934065934065933,23.947252747252747,1.5252747252747252,0.989010989010989,0.5710622710622711,14.707326007326008,1.2802197802197801,0.3018315018315018,15.457875457875458,0.6556776556776557,0.17582417582417584,16.28937728937729,16.87289377289377,0.3572292800967937,0.3443569474463808,0.7546870493221807,0.32044498711165376,0.3369170174281995,0.8542144965562479,0.6294129248570114,0.43141202495463926,0.5175266051344127,0.623101518784972,0.7415184590097328,0.3428487345497351,0.8806177997214838,0.6454968184043074,0.42987512007684914,0.17777777777777792,0.6155869324473976,0.4872844599598011
Sarah Kaufman,Orthodox,No,No,No,Sarah Kaufman,0.0,0.2222222222222222,0.0,0.0,1.0078703703703704,19.38888888888889,6.833333333333333,8.5,19.583333333333332,12.944444444444445,2.194444444444444,34.72222222222222,68.44444444444444,53.833333333333336,88.91666666666667,0.5,49.611111111111114,8.722222222222223,10.11111111111111,49.52777777777778,16.63888888888889,2.2777777777777777,0.0,0.4444444444444444,0.08333333333333333,0.0,0.9300925925925926,11.388888888888888,3.472222222222222,3.944444444444444,11.861111111111112,6.611111111111111,0.3333333333333333,18.805555555555554,53.111111111111114,26.805555555555557,61.27777777777778,1.5277777777777777,43.47222222222222,5.277777777777778,4.361111111111111,42.77777777777778,9.916666666666666,0.4166666666666667,1.0833333333333333,32.083333333333336,1.8055555555555556,0.4166666666666667,30.916666666666668,3.3055555555555554,0.08333333333333333,34.30555555555556,34.47222222222222,0.4444444444444444,0.3908174692049272,0.7834394904458597,0.021978021978021976,0.3954010095344924,0.7779632721202003,0.9634146341463414,0.5073051948051948,0.60543580131209,0.7090909090909091,0.7380191693290735,0.3421052631578948,0.8980891719745223,0.7227272727272727,0.33333333333333337,0.20000000000000007,0.6459205020920502,0.5625566636446055
Marcio Alexandre Junior,Southpaw,No,No,No,Marcio Alexandre Junior,0.0,0.1111111111111111,0.1111111111111111,0.0,0.2148148148148148,4.0,2.7777777777777772,0.6666666666666666,5.555555555555556,1.0,0.8888888888888888,7.444444444444444,16.555555555555557,12.222222222222223,22.0,0.5555555555555555,11.888888888888888,3.8888888888888893,0.7777777777777777,14.333333333333334,1.1111111111111112,1.1111111111111112,0.1111111111111111,0.5555555555555555,0.1111111111111111,0.0,1.8888888888888886,7.111111111111112,2.6666666666666665,3.5555555555555554,8.666666666666666,0.8888888888888888,3.7777777777777772,13.333333333333334,22.88888888888889,25.555555555555557,36.77777777777778,2.0,15.333333333333334,3.888888888888889,3.6666666666666665,16.0,1.8888888888888886,5.0,1.4444444444444446,8.222222222222221,1.222222222222222,0.1111111111111111,7.333333333333333,1.0,1.222222222222222,9.555555555555555,11.222222222222221,0.2,0.33644859813084116,0.7142857142857141,0.14285714285714288,0.3875968992248062,0.8999999999999999,0.7999999999999999,0.44966442953020125,0.5555555555555556,0.7222222222222223,0.536231884057971,0.3142857142857143,0.8484848484848485,0.45833333333333337,0.5294117647058822,0.24444444444444458,0.41747572815533984,0.30513595166163143
Abner Lloveras,,No,No,No,Abner Lloveras,0.0,0.6666666666666666,0.0,0.0,0.9500000000000001,18.333333333333332,11.0,2.0,25.333333333333332,6.0,0.0,31.333333333333332,63.0,33.0,64.66666666666667,3.3333333333333335,47.666666666666664,13.333333333333334,2.0,54.0,9.0,0.0,0.0,0.0,0.0,0.0,0.16666666666666663,14.0,7.333333333333333,13.0,27.0,7.333333333333333,0.0,34.333333333333336,60.666666666666664,45.0,72.33333333333333,0.0,37.0,10.0,13.666666666666666,49.666666666666664,10.333333333333334,0.6666666666666666,0.0,23.0,2.6666666666666665,0.6666666666666666,22.666666666666668,3.0,0.6666666666666666,26.333333333333332,27.333333333333332,0.19999999999999998,0.38461538461538464,0.825,0.3333333333333333,0.4691358024691358,0.6666666666666666,,0.4973544973544973,0.5103092783505154,,0.6216216216216216,0.2666666666666667,1.0,0.4563758389261745,0.29032258064516137,1.0,0.43406593406593397,0.37788018433179715
Konstantin Erokhin,Orthodox,No,No,No,Konstantin Erokhin,0.0,0.0,0.0,0.0,0.027777777777777766,3.8333333333333335,1.1666666666666667,0.3333333333333333,4.166666666666667,1.1666666666666667,0.0,5.333333333333333,14.5,8.5,18.0,0.0,12.666666666666666,1.5,0.3333333333333333,12.833333333333334,1.6666666666666667,0.0,0.0,1.0,0.0,0.0,2.0194444444444444,6.166666666666667,1.5,1.5,3.5,0.6666666666666666,5.0,9.166666666666666,17.333333333333332,25.5,36.0,3.3333333333333335,13.666666666666666,1.8333333333333333,1.8333333333333333,9.0,1.6666666666666667,6.666666666666667,2.3333333333333335,7.5,0.3333333333333333,0.3333333333333333,5.5,1.0,1.6666666666666667,8.166666666666666,10.5,,0.3026315789473685,0.7777777777777778,0.0,0.3246753246753247,0.7000000000000001,,0.367816091954023,0.4722222222222222,0.7,0.548780487804878,0.18181818181818177,0.4545454545454545,0.6111111111111112,0.6000000000000001,0.25,0.47115384615384615,0.29166666666666663
Marcin Wrzosek,,No,No,No,Marcin Wrzosek,0.0,1.0,0.0,0.0,1.55,13.0,1.3333333333333333,3.0,11.333333333333334,4.333333333333333,1.6666666666666667,17.333333333333332,39.666666666666664,41.333333333333336,68.0,4.0,33.0,1.6666666666666667,5.0,30.666666666666668,7.0,2.0,0.0,0.6666666666666666,0.6666666666666666,0.0,1.55,10.333333333333334,9.333333333333334,0.6666666666666666,12.0,7.333333333333333,1.0,20.333333333333332,36.0,35.666666666666664,53.0,1.0,23.666666666666668,11.333333333333334,1.0,24.333333333333332,10.333333333333334,1.3333333333333333,0.3333333333333333,13.333333333333334,2.0,0.3333333333333333,12.333333333333334,3.0,0.3333333333333333,15.666666666666666,17.333333333333332,0.25,0.3939393939393939,0.7999999999999999,0.2,0.3695652173913044,0.619047619047619,0.8333333333333334,0.4369747899159664,0.607843137254902,0.33333333333333337,0.5633802816901408,0.17647058823529416,0.33333333333333337,0.5068493150684932,0.29032258064516137,0.25,0.43518518518518523,0.32704402515723274
Mike Pierce,Orthodox,No,No,No,Mike Pierce,0.07692307692307693,0.8538461538461539,0.09047619047619049,0.0,2.1282234432234435,8.001098901098901,2.2809523809523813,2.026007326007326,5.939194139194139,3.4714285714285715,2.897435897435898,12.308058608058609,29.008058608058608,26.82344322344322,44.98791208791209,2.0223443223443223,23.524175824175824,3.1142857142857143,2.3695970695970696,19.30879120879121,5.592673992673993,4.106593406593406,0.023809523809523808,0.21501831501831503,0.09706959706959706,0.0,0.33108058608058605,6.957509157509158,3.3582417582417583,1.0065934065934066,7.4622710622710615,3.6128205128205124,0.24725274725274726,11.322344322344321,30.006593406593407,20.660805860805862,40.920146520146524,0.7135531135531136,24.075824175824177,4.535164835164835,1.3956043956043958,23.997435897435896,5.736263736263736,0.27289377289377287,0.49853479853479854,17.11831501831502,1.176923076923077,0.389010989010989,16.535164835164835,2.1234432234432234,0.025641025641025644,18.684249084249085,20.259340659340662,0.4222061220793335,0.3401223898724716,0.7324159021406729,0.3603339001391251,0.3075901580255345,0.6207099816609902,0.7055570421907057,0.4242979088796848,0.5962366773329424,0.6986652977412731,0.7110167815357464,0.2595105403440756,0.8459317585301838,0.6890388167233984,0.37017879948914434,0.09395973154362403,0.6226714519397447,0.49509452878831284
Emily Kagan,,No,No,No,Emily Kagan,0.0,0.8333333333333334,0.0,0.0,1.988888888888889,5.833333333333333,3.1666666666666665,3.8333333333333335,8.333333333333334,4.5,0.0,12.833333333333334,32.666666666666664,21.833333333333332,43.166666666666664,4.5,21.833333333333332,5.666666666666667,5.166666666666667,25.333333333333332,7.333333333333333,0.0,0.16666666666666666,0.16666666666666666,0.3333333333333333,0.3333333333333333,1.3027777777777778,15.666666666666666,9.5,1.6666666666666667,8.833333333333334,16.5,1.5,26.833333333333332,41.5,36.166666666666664,52.833333333333336,0.5,28.166666666666668,11.5,1.8333333333333333,19.0,20.666666666666668,1.8333333333333333,0.3333333333333333,12.5,2.0,0.16666666666666666,10.166666666666666,4.166666666666667,0.3333333333333333,14.666666666666666,16.666666666666668,0.1851851851851852,0.26717557251908397,0.5588235294117646,0.16129032258064516,0.32894736842105265,0.6136363636363636,,0.3928571428571429,0.5057915057915058,0.6666666666666667,0.44378698224852076,0.17391304347826086,0.9090909090909091,0.5350877192982455,0.2016129032258065,0.18181818181818177,0.35341365461847396,0.3154574132492114
Andreas Stahl,Orthodox,No,No,No,Andreas Stahl,0.0,0.3333333333333333,0.0,0.0,0.7888888888888889,8.5,3.1666666666666665,2.0,10.166666666666666,3.1666666666666665,0.3333333333333333,13.666666666666666,37.666666666666664,19.666666666666668,44.5,0.6666666666666666,31.0,4.166666666666667,2.5,32.333333333333336,5.0,0.3333333333333333,0.16666666666666666,0.5,0.0,0.0,0.9472222222222223,13.666666666666666,5.333333333333333,1.8333333333333333,16.333333333333332,4.166666666666667,0.3333333333333333,20.833333333333332,55.333333333333336,24.5,59.333333333333336,1.8333333333333333,45.166666666666664,8.166666666666666,2.0,48.5,6.5,0.3333333333333333,1.3333333333333333,31.5,2.8333333333333335,0.16666666666666666,32.166666666666664,2.3333333333333335,0.0,34.5,34.833333333333336,0.5,0.27419354838709675,0.7599999999999999,0.13333333333333333,0.3144329896907216,0.6333333333333333,1.0,0.36283185840707965,0.4419475655430712,0.7272727272727273,0.6974169741697417,0.346938775510204,0.75,0.6632302405498283,0.3589743589743589,0.0,0.6234939759036144,0.5870786516853932
John Howard,Orthodox,No,No,No,John Howard,0.05808080808080809,0.8452380952380952,0.14393939393939395,0.08189033189033189,1.2582792207792208,4.873376623376623,1.8434343434343434,3.3470418470418473,5.976551226551226,2.7009379509379507,1.3863636363636365,10.063852813852813,19.68975468975469,22.685064935064933,33.50937950937951,1.7132034632034632,13.188311688311687,2.576839826839827,3.9246031746031744,13.251082251082252,4.541486291486291,1.8971861471861473,0.08189033189033189,0.6554834054834054,0.262987012987013,0.22186147186147184,1.368560606060606,6.891774891774891,3.9877344877344876,3.1024531024531026,8.234126984126984,3.376984126984127,2.370851370851371,13.981962481962482,28.74025974025974,25.32178932178932,41.795815295815295,1.457070707070707,19.634199134199136,5.226551226551226,3.8795093795093796,20.472582972582973,4.633477633477633,3.634199134199134,0.8015873015873015,12.742424242424242,1.2388167388167388,0.777056277056277,12.23845598845599,1.2564935064935066,1.2633477633477634,14.75829725829726,16.474025974025974,0.4933670246367656,0.3695224027572624,0.7153856922861542,0.21536905965621841,0.4510236306218011,0.5947255540551275,0.7307472903593839,0.5111212898497618,0.6769765739385065,0.5501361723198812,0.6489912909271305,0.23702374378796243,0.8310396131671935,0.5977973568281938,0.2711772033634381,0.3476275560849712,0.513506050107948,0.39415491377375755
Benson Henderson,Southpaw,Yes,No,Yes,Benson Henderson,0.055952380952380955,0.6321428571428571,0.20357142857142857,0.016666666666666666,1.237420634920635,7.117857142857143,4.611904761904762,3.9714285714285715,9.859523809523811,2.8988095238095237,2.942857142857143,15.701190476190476,34.44642857142857,24.539285714285715,44.14642857142857,1.275,23.38095238095238,5.95,5.1154761904761905,25.570238095238096,4.180952380952381,4.6952380952380945,0.030952380952380953,0.5,0.3130952380952381,0.016666666666666666,0.5618055555555556,4.322619047619048,3.025,1.9261904761904762,6.932142857142857,1.992857142857143,0.3488095238095238,9.273809523809524,26.564285714285717,15.820238095238096,33.75833333333333,1.5083333333333333,19.325,4.686904761904762,2.5523809523809526,22.832142857142856,2.9845238095238096,0.7476190476190476,1.0083333333333333,15.002380952380951,1.661904761904762,0.6261904761904762,15.9,0.9916666666666666,0.39880952380952384,17.29047619047619,17.938095238095237,0.4957983193277311,0.3044297352342159,0.7751100440176071,0.12357458692110775,0.38558592113226875,0.6933371298405466,0.6267748478701827,0.4558147572144462,0.5558611762802362,0.6685082872928176,0.7763198422965564,0.3545847091694183,0.8041044776119404,0.6963866729235101,0.3322696449940167,0.5334394904458599,0.65089181679663,0.5313679162111647
Dongi Yang,Southpaw,No,No,No,Dongi Yang,0.17777777777777778,0.5555555555555555,0.13333333333333333,0.06666666666666667,0.9107407407407407,11.888888888888888,2.111111111111111,2.511111111111111,11.488888888888889,0.7111111111111111,4.311111111111111,16.51111111111111,33.199999999999996,25.866666666666664,45.42222222222222,1.3555555555555554,27.644444444444446,2.6666666666666665,2.888888888888889,27.244444444444444,0.7111111111111111,5.2444444444444445,0.06666666666666667,0.5111111111111111,0.1111111111111111,0.06666666666666667,0.4937037037037037,7.688888888888889,4.088888888888889,4.444444444444444,13.488888888888889,2.288888888888889,0.4444444444444444,16.222222222222225,44.17777777777778,19.733333333333334,48.0,1.1777777777777778,31.933333333333334,6.733333333333333,5.51111111111111,39.86666666666667,3.6888888888888887,0.6222222222222222,0.6666666666666666,24.244444444444444,2.6444444444444444,1.0666666666666667,26.37777777777778,1.4000000000000001,0.17777777777777778,27.955555555555552,28.266666666666666,0.40983606557377045,0.43006430868167195,0.7916666666666667,0.1923076923076923,0.42169657422512236,1.0,0.8220338983050847,0.49732262382864795,0.5694716242661448,0.5660377358490567,0.7592205984690327,0.39273927392739283,0.907258064516129,0.6616499442586399,0.37951807228915646,0.2857142857142858,0.6327967806841046,0.5888888888888888
Leo Kuntz,Orthodox,No,No,No,Leo Kuntz,0.0,0.6666666666666666,0.16666666666666666,0.0,1.4055555555555557,5.333333333333333,1.1666666666666667,1.0,6.833333333333333,0.3333333333333333,0.3333333333333333,7.5,23.0,19.0,35.333333333333336,2.6666666666666665,18.5,2.6666666666666665,1.8333333333333333,21.833333333333332,0.8333333333333334,0.3333333333333333,0.16666666666666666,0.8333333333333334,0.6666666666666666,0.16666666666666666,0.5972222222222222,14.833333333333334,1.0,0.5,11.333333333333334,2.5,2.5,16.333333333333332,30.5,24.166666666666668,40.0,1.1666666666666667,28.666666666666668,1.3333333333333333,0.5,22.833333333333332,4.5,3.1666666666666665,0.3333333333333333,13.833333333333334,0.3333333333333333,0.0,11.5,2.0,0.6666666666666666,14.166666666666666,15.833333333333334,0.25,0.2882882882882883,0.43750000000000006,0.36363636363636365,0.31297709923664124,0.39999999999999997,1.0,0.32608695652173914,0.5377358490566038,0.2857142857142857,0.4825581395348837,0.25,-0.6666666666666667,0.5036496350364963,0.4444444444444444,0.21052631578947367,0.46448087431693996,0.39583333333333326
Yoshihiro Akiyama,Orthodox,No,No,No,Yoshihiro Akiyama,0.0,0.619047619047619,0.047619047619047616,0.0,1.1808201058201058,13.07936507936508,1.0793650793650793,1.976190476190476,12.746031746031747,0.48412698412698413,2.904761904761905,16.134920634920633,41.0,22.555555555555557,48.92063492063492,1.0396825396825398,36.98412698412698,1.4444444444444444,2.5714285714285716,34.87301587301587,0.9682539682539683,5.158730158730159,0.1984126984126984,0.21428571428571427,0.21428571428571427,0.0,0.3043650793650794,15.563492063492063,3.0714285714285716,5.603174603174604,20.777777777777775,2.285714285714286,1.1746031746031746,24.23809523809524,53.43650793650793,33.992063492063494,64.67460317460318,1.8015873015873016,41.666666666666664,4.261904761904762,7.507936507936509,47.595238095238095,4.087301587301588,1.753968253968254,1.5873015873015872,26.103174603174605,1.1904761904761905,1.9047619047619049,26.817460317460316,1.8015873015873014,0.5793650793650794,29.1984126984127,30.682539682539684,0.5954198473282442,0.35364806866952797,0.7472527472527473,0.2407407407407407,0.3654984069185253,0.5,0.5630769230769231,0.3935346496322106,0.46106424399740437,0.8810572687224669,0.6264761904761904,0.2793296089385474,0.9714587737843552,0.5634483908620977,0.4407766990291262,0.3303167420814479,0.5464131887717212,0.4744140385323352
Yui Chul Nam,Orthodox,No,No,No,Yui Chul Nam,0.3333333333333333,0.4444444444444444,0.1111111111111111,0.0,1.8425925925925926,11.888888888888891,4.111111111111112,1.6666666666666667,4.777777777777778,9.0,3.888888888888889,17.666666666666668,34.44444444444445,29.11111111111111,48.0,2.777777777777778,26.333333333333332,6.111111111111111,2.0,13.888888888888888,12.888888888888888,7.666666666666667,0.0,1.0,0.0,0.0,2.0,8.0,1.5555555555555554,0.4444444444444444,3.888888888888889,3.6666666666666665,2.4444444444444446,10.0,19.333333333333332,32.44444444444444,45.44444444444445,2.3333333333333335,17.11111111111111,1.7777777777777777,0.4444444444444444,10.333333333333334,6.0,3.0,1.3333333333333333,9.111111111111112,0.2222222222222222,0.0,6.4444444444444455,2.3333333333333335,0.5555555555555555,9.333333333333334,13.0,0.15999999999999998,0.45147679324894524,0.6727272727272728,0.2222222222222222,0.34400000000000003,0.6982758620689656,0.5072463768115941,0.5129032258064515,0.6064814814814815,0.5714285714285714,0.5324675324675325,0.1250000000000001,-1.25,0.6236559139784946,0.38888888888888895,0.18518518518518512,0.48275862068965514,0.28606356968215174
Scott Jorgensen,Orthodox,No,No,No,Scott Jorgensen,0.020833333333333332,0.5729166666666666,0.05208333333333333,0.09375,0.8258680555555556,10.84375,2.1458333333333335,2.947916666666667,12.84375,2.2708333333333335,0.8229166666666667,15.9375,41.260416666666664,20.3125,46.09375,1.6666666666666667,35.04166666666667,3.03125,3.1875,36.947916666666664,3.1875,1.125,0.08333333333333333,0.7395833333333333,0.46875,0.041666666666666664,0.6321180555555556,14.302083333333334,4.25,1.9270833333333335,17.885416666666668,1.71875,0.875,20.479166666666668,48.22916666666667,24.270833333333332,52.84375,1.875,39.59375,5.979166666666667,2.65625,44.291666666666664,2.4791666666666665,1.4583333333333333,1.1354166666666665,25.291666666666668,1.7291666666666665,0.7291666666666667,26.40625,0.7604166666666666,0.5833333333333334,27.75,28.572916666666664,0.34374999999999994,0.3094530321046373,0.7079037800687286,0.17973856209150327,0.3476177051029039,0.7124183006535948,0.7314814814814815,0.3862660944206009,0.4406779661016949,0.6055555555555556,0.6387792686135227,0.28919860627177707,0.7215686274509805,0.5961900282220132,0.30672268907563016,0.4,0.5753779697624191,0.5407056968263355
Valmir Lazaro,Orthodox,No,No,No,Valmir Lazaro,0.0,0.4444444444444444,0.0,0.0,0.5388888888888889,17.0,3.6666666666666665,3.6666666666666665,22.222222222222225,2.111111111111111,0.0,24.333333333333332,65.22222222222223,27.0,68.1111111111111,1.111111111111111,54.22222222222222,6.777777777777779,4.222222222222222,61.55555555555555,3.555555555555556,0.1111111111111111,0.1111111111111111,0.1111111111111111,0.0,0.1111111111111111,0.45555555555555555,13.444444444444445,3.4444444444444446,3.555555555555556,19.11111111111111,1.3333333333333333,0.0,20.444444444444443,53.666666666666664,23.11111111111111,56.44444444444445,2.777777777777778,44.0,5.111111111111111,4.555555555555556,51.77777777777778,1.888888888888889,0.0,2.6666666666666665,30.555555555555554,1.6666666666666667,1.0,32.666666666666664,0.5555555555555555,0.0,33.22222222222222,33.333333333333336,0.4,0.3135245901639344,0.540983606557377,0.10526315789473684,0.3610108303249098,0.59375,0.0,0.373083475298126,0.3964110929853182,0.96,0.6944444444444444,0.326086956521739,0.975609756097561,0.6309012875536482,0.2941176470588236,,0.6190476190476191,0.5905511811023623
Vernon Ramos Ho,Orthodox,No,No,No,Vernon Ramos Ho,0.0,0.0,0.0,0.0,0.0,0.0,0.0,2.0,2.0,0.0,0.0,2.0,8.0,2.0,8.0,0.0,3.0,1.0,4.0,8.0,0.0,0.0,1.0,0.0,0.0,0.0,0.0166666666666666,4.0,0.0,0.0,3.0,0.0,1.0,4.0,9.0,4.0,9.0,0.0,9.0,0.0,0.0,8.0,0.0,1.0,0.0,5.0,0.0,0.0,5.0,0.0,0.0,5.0,5.0,,0.0,0.0,0.0,0.25,,,0.25,0.25,,0.5555555555555556,,,0.625,,0.0,0.5555555555555556,0.5555555555555556
Anthony Perosh,Orthodox,No,No,No,Anthony Perosh,0.1111111111111111,0.47222222222222227,0.3055555555555555,0.0,0.8777777777777778,7.75,0.08333333333333333,1.1666666666666667,4.666666666666667,1.4444444444444446,2.888888888888889,9.0,20.5,12.611111111111112,24.472222222222225,1.9444444444444446,19.027777777777775,0.3055555555555556,1.1666666666666667,13.861111111111112,2.388888888888889,4.25,0.1111111111111111,0.3055555555555555,0.027777777777777776,0.13888888888888887,1.6694444444444443,14.861111111111112,1.361111111111111,0.3055555555555555,7.805555555555556,1.6111111111111114,7.111111111111112,16.52777777777778,37.55555555555556,32.05555555555556,54.083333333333336,0.3611111111111111,35.63888888888889,1.5833333333333333,0.3333333333333333,25.86111111111111,2.305555555555556,9.38888888888889,0.05555555555555555,20.77777777777778,0.2222222222222222,0.027777777777777776,18.055555555555554,0.6944444444444443,2.277777777777778,21.02777777777778,22.027777777777782,0.24285714285714285,0.40729927007299277,0.2727272727272727,0.40476190476190477,0.3366733466933868,0.6046511627906977,0.6797385620915033,0.43902439024390244,0.5153234960272418,0.15384615384615397,0.583008573655495,0.14035087719298256,0.08333333333333337,0.6981740064446831,0.3012048192771084,0.242603550295858,0.5599112426035503,0.40729327170005136
Steve Montgomery,Southpaw,No,No,No,Steve Montgomery,0.0,0.0,0.0,0.0,0.0111111111111111,17.333333333333332,7.666666666666667,1.0,17.333333333333332,8.166666666666666,0.5,26.0,62.666666666666664,30.5,67.5,0.0,52.5,8.833333333333334,1.3333333333333333,52.333333333333336,9.5,0.8333333333333334,0.16666666666666666,1.1666666666666667,0.0,0.0,2.1305555555555555,16.0,1.8333333333333333,0.6666666666666666,9.833333333333334,3.0,5.666666666666667,18.5,36.333333333333336,31.166666666666668,49.833333333333336,4.0,33.833333333333336,1.8333333333333333,0.6666666666666666,24.833333333333332,3.8333333333333335,7.666666666666667,2.8333333333333335,17.833333333333332,0.0,0.0,15.0,0.8333333333333334,2.0,17.833333333333332,18.666666666666668,,0.33015873015873015,0.8679245283018868,0.0,0.33121019108280253,0.8596491228070174,0.6,0.4148936170212766,0.45185185185185184,0.7083333333333333,0.5270935960591133,0.0,-0.7500000000000002,0.6040268456375839,0.21739130434782616,0.26086956521739124,0.49082568807339455,0.3745819397993311
Akbarh Arreola,Southpaw,No,No,No,Akbarh Arreola,0.16666666666666666,0.27777777777777773,0.08333333333333333,0.0,0.24398148148148144,5.5555555555555545,3.111111111111111,2.1944444444444446,8.444444444444445,0.4166666666666667,2.0,10.861111111111109,24.555555555555557,17.88888888888889,32.36111111111111,0.27777777777777773,17.194444444444446,4.361111111111112,3.0,21.0,0.6944444444444443,2.861111111111111,0.0,0.47222222222222215,0.0,0.0,2.050925925925926,12.222222222222223,2.4166666666666665,5.333333333333333,8.166666666666666,4.416666666666667,7.388888888888888,19.972222222222225,47.30555555555555,33.27777777777778,61.861111111111114,0.6388888888888888,36.30555555555555,4.472222222222222,6.527777777777778,28.527777777777775,6.611111111111111,12.166666666666666,0.16666666666666666,24.083333333333332,2.0555555555555554,1.1944444444444444,20.36111111111111,2.194444444444444,4.777777777777778,27.333333333333332,28.583333333333332,1.0,0.3231017770597737,0.7133757961783439,0.09259259259259257,0.40211640211640215,0.6000000000000001,0.6990291262135923,0.4423076923076922,0.5527896995708156,0.26086956521739135,0.6633511859219586,0.4596273291925467,0.9276595744680851,0.7137293086660175,0.33193277310924363,0.3926940639269406,0.5778038755137991,0.46205657835653346
Steve Kennedy,Orthodox,No,No,No,Steve Kennedy,0.0,0.6666666666666666,0.0,0.0,1.1472222222222221,8.833333333333334,1.0,1.6666666666666667,10.0,0.0,1.5,11.5,30.333333333333332,18.666666666666668,38.5,2.5,26.333333333333332,2.1666666666666665,1.8333333333333333,27.5,0.5,2.3333333333333335,0.0,0.3333333333333333,0.16666666666666666,0.0,1.6972222222222222,16.833333333333332,4.0,5.5,13.166666666666666,2.1666666666666665,11.0,26.333333333333332,48.333333333333336,39.5,63.166666666666664,0.3333333333333333,36.666666666666664,5.833333333333333,5.833333333333333,30.833333333333332,3.8333333333333335,13.666666666666666,0.0,19.833333333333332,1.8333333333333333,0.3333333333333333,17.666666666666668,1.6666666666666667,2.6666666666666665,22.0,23.666666666666668,0.26666666666666666,0.33544303797468356,0.46153846153846156,0.36363636363636365,0.36363636363636365,0.0,0.6428571428571428,0.37912087912087916,0.48484848484848486,0.0,0.5409090909090909,0.3142857142857143,0.9428571428571428,0.5729729729729729,0.4347826086956522,0.19512195121951215,0.45517241379310347,0.3746701846965699
Danny Martinez,Orthodox,No,No,No,Danny Martinez,0.08333333333333333,1.1666666666666667,0.0,0.08333333333333333,1.386111111111111,10.583333333333334,5.083333333333333,0.4166666666666667,11.916666666666666,3.1666666666666665,1.0,16.083333333333332,50.666666666666664,19.416666666666668,54.583333333333336,2.3333333333333335,42.083333333333336,8.166666666666666,0.4166666666666667,42.916666666666664,6.083333333333333,1.6666666666666667,0.08333333333333333,1.5,0.0,0.0,1.1111111111111112,14.166666666666666,3.1666666666666665,1.6666666666666667,13.25,4.083333333333333,1.6666666666666667,19.0,50.166666666666664,27.833333333333332,60.25,2.3333333333333335,43.416666666666664,5.0,1.75,41.916666666666664,6.25,2.0,0.8333333333333334,29.25,1.8333333333333333,0.08333333333333333,28.666666666666668,2.1666666666666665,0.3333333333333333,31.166666666666668,32.416666666666664,0.5,0.2514851485148515,0.6224489795918368,2.8000000000000003,0.27766990291262134,0.5205479452054794,0.6,0.31743421052631576,0.35572519083969467,0.3571428571428572,0.6737044145873321,0.3666666666666667,0.1428571428571429,0.68389662027833,0.3466666666666667,0.16666666666666663,0.6212624584717608,0.5380359612724759
Richie Vaculik,Orthodox,No,No,No,Richie Vaculik,0.0,0.9166666666666666,0.27777777777777773,0.19444444444444442,0.8537037037037036,10.63888888888889,3.0555555555555554,2.861111111111111,12.972222222222221,2.4166666666666665,1.1666666666666667,16.555555555555554,35.72222222222222,23.722222222222225,43.555555555555564,2.111111111111111,28.11111111111111,4.305555555555555,3.305555555555556,31.305555555555557,3.138888888888889,1.277777777777778,0.1111111111111111,1.2777777777777777,0.0,0.38888888888888884,1.3314814814814815,11.694444444444445,3.75,3.0555555555555554,14.833333333333334,0.9722222222222222,2.6944444444444446,18.5,43.47222222222222,24.5,50.305555555555564,1.861111111111111,35.083333333333336,5.027777777777778,3.361111111111111,38.44444444444445,1.4722222222222223,3.5555555555555554,0.5833333333333334,23.388888888888886,1.277777777777778,0.3055555555555555,23.61111111111111,0.5,0.861111111111111,24.972222222222225,25.805555555555557,0.43421052631578944,0.37845849802371545,0.7096774193548387,0.27731092436974786,0.414374445430346,0.7699115044247787,0.9130434782608695,0.463452566096423,0.5446428571428571,0.31343283582089554,0.6666666666666667,0.2541436464088398,0.6198347107438017,0.6141618497109826,0.339622641509434,0.2421874999999999,0.5744408945686901,0.5129762562120377
Piotr Hallmann,Orthodox,No,No,No,Piotr Hallmann,0.0,0.7222222222222222,0.13888888888888887,0.0,1.0824074074074075,9.333333333333334,5.25,2.5833333333333335,10.555555555555555,4.333333333333333,2.277777777777778,17.166666666666668,37.916666666666664,30.944444444444446,53.30555555555555,1.7222222222222223,25.666666666666668,8.277777777777777,3.972222222222222,27.555555555555557,7.416666666666667,2.944444444444444,0.13888888888888887,0.611111111111111,0.0,0.0,0.9499999999999998,9.5,2.694444444444444,1.5,10.777777777777777,2.5,0.4166666666666667,13.694444444444443,33.083333333333336,15.805555555555557,35.666666666666664,1.9166666666666667,27.416666666666668,4.166666666666667,1.5,28.0,4.555555555555555,0.5277777777777778,1.3055555555555556,17.916666666666668,1.4722222222222223,0.0,17.222222222222225,2.055555555555556,0.1111111111111111,19.38888888888889,19.86111111111111,0.4193548387096774,0.36363636363636365,0.6342281879194631,0.18181818181818182,0.38306451612903225,0.5842696629213483,0.7735849056603775,0.4527472527472528,0.5805106826472122,0.6811594202898551,0.6534954407294833,0.3533333333333334,0.5925925925925926,0.6150793650793651,0.4512195121951219,0.21052631578947367,0.586062132661629,0.5568535825545171
Bruno Korea,,No,No,No,Bruno Korea,0.3333333333333333,0.0,0.0,0.0,0.0,5.333333333333333,2.3333333333333335,1.3333333333333333,5.666666666666667,0.3333333333333333,3.0,9.0,26.333333333333332,16.333333333333332,34.333333333333336,0.0,21.666666666666668,3.3333333333333335,1.3333333333333333,20.666666666666668,0.6666666666666666,5.0,0.6666666666666666,1.0,1.0,0.0,2.2055555555555557,10.333333333333334,2.6666666666666665,2.3333333333333335,11.0,0.3333333333333333,4.0,15.333333333333334,25.666666666666668,27.0,40.0,1.3333333333333333,19.666666666666668,3.3333333333333335,2.6666666666666665,18.666666666666668,0.3333333333333333,6.666666666666667,0.3333333333333333,9.333333333333334,0.6666666666666666,0.3333333333333333,7.666666666666667,0.0,2.6666666666666665,10.333333333333334,13.0,,0.24615384615384614,0.7000000000000001,0.0,0.27419354838709675,0.5,0.6,0.34177215189873417,0.4757281553398058,0.25,0.47457627118644063,0.20000000000000007,0.625,0.4107142857142857,0.0,0.4,0.4025974025974026,0.32499999999999996
Edimilson Souza,Orthodox,No,No,No,Edimilson Souza,0.16666666666666666,0.0,0.0,0.0,0.1972222222222222,15.222222222222223,5.055555555555556,0.1111111111111111,17.36111111111111,1.277777777777778,1.75,20.38888888888889,43.75,25.5,49.638888888888886,0.0,34.94444444444445,8.583333333333334,0.2222222222222222,39.111111111111114,2.138888888888889,2.5,0.0,0.9444444444444443,0.27777777777777773,0.0,1.3856481481481484,5.027777777777778,3.6666666666666665,4.444444444444444,8.888888888888888,0.75,3.5,13.138888888888888,30.472222222222225,19.97222222222222,38.80555555555556,1.4722222222222223,19.61111111111111,5.6944444444444455,5.166666666666667,24.527777777777775,1.5277777777777777,4.416666666666667,0.5277777777777778,14.583333333333334,2.0277777777777777,0.7222222222222223,15.638888888888891,0.7777777777777778,0.9166666666666666,17.333333333333332,18.833333333333332,,0.4356120826709062,0.5889967637540453,0.0,0.4438920454545454,0.5974025974025975,0.7,0.466031746031746,0.5137101287073308,0.358490566037736,0.7436260623229463,0.35609756097560985,0.8172043010752689,0.637599093997735,0.509090909090909,0.20754716981132082,0.5688240656335461,0.48532569792412317
Fabio Maldonado,Orthodox,No,No,No,Fabio Maldonado,0.03333333333333333,0.15833333333333333,0.1606060606060606,0.03333333333333333,0.585050505050505,16.620454545454546,9.171969696969697,0.15,17.609848484848484,6.557575757575758,1.7750000000000001,25.94242424242424,43.57803030303031,38.83712121212121,57.96818181818182,0.2636363636363636,31.212878787878783,12.184848484848485,0.1803030303030303,33.03484848484848,8.393181818181818,2.15,0.06060606060606061,0.7969696969696969,0.030303030303030304,0.0,1.611919191919192,12.254545454545456,4.218181818181818,3.2363636363636363,10.743181818181819,5.298484848484848,3.6674242424242425,19.709090909090907,43.02651515151515,27.32348484848485,52.19015151515151,2.234848484848485,33.26287878787879,5.93939393939394,3.824242424242424,29.277272727272727,8.443181818181818,5.306060606060606,1.4378787878787878,21.008333333333333,1.721212121212121,0.5878787878787879,18.53409090909091,3.1446969696969695,1.6386363636363637,23.31742424242424,24.866666666666664,0.6005747126436782,0.5324870755564186,0.7527356379010196,0.8781512605042017,0.5330688437371004,0.7812979510786172,0.8255813953488373,0.5953097022060739,0.6699730782299589,0.6433898305084746,0.6315849408978067,0.2897959183673471,0.7916006339144216,0.6330538736221083,0.372454015253477,0.3088235294117646,0.5419315080552866,0.47646281807492996
Gasan Umalatov,Orthodox,No,No,No,Gasan Umalatov,0.0,0.25,0.0,0.0,0.5902777777777778,6.916666666666667,2.1666666666666665,2.0833333333333335,9.916666666666666,1.0833333333333333,0.16666666666666666,11.166666666666666,28.083333333333332,14.833333333333334,32.333333333333336,1.4166666666666667,21.75,3.9166666666666665,2.4166666666666665,25.75,1.9166666666666667,0.4166666666666667,0.0,0.25,0.0,0.0,0.5125,10.166666666666666,5.416666666666667,4.916666666666667,15.5,5.0,0.0,20.5,51.166666666666664,24.25,55.833333333333336,2.5,38.083333333333336,7.5,5.583333333333333,45.25,5.916666666666667,0.0,2.25,27.916666666666668,2.0833333333333335,0.6666666666666666,29.75,0.9166666666666666,0.0,30.666666666666668,31.583333333333332,0.1764705882352941,0.31800766283524906,0.5531914893617021,0.10344827586206898,0.3851132686084142,0.5652173913043478,0.39999999999999997,0.39762611275964393,0.4587628865979381,0.9,0.7330415754923414,0.2777777777777778,0.9552238805970149,0.6574585635359116,0.15492957746478875,,0.5993485342019544,0.5656716417910448
Aisling Daly,Orthodox,No,No,No,Aisling Daly,0.0,0.6666666666666666,0.27777777777777773,0.0,3.0564814814814816,10.388888888888888,3.611111111111111,0.9444444444444443,2.1666666666666665,3.8333333333333335,8.944444444444445,14.944444444444445,28.0,37.77777777777778,52.611111111111114,1.6666666666666667,21.833333333333332,5.0,1.1666666666666667,8.277777777777779,5.388888888888889,14.333333333333334,0.0,0.611111111111111,0.1111111111111111,0.0,1.399074074074074,4.333333333333333,1.3333333333333333,0.7777777777777778,2.7222222222222228,2.444444444444444,1.277777777777778,6.4444444444444455,15.111111111111109,29.833333333333332,40.833333333333336,0.9444444444444443,12.111111111111112,2.0555555555555554,0.9444444444444445,7.388888888888888,4.5,3.222222222222222,0.3333333333333333,7.777777777777779,0.7222222222222223,0.16666666666666666,4.666666666666667,2.0555555555555554,1.9444444444444444,8.666666666666666,11.0,0.39999999999999997,0.4758269720101781,0.7222222222222222,0.5714285714285714,0.261744966442953,0.711340206185567,0.624031007751938,0.5337301587301587,0.7180570221752903,0.3529411764705882,0.6422018348623855,0.3513513513513513,0.3529411764705883,0.631578947368421,0.45679012345679015,0.603448275862069,0.5735294117647057,0.26938775510204094
Ericka Almeida,Orthodox,No,No,No,Ericka Almeida,0.0,0.16666666666666666,0.0,0.0,0.5916666666666667,3.8333333333333335,1.1666666666666667,0.3333333333333333,2.6666666666666665,2.1666666666666665,0.5,5.333333333333333,13.5,14.833333333333334,24.833333333333332,0.5,11.166666666666666,2.0,0.3333333333333333,7.0,4.0,2.5,0.0,0.8333333333333334,0.0,0.0,3.497222222222222,11.166666666666666,3.0,2.5,3.8333333333333335,3.6666666666666665,9.166666666666666,16.666666666666668,29.5,47.5,63.0,1.3333333333333333,22.666666666666668,4.166666666666667,2.6666666666666665,8.0,5.5,16.0,0.5,11.5,1.1666666666666667,0.16666666666666666,4.166666666666667,1.8333333333333333,6.833333333333333,12.833333333333334,15.5,0.3333333333333333,0.3432835820895523,0.5833333333333334,0.5,0.38095238095238093,0.5416666666666666,0.2,0.3950617283950617,0.5973154362416108,0.3749999999999999,0.5073529411764706,0.28,0.6875,0.5208333333333333,0.33333333333333337,0.42708333333333337,0.4350282485875706,0.24603174603174605
Bubba Bush,Orthodox,No,No,No,Bubba Bush,0.0,0.6666666666666666,0.0,0.0,1.2666666666666666,0.6666666666666666,0.16666666666666666,1.0,0.8333333333333334,0.16666666666666666,0.8333333333333334,1.8333333333333333,3.3333333333333335,7.666666666666667,9.833333333333334,1.5,1.6666666666666667,0.3333333333333333,1.3333333333333333,1.6666666666666667,0.16666666666666666,1.5,0.16666666666666666,0.6666666666666666,0.16666666666666666,0.0,2.7305555555555556,31.333333333333332,3.1666666666666665,0.16666666666666666,1.1666666666666667,0.0,33.5,34.666666666666664,46.166666666666664,57.833333333333336,71.66666666666667,1.6666666666666667,42.666666666666664,3.1666666666666665,0.3333333333333333,4.0,0.0,42.166666666666664,1.0,11.333333333333334,0.0,0.16666666666666666,2.8333333333333335,0.0,8.666666666666666,11.5,13.833333333333334,0.4444444444444444,0.39999999999999997,0.5,0.5,0.5,1.0,0.5555555555555556,0.5499999999999999,0.7796610169491526,0.6000000000000001,0.265625,0.0,-1.0,0.7083333333333333,,0.2055335968379446,0.2490974729241877,0.19302325581395352
Cathal Pendred,Orthodox,No,No,No,Cathal Pendred,0.0,0.7722222222222221,0.15,0.0,1.0671296296296295,3.766666666666667,2.5055555555555555,6.122222222222223,9.783333333333333,2.5555555555555554,0.05555555555555555,12.394444444444446,27.66111111111111,16.711111111111112,32.516666666666666,3.3777777777777778,16.72222222222222,3.744444444444444,7.194444444444444,24.20555555555556,3.233333333333333,0.2222222222222222,0.16666666666666666,0.05555555555555555,0.1111111111111111,0.0,0.2492592592592593,10.866666666666667,2.0555555555555554,1.6666666666666667,11.244444444444445,2.261111111111111,1.0833333333333333,14.588888888888889,33.733333333333334,19.538888888888888,39.81666666666667,0.37222222222222223,27.79444444444444,3.9,2.038888888888889,28.244444444444444,3.716666666666667,1.7722222222222224,0.31666666666666665,16.927777777777777,1.8444444444444443,0.37222222222222223,17.0,1.4555555555555557,0.688888888888889,19.144444444444446,20.277777777777775,0.22861842105263155,0.22524916943521597,0.669139465875371,0.10733590733590734,0.40417718613725034,0.7903780068728523,0.25,0.4480819441654951,0.5139244831710235,0.8507462686567164,0.6090345792524485,0.472934472934473,0.9727520435967303,0.6018882769472855,0.39162929745889385,0.3887147335423199,0.5675230566534915,0.5092786382028743
Jon Delos Reyes,Orthodox,No,No,No,Jon Delos Reyes,0.375,0.875,0.625,0.125,1.5229166666666667,8.875,2.375,1.25,6.25,3.625,2.625,12.5,30.75,15.625,34.125,1.0,26.25,3.125,1.375,20.0,4.625,6.125,0.0,0.625,0.625,0.25,1.0229166666666667,11.0,2.875,1.5,9.0,4.5,1.875,15.375,33.25,20.25,38.875,1.5,28.125,3.5,1.625,23.5,6.875,2.875,0.875,17.125,0.625,0.125,14.5,2.375,1.0,17.875,18.625,0.875,0.3380952380952381,0.76,0.6363636363636364,0.3125,0.7837837837837838,0.42857142857142855,0.4065040650406504,0.45787545787545786,0.5833333333333333,0.6088888888888888,0.1785714285714286,0.6153846153846154,0.6170212765957447,0.34545454545454546,0.34782608695652173,0.5375939849624061,0.4790996784565916
Paddy Holohan,Orthodox,No,No,No,Paddy Holohan,0.06666666666666667,0.8555555555555555,0.3333333333333333,0.15,2.3489814814814816,6.433333333333334,2.261111111111111,2.033333333333333,7.205555555555556,0.24444444444444446,3.277777777777778,10.727777777777776,23.51111111111111,23.622222222222224,38.24444444444445,1.7666666666666666,16.494444444444444,4.283333333333333,2.733333333333333,18.905555555555555,0.5111111111111111,4.094444444444444,0.0,0.19444444444444442,0.3833333333333333,0.21666666666666667,0.9605555555555556,9.438888888888888,3.0555555555555554,1.1722222222222223,5.844444444444445,1.3333333333333333,6.48888888888889,13.666666666666666,26.188888888888886,19.788888888888888,33.06666666666667,0.5277777777777778,20.955555555555556,3.733333333333333,1.5,14.955555555555556,1.4000000000000001,9.833333333333334,0.3333333333333333,11.516666666666666,0.6777777777777777,0.3277777777777778,9.11111111111111,0.06666666666666667,3.3444444444444446,12.522222222222224,13.277777777777777,0.48427672955974843,0.3900303132367801,0.5278858625162127,0.31300813008130085,0.3811342932706436,0.47826086956521746,0.8005427408412484,0.4562854442344045,0.6176641487507263,0.6315789473684211,0.549575821845175,0.18154761904761907,0.8703703703703703,0.6092124814264487,0.04761904761904778,0.3401129943502824,0.4781501909206618,0.40154569892473124
Mickael Lebout,Orthodox,No,No,No,Mickael Lebout,0.0,0.0,0.0,0.3333333333333333,0.8592592592592593,8.555555555555555,1.777777777777778,2.6666666666666665,11.666666666666666,0.0,1.3333333333333333,13.0,37.22222222222222,16.333333333333332,40.88888888888889,0.4444444444444444,31.11111111111111,2.8888888888888893,3.2222222222222228,35.0,0.3333333333333333,1.8888888888888886,0.0,0.6666666666666666,0.1111111111111111,0.0,0.8870370370370368,10.444444444444445,2.3333333333333335,2.111111111111111,13.777777777777779,0.1111111111111111,1.0,14.888888888888891,32.55555555555555,16.11111111111111,34.22222222222222,1.6666666666666667,26.555555555555557,3.111111111111111,2.8888888888888893,30.777777777777782,0.2222222222222222,1.5555555555555556,1.0,16.11111111111111,0.7777777777777777,0.7777777777777777,17.0,0.1111111111111111,0.5555555555555555,17.666666666666668,18.11111111111111,0.0,0.275,0.6153846153846153,0.0,0.3333333333333333,0.0,0.7058823529411765,0.3492537313432836,0.3994565217391304,0.6000000000000001,0.606694560669456,0.25,0.7692307692307693,0.552346570397112,0.5,0.3571428571428572,0.5426621160409555,0.5292207792207793
Chris Cariaso,Southpaw,No,No,Yes,Chris Cariaso,0.0,0.27972027972027974,0.19347319347319347,0.055944055944055944,0.6795648795648797,9.14918414918415,4.671328671328671,2.167832167832168,10.8997668997669,3.5920745920745922,1.4965034965034965,15.98834498834499,37.06293706293706,22.724941724941726,44.5011655011655,0.717948717948718,27.972027972027973,6.515151515151516,2.5757575757575757,29.58275058275058,5.0256410256410255,2.4545454545454546,0.025641025641025644,0.8391608391608392,0.16317016317016317,0.025641025641025644,1.8039238539238538,6.743589743589744,3.5407925407925407,1.3076923076923077,6.843822843822843,2.4475524475524475,2.300699300699301,11.59207459207459,29.181818181818183,20.643356643356643,39.15850815850816,1.9906759906759905,22.610722610722615,4.951048951048951,1.62004662004662,21.752913752913752,3.738927738927739,3.68997668997669,1.1515151515151516,15.867132867132867,1.4102564102564104,0.3123543123543124,14.909090909090908,1.2913752913752914,1.389277389277389,17.58974358974359,18.515151515151516,0.38961038961038963,0.32708333333333334,0.7169946332737029,0.10859728506787332,0.36845008273579705,0.7147495361781077,0.6096866096866097,0.4313836477987422,0.5106594730501284,0.5784543325526932,0.7017525773195876,0.2848399246704332,0.48201438848920863,0.685383626232319,0.3453865336658354,0.37650031585596966,0.6027637990254813,0.47282576343829996
Francisco Trevino,Orthodox,No,No,No,Francisco Trevino,0.0,0.3333333333333333,0.0,0.1111111111111111,0.6620370370370371,6.222222222222222,1.722222222222222,4.777777777777778,8.38888888888889,3.3333333333333335,1.0,12.722222222222223,29.0,17.11111111111111,33.666666666666664,1.4444444444444444,18.166666666666668,4.166666666666667,6.666666666666667,22.944444444444443,4.611111111111112,1.4444444444444446,0.0,1.4444444444444444,0.0,0.1111111111111111,1.461111111111111,7.0,1.722222222222222,1.0,5.777777777777779,2.388888888888889,1.5555555555555554,9.722222222222223,28.833333333333332,14.222222222222223,35.27777777777778,2.555555555555556,24.166666666666668,3.3333333333333335,1.3333333333333333,21.88888888888889,4.722222222222222,2.2222222222222223,1.111111111111111,17.166666666666668,1.6111111111111114,0.3333333333333333,16.11111111111111,2.3333333333333335,0.6666666666666666,19.11111111111111,21.055555555555557,0.23076923076923075,0.3425076452599388,0.4133333333333333,0.049999999999999996,0.3656174334140436,0.7228915662650602,0.6923076923076922,0.4386973180076629,0.5082508250825083,0.4347826086956522,0.710344827586207,0.4833333333333334,-0.08333333333333348,0.7360406091370558,0.49411764705882355,0.30000000000000016,0.6628131021194604,0.5968503937007874
Ruslan Magomedov,Orthodox,No,No,No,Ruslan Magomedov,0.1111111111111111,0.1111111111111111,0.0,0.0,0.31296296296296294,13.555555555555555,3.777777777777778,2.777777777777778,17.555555555555554,2.444444444444444,0.1111111111111111,20.11111111111111,42.0,22.333333333333332,44.22222222222222,0.1111111111111111,34.333333333333336,4.444444444444445,3.2222222222222228,38.888888888888886,3.0,0.1111111111111111,0.0,0.2222222222222222,0.0,0.0,0.9166666666666666,4.444444444444445,2.111111111111111,0.7777777777777777,4.111111111111111,2.6666666666666665,0.5555555555555556,7.333333333333333,21.777777777777775,11.666666666666666,28.11111111111111,2.0,17.777777777777775,3.2222222222222228,0.7777777777777777,17.11111111111111,3.777777777777778,0.8888888888888888,1.777777777777778,13.333333333333334,1.1111111111111112,0.0,13.0,1.111111111111111,0.3333333333333333,14.444444444444443,16.444444444444446,1.0,0.3948220064724919,0.8500000000000001,0.03448275862068965,0.4514285714285714,0.8148148148148148,1.0,0.47883597883597884,0.5050251256281407,0.8888888888888888,0.75,0.3448275862068967,0.7142857142857142,0.7597402597402598,0.2941176470588236,0.3749999999999999,0.6632653061224489,0.5849802371541502
Shawn Jordan,Southpaw,No,No,No,Shawn Jordan,0.12222222222222223,0.4444444444444444,0.0,0.0,1.3164814814814816,9.833333333333334,1.3111111111111111,0.9111111111111111,5.288888888888889,2.488888888888889,4.277777777777778,12.055555555555557,23.933333333333334,20.822222222222223,34.74444444444445,1.3777777777777775,20.92222222222222,2.066666666666667,0.9444444444444443,13.97777777777778,4.311111111111111,5.644444444444445,0.06666666666666667,0.03333333333333333,0.03333333333333333,0.0,0.7564814814814814,8.488888888888889,2.9555555555555557,1.377777777777778,8.955555555555556,3.733333333333333,0.13333333333333333,12.822222222222223,24.0,15.799999999999999,27.311111111111114,0.3666666666666667,19.155555555555555,3.266666666666667,1.5777777777777777,18.622222222222224,5.177777777777778,0.19999999999999998,0.3333333333333333,10.666666666666666,0.3111111111111111,0.19999999999999998,9.666666666666666,1.4444444444444444,0.06666666666666667,11.177777777777777,11.511111111111111,0.32258064516129037,0.4699946893255444,0.6344086021505376,0.4705882352941177,0.37837837837837834,0.577319587628866,0.7578740157480315,0.5037140204271124,0.599296450271826,0.9090909090909091,0.5568445475638051,0.09523809523809534,0.9788732394366197,0.5190930787589498,0.27896995708154515,0.33333333333333326,0.4657407407407407,0.42148087876322227
Katsunori Kikuno,Orthodox,No,No,No,Katsunori Kikuno,0.0,1.0,0.16666666666666666,0.06666666666666667,1.978888888888889,6.133333333333333,1.4333333333333333,1.1333333333333333,7.166666666666667,0.7000000000000001,0.8333333333333334,8.700000000000001,18.433333333333334,20.833333333333332,32.13333333333333,1.3333333333333333,14.333333333333334,2.6,1.5,15.700000000000001,1.4000000000000001,1.3333333333333333,0.19999999999999998,0.06666666666666667,0.06666666666666667,0.0,0.05777777777777776,5.933333333333334,1.3666666666666665,1.2,6.566666666666666,1.7333333333333334,0.19999999999999998,8.5,21.96666666666667,10.366666666666667,23.96666666666667,1.5666666666666667,16.633333333333333,3.1999999999999997,2.1333333333333333,18.599999999999998,2.766666666666667,0.6,1.5,10.700000000000001,1.8333333333333333,0.9333333333333332,12.033333333333333,1.0333333333333334,0.39999999999999997,13.466666666666667,13.6,0.75,0.427906976744186,0.5512820512820513,0.6666666666666666,0.4564755838641189,0.5,0.6250000000000001,0.4719710669077758,0.6483402489626556,0.9574468085106383,0.6432865731462926,0.5729166666666667,0.96875,0.6469534050179211,0.37349397590361455,0.6666666666666667,0.6130500758725341,0.5674547983310153
Chico Camus,Orthodox,No,No,No,Chico Camus,0.0,0.25,0.125,0.20833333333333334,1.2409722222222221,10.541666666666666,1.2916666666666667,0.75,9.208333333333334,1.125,2.25,12.583333333333334,30.541666666666668,20.166666666666668,39.083333333333336,0.625,27.708333333333332,2.0,0.8333333333333334,25.25,1.625,3.6666666666666665,0.0,0.5,0.3333333333333333,0.16666666666666666,1.4368055555555557,8.333333333333334,2.625,1.0,8.958333333333334,1.25,1.75,11.958333333333334,33.791666666666664,27.708333333333332,51.625,1.7916666666666667,28.083333333333332,4.375,1.3333333333333333,28.416666666666668,2.25,3.125,1.2916666666666667,19.75,1.75,0.3333333333333333,19.458333333333332,1.0,1.375,21.833333333333332,23.916666666666668,0.4,0.3804511278195489,0.6458333333333334,0.3,0.3646864686468647,0.6923076923076923,0.6136363636363636,0.4120054570259209,0.5159914712153518,0.7209302325581395,0.7032640949554896,0.4,0.625,0.68475073313783,0.4444444444444444,0.43999999999999995,0.6461159062885327,0.46327683615819215
Naoyuki Kotani,Southpaw,No,No,No,Naoyuki Kotani,0.0,0.3,0.19999999999999998,0.3,1.2616666666666665,3.3000000000000003,0.26666666666666666,2.1,3.5666666666666664,0.5666666666666667,1.5333333333333332,5.666666666666667,15.933333333333332,20.533333333333335,31.433333333333334,1.7,11.366666666666667,1.2666666666666666,3.3000000000000003,12.733333333333334,1.3,1.9000000000000001,0.13333333333333333,0.6333333333333333,0.20000000000000004,0.16666666666666666,1.3216666666666665,9.5,2.1333333333333333,0.5333333333333333,4.033333333333333,0.7333333333333334,7.3999999999999995,12.166666666666666,23.233333333333334,31.400000000000002,44.26666666666667,1.2,19.566666666666666,2.533333333333333,1.1333333333333333,10.633333333333333,1.4666666666666668,11.133333333333333,0.5666666666666668,10.066666666666668,0.4000000000000001,0.6,6.6000000000000005,0.7333333333333334,3.733333333333333,11.066666666666668,12.866666666666667,0.17647058823529413,0.2903225806451613,0.2105263157894737,0.0909090909090909,0.28010471204188475,0.43589743589743585,0.807017543859649,0.3556485355648536,0.6532343584305409,0.4722222222222222,0.514480408858603,0.1578947368421052,0.4411764705882353,0.6206896551724138,0.5,0.33532934131736525,0.4763271162123386,0.2906626506024097
Roger Zapata,Southpaw,No,No,No,Roger Zapata,0.0,0.0,0.3333333333333333,0.0,0.13333333333333333,7.333333333333333,2.0,0.0,4.0,4.0,1.3333333333333333,9.333333333333334,18.0,17.666666666666668,27.333333333333332,0.3333333333333333,15.666666666666666,2.3333333333333335,0.0,11.333333333333334,4.666666666666667,2.0,0.0,0.6666666666666666,0.0,0.0,2.3055555555555554,3.0,2.3333333333333335,2.3333333333333335,3.6666666666666665,3.6666666666666665,0.3333333333333333,7.666666666666667,12.0,16.333333333333332,22.666666666666668,3.6666666666666665,6.666666666666667,2.3333333333333335,3.0,7.0,4.666666666666667,0.3333333333333333,3.0,3.6666666666666665,0.0,0.6666666666666666,3.3333333333333335,1.0,0.0,4.333333333333333,6.333333333333333,0.0,0.46808510638297873,0.8571428571428571,,0.3529411764705882,0.8571428571428571,0.6666666666666666,0.5185185185185186,0.6463414634146342,0.8181818181818181,0.55,0.0,0.7777777777777778,0.47619047619047616,0.2142857142857144,0.0,0.36111111111111105,0.27941176470588247
George Roop,Orthodox,No,No,No,George Roop,0.07792207792207792,0.3196803196803197,0.030303030303030304,0.025641025641025644,1.3014707514707513,9.477855477855478,3.9304029304029307,1.8001998001998,8.38061938061938,3.007659007659008,3.8201798201798205,15.20845820845821,38.726939726939726,31.4045954045954,56.24808524808525,0.5907425907425907,29.935397935397933,6.141858141858141,2.64968364968365,27.982017982017982,5.254745254745255,5.4901764901764905,0.16317016317016317,0.7102897102897102,0.13386613386613386,0.025641025641025644,1.4098124098124096,5.678987678987679,2.481851481851482,2.0999000999001,6.5131535131535125,2.291042291042291,1.4565434565434565,10.260739260739262,22.87512487512488,17.823842823842824,31.027639027639026,1.9317349317349317,17.414585414585414,3.045288045288045,2.4152514152514155,15.963369963369964,4.2001332001332,2.7116217116217114,1.2214452214452214,11.735597735597736,0.5634365634365635,0.3153513153513154,9.45021645021645,1.9090909090909092,1.2550782550782549,12.614385614385613,13.203796203796204,0.5411499436302142,0.31661030524161254,0.6399371069182391,0.12064848561015457,0.29950017850767585,0.5723700887198987,0.6958209498392673,0.3927100441111981,0.558322923635244,0.6323047750387865,0.6738947529447759,0.18501913613996712,0.7059147938783952,0.5919938253577538,0.4545310394037897,0.46285152892054526,0.5514455410952921,0.42554949772473594
Clay Collard,Orthodox,No,No,No,Clay Collard,0.16666666666666666,0.9166666666666666,0.16666666666666666,0.08333333333333333,0.9500000000000001,12.25,4.25,4.166666666666667,15.333333333333334,3.25,2.0833333333333335,20.666666666666668,64.16666666666667,27.083333333333332,71.33333333333333,2.3333333333333335,50.333333333333336,7.916666666666667,5.916666666666667,55.75,4.666666666666667,3.75,0.0,0.16666666666666666,0.25,0.25,0.7055555555555556,13.833333333333334,7.833333333333333,2.8333333333333335,17.166666666666668,3.5,3.8333333333333335,24.5,49.666666666666664,32.25,58.166666666666664,0.5833333333333334,35.5,10.75,3.4166666666666665,39.5,5.916666666666667,4.25,0.4166666666666667,21.666666666666668,2.9166666666666665,0.5833333333333334,22.333333333333332,2.4166666666666665,0.4166666666666667,25.166666666666668,25.916666666666668,0.3928571428571428,0.2433774834437086,0.5368421052631579,0.15492957746478872,0.27503736920777283,0.6964285714285714,0.5555555555555556,0.3220779220779221,0.3796728971962617,0.7142857142857143,0.6103286384976525,0.2713178294573644,0.9512195121951219,0.5654008438818565,0.4084507042253521,0.0980392156862745,0.5067114093959731,0.4455587392550143
Nazareno Malegarie,,No,No,No,Nazareno Malegarie,0.0,0.3333333333333333,0.0,0.0,0.26666666666666666,16.333333333333332,2.6666666666666665,0.3333333333333333,18.333333333333332,1.0,0.0,19.333333333333332,55.333333333333336,22.666666666666668,59.333333333333336,1.0,48.0,7.0,0.3333333333333333,53.333333333333336,2.0,0.0,0.0,0.0,0.0,0.0,0.049999999999999996,11.666666666666666,4.333333333333333,0.3333333333333333,15.333333333333334,1.0,0.0,16.333333333333332,54.0,16.333333333333332,54.0,0.0,48.0,5.333333333333333,0.6666666666666666,52.0,2.0,0.0,0.0,36.333333333333336,1.0,0.3333333333333333,36.666666666666664,1.0,0.0,37.666666666666664,37.666666666666664,0.3333333333333333,0.34027777777777773,0.38095238095238093,1.0,0.34374999999999994,0.5,,0.34939759036144574,0.38202247191011235,,0.7569444444444444,0.1875,1.0,0.7051282051282051,0.5,,0.6975308641975309,0.6975308641975309
Ron Stallings,Southpaw,No,No,No,Ron Stallings,0.0,0.0,0.0,0.0,0.2212962962962963,9.611111111111112,4.5,1.5555555555555554,11.166666666666666,4.055555555555556,0.4444444444444444,15.666666666666666,24.777777777777775,23.38888888888889,33.72222222222222,0.0,17.61111111111111,5.5,1.6666666666666667,18.722222222222225,5.4444444444444455,0.611111111111111,0.27777777777777773,0.5,0.0,0.0,2.4185185185185185,8.333333333333334,1.222222222222222,2.611111111111111,4.833333333333333,2.5,4.833333333333333,12.166666666666666,27.555555555555554,24.88888888888889,42.55555555555555,3.2222222222222228,23.055555555555557,1.6666666666666667,2.8333333333333335,14.444444444444443,6.222222222222222,6.888888888888889,2.722222222222222,14.722222222222221,0.4444444444444444,0.2222222222222222,9.611111111111112,3.722222222222222,2.055555555555556,15.388888888888888,17.666666666666668,,0.5457413249211357,0.8181818181818182,0.0,0.5964391691394657,0.7448979591836734,0.7272727272727273,0.6322869955156951,0.6935749588138386,0.8448275862068966,0.6385542168674698,0.2666666666666667,0.8235294117647058,0.6653846153846154,0.5982142857142857,0.2983870967741936,0.5584677419354839,0.41514360313315923
Sam Stout,Orthodox,No,No,No,Sam Stout,0.059722222222222225,0.19305555555555554,0.04305555555555555,0.022222222222222223,0.5158333333333333,9.53888888888889,5.784722222222222,4.641666666666667,17.180555555555554,1.8361111111111112,0.9486111111111111,19.965277777777775,68.99583333333334,24.129166666666666,73.78611111111111,0.5166666666666667,53.98333333333333,9.244444444444445,5.768055555555556,64.68055555555556,2.6236111111111113,1.6916666666666667,0.07083333333333333,0.5472222222222222,0.25416666666666665,0.03888888888888889,0.6119675925925926,12.359722222222222,3.551388888888889,3.256944444444444,16.991666666666667,1.5319444444444443,0.6444444444444445,19.168055555555554,45.19305555555556,23.081944444444446,49.44166666666666,2.6083333333333334,36.050000000000004,5.104166666666667,4.038888888888889,41.92916666666667,2.2125,1.051388888888889,2.0611111111111113,23.690277777777776,1.5527777777777778,0.7819444444444444,24.9375,0.6805555555555557,0.4069444444444445,26.025000000000002,26.35972222222222,0.37365591397849457,0.17670062776577136,0.6257512019230769,0.03346978088129063,0.26562164483573114,0.6998411858125992,0.5607553366174056,0.2893693258449584,0.32701502089372436,0.7902023429179978,0.6571505624903684,0.30421768707483,0.8645116918844566,0.5947530557487827,0.3075957313245449,0.3870541611624835,0.5758628107809092,0.5331479296589696
Elias Silverio,Orthodox,No,No,No,Elias Silverio,0.06666666666666667,0.5333333333333333,0.06666666666666667,0.0,1.571111111111111,8.733333333333334,5.6000000000000005,3.8666666666666667,12.533333333333333,3.4,2.266666666666667,18.2,36.46666666666667,29.2,50.13333333333333,1.4000000000000001,22.933333333333334,8.333333333333334,5.2,28.733333333333334,4.466666666666667,3.266666666666667,0.13333333333333333,0.26666666666666666,0.0,0.06666666666666667,0.9499999999999998,8.4,2.8000000000000003,3.533333333333333,10.866666666666667,2.1333333333333333,1.7333333333333332,14.733333333333334,30.400000000000002,19.533333333333335,35.53333333333333,1.8666666666666665,21.8,4.6000000000000005,4.0,25.2,3.0,2.1999999999999997,1.5999999999999999,13.4,1.8,0.4666666666666666,14.333333333333334,0.8666666666666667,0.4666666666666666,15.666666666666666,16.0,0.38095238095238093,0.3808139534883721,0.672,0.10256410256410256,0.4361948955916473,0.7611940298507462,0.6938775510204082,0.49908592321755024,0.5824468085106382,0.8571428571428571,0.6146788990825688,0.3913043478260869,0.9333333333333333,0.5687830687830688,0.28888888888888886,0.21212121212121215,0.5153508771929824,0.4502814258911819
Yves Jabouin,Orthodox,No,No,No,Yves Jabouin,0.03333333333333333,0.6111111111111112,0.0,0.2111111111111111,1.3425925925925926,7.48888888888889,4.066666666666666,2.755555555555555,11.322222222222223,1.0777777777777777,1.9111111111111112,14.311111111111112,33.86666666666667,19.522222222222222,40.733333333333334,1.2,23.07777777777778,6.655555555555556,4.133333333333333,29.522222222222222,1.511111111111111,2.8333333333333335,0.08888888888888889,0.19999999999999998,0.5111111111111112,0.2888888888888889,0.7398148148148147,7.5555555555555545,3.255555555555555,2.388888888888889,8.222222222222221,1.6888888888888889,3.288888888888889,13.200000000000001,35.855555555555554,21.822222222222223,45.94444444444445,1.0666666666666667,27.444444444444443,4.711111111111111,3.6999999999999997,28.366666666666664,2.566666666666667,4.922222222222222,0.8666666666666666,19.88888888888889,1.4555555555555557,1.3111111111111111,20.144444444444442,0.8777777777777778,1.633333333333333,22.655555555555555,24.122222222222224,0.5092592592592593,0.3245064997592682,0.6110183639398997,0.14784946236559143,0.38351524275498683,0.7132352941176471,0.6745098039215687,0.4225721784776903,0.47926895799236224,0.8125,0.7246963562753037,0.3089622641509435,0.9459459459459459,0.7101449275362319,0.34199134199134207,0.3318284424379231,0.6318562132011156,0.5250302297460702
Anthony Christodoulou,Orthodox,No,No,No,Anthony Christodoulou,0.0,0.0,0.0,0.0,0.1305555555555555,5.166666666666667,1.1666666666666667,0.8333333333333334,6.0,1.1666666666666667,0.0,7.166666666666667,27.833333333333332,9.666666666666666,30.333333333333332,0.16666666666666666,25.5,1.1666666666666667,1.1666666666666667,25.5,2.1666666666666665,0.16666666666666666,0.0,0.6666666666666666,0.3333333333333333,0.0,1.1055555555555556,12.666666666666666,4.166666666666667,3.0,14.833333333333334,3.6666666666666665,1.3333333333333333,19.833333333333332,36.666666666666664,25.0,41.833333333333336,1.0,27.0,5.666666666666667,4.0,29.166666666666668,5.5,2.0,0.3333333333333333,14.333333333333334,1.5,1.0,14.333333333333334,1.8333333333333333,0.6666666666666666,16.833333333333332,16.833333333333332,0.0,0.20261437908496732,1.0,0.0,0.23529411764705882,0.5384615384615385,0.0,0.2574850299401198,0.31868131868131866,0.33333333333333337,0.5308641975308642,0.2647058823529411,0.8333333333333334,0.49142857142857144,0.33333333333333337,0.33333333333333337,0.4590909090909091,0.40239043824701204
Tom Watson,Orthodox,No,No,No,Tom Watson,0.047619047619047616,0.047619047619047616,0.0,0.0,0.4927248677248677,8.984126984126984,4.3809523809523805,6.53968253968254,14.333333333333334,5.214285714285714,0.35714285714285715,19.904761904761905,45.007936507936506,22.6984126984127,48.047619047619044,0.7142857142857143,29.6984126984127,7.571428571428572,7.738095238095238,36.214285714285715,8.293650793650793,0.5,0.0,1.5634920634920635,0.24603174603174602,0.0,1.548941798941799,16.658730158730158,2.873015873015873,2.5238095238095237,14.785714285714286,5.111111111111112,2.1587301587301586,22.055555555555557,44.07936507936508,28.134920634920633,50.62698412698413,2.777777777777778,37.333333333333336,4.031746031746032,2.714285714285714,33.3095238095238,7.507936507936509,3.2619047619047614,1.2142857142857144,20.674603174603174,1.1587301587301588,0.19047619047619047,18.523809523809522,2.3968253968253967,1.103174603174603,22.023809523809522,22.492063492063494,0.06666666666666667,0.30251202565473007,0.5786163522012577,0.006153846153846154,0.3957922419460881,0.628708133971292,0.7142857142857143,0.4422500440839358,0.4724149322761811,0.43714285714285717,0.5537840136054422,0.28740157480314954,0.42397660818713445,0.5561115082201571,0.31923890063424953,0.33819951338199505,0.4996398991717681,0.44427026179651985
Sirwan Kakai,Orthodox,No,No,No,Sirwan Kakai,0.16666666666666666,1.3333333333333333,0.0,0.0,1.2027777777777777,12.833333333333334,2.8333333333333335,2.1666666666666665,13.166666666666666,4.166666666666667,0.5,17.833333333333332,43.166666666666664,24.5,50.0,3.1666666666666665,36.833333333333336,3.8333333333333335,2.5,36.333333333333336,6.333333333333333,0.5,0.0,0.16666666666666666,0.16666666666666666,0.0,0.4666666666666666,13.833333333333334,7.833333333333333,1.5,15.0,7.5,0.6666666666666666,23.166666666666668,61.166666666666664,25.5,63.833333333333336,1.0,48.5,11.166666666666666,1.5,47.833333333333336,12.333333333333334,1.0,0.8333333333333334,34.666666666666664,3.3333333333333335,0.0,32.833333333333336,4.833333333333333,0.3333333333333333,38.0,38.333333333333336,0.42105263157894735,0.34841628959276016,0.7391304347826088,0.5333333333333333,0.36238532110091737,0.6578947368421053,1.0,0.41312741312741313,0.49,0.8333333333333334,0.7147766323024055,0.29850746268656714,0.8888888888888888,0.686411149825784,0.3918918918918919,0.33333333333333337,0.6212534059945504,0.6005221932114883
Roman Salazar,Orthodox,No,No,No,Roman Salazar,0.0,0.5,0.0,0.0,1.0638888888888887,4.75,0.6666666666666666,0.9166666666666666,4.083333333333334,1.0833333333333335,1.1666666666666665,6.333333333333334,15.75,17.833333333333336,28.0,2.083333333333333,13.666666666666666,1.0,1.0833333333333335,12.583333333333334,1.5833333333333333,1.5833333333333335,0.0,0.16666666666666666,0.6666666666666666,0.0,0.17500000000000002,6.833333333333334,1.4166666666666667,1.4166666666666665,5.833333333333334,0.9166666666666666,2.9166666666666665,9.666666666666668,21.916666666666664,10.0,22.25,0.3333333333333333,18.25,2.25,1.4166666666666665,15.916666666666666,1.5,4.5,0.16666666666666666,11.416666666666668,0.8333333333333334,0.0,10.083333333333332,0.5833333333333333,1.5833333333333333,12.25,12.25,0.24000000000000005,0.34756097560975613,0.6666666666666666,0.46153846153846145,0.3245033112582782,0.6842105263157896,0.7368421052631577,0.40211640211640215,0.636904761904762,0.5,0.6255707762557077,0.37037037037037035,0.8823529411764706,0.6335078534031413,0.38888888888888895,0.35185185185185186,0.5589353612167299,0.550561797752809
Soa Palelei,Orthodox,No,No,No,Soa Palelei,0.0,0.4857142857142857,0.0,0.0,1.2410582010582012,5.349206349206349,1.034920634920635,0.6285714285714286,2.457142857142857,1.5174603174603174,3.038095238095238,7.012698412698413,12.606349206349206,20.7015873015873,27.97142857142857,1.0857142857142856,10.263492063492064,1.6476190476190478,0.6952380952380953,6.142857142857143,2.320634920634921,4.142857142857143,0.06666666666666667,0.17777777777777778,0.19047619047619047,0.047619047619047616,1.423015873015873,8.174603174603176,2.4825396825396826,1.7777777777777777,4.422222222222222,6.641269841269842,1.3714285714285712,12.434920634920635,23.374603174603177,31.358730158730157,43.91111111111112,0.7714285714285714,17.895238095238096,3.3111111111111113,2.168253968253968,13.126984126984127,8.695238095238095,1.5523809523809522,0.5936507936507937,9.72063492063492,0.8285714285714286,0.3904761904761904,8.704761904761904,2.053968253968254,0.18095238095238098,10.939682539682538,12.552380952380952,0.4473684210526316,0.5211877513145684,0.6281310211946051,0.6986301369863013,0.3999999999999999,0.6538987688098494,0.7333333333333333,0.5562830521279275,0.7400976052661445,0.7695473251028806,0.5431967358524037,0.25023969319271333,0.91800878477306,0.6631197097944377,0.23621759766338069,0.1165644171779141,0.4680157544479153,0.2858588779641412
Hugo Viana,Orthodox,No,No,No,Hugo Viana,0.2222222222222222,0.08333333333333333,0.0,0.0,0.5652777777777778,9.111111111111112,4.361111111111112,1.0833333333333333,12.75,0.9444444444444443,0.8611111111111112,14.555555555555555,37.55555555555555,18.666666666666668,42.083333333333336,1.1111111111111112,29.666666666666668,6.5,1.3888888888888886,34.05555555555555,1.8888888888888886,1.611111111111111,0.05555555555555555,0.7777777777777777,0.0,0.0,1.1967592592592593,9.38888888888889,4.194444444444444,2.111111111111111,9.083333333333334,2.888888888888889,3.7222222222222228,15.694444444444445,36.52777777777778,19.944444444444446,41.02777777777778,1.527777777777778,28.305555555555557,5.5,2.7222222222222228,27.75,3.75,5.027777777777778,0.75,18.916666666666668,1.3055555555555556,0.611111111111111,18.666666666666668,0.8611111111111112,1.3055555555555556,20.833333333333332,21.083333333333332,0.075,0.3071161048689139,0.670940170940171,0.06000000000000001,0.37438825448613383,0.5,0.5344827586206897,0.38757396449704146,0.44356435643564357,0.49090909090909096,0.6683022571148185,0.23737373737373746,0.7142857142857144,0.6726726726726726,0.22962962962962963,0.2596685082872927,0.5703422053231939,0.5138794854434665
Antonio Rodrigo Nogueira,Orthodox,No,Yes,Yes,Antonio Rodrigo Nogueira,0.19155844155844157,0.382034632034632,0.5844155844155844,0.24458874458874458,1.1768759018759019,9.233766233766234,1.867965367965368,0.5865800865800866,9.238095238095239,1.9588744588744589,0.49134199134199136,11.688311688311687,27.903679653679657,24.04978354978355,42.41991341991342,1.628787878787879,25.03571428571429,2.2813852813852815,0.5865800865800866,24.47077922077922,2.642857142857143,0.79004329004329,0.25974025974025977,0.16883116883116886,0.07792207792207792,0.24458874458874458,0.6371753246753247,10.366883116883116,2.655844155844156,2.7673160173160176,12.451298701298702,1.672077922077922,1.6666666666666667,15.790043290043291,35.23376623376623,20.442640692640694,40.11580086580087,0.27705627705627706,28.61255411255411,3.5054112554112553,3.115800865800866,29.786796536796533,2.818181818181818,2.628787878787879,0.10822510822510822,18.245670995670995,0.8495670995670995,0.34848484848484845,17.335497835497836,1.146103896103896,0.9621212121212123,19.443722943722943,19.673160173160174,0.23455149501661127,0.36882375826741015,0.818785578747628,0.651291512915129,0.3775153686258901,0.7411957411957412,0.6219178082191782,0.41888065779777367,0.5669456066945607,0.3906249999999999,0.637680611241395,0.24235875270145102,0.9458145189301841,0.5819859753660575,0.4066820276497696,0.3659942363112392,0.5518491215136994,0.49040925890954223
Jessamyn Duke,Orthodox,No,No,No,Jessamyn Duke,0.0,0.4444444444444444,0.5833333333333334,0.19444444444444442,0.5333333333333333,15.611111111111109,6.444444444444444,1.6944444444444444,17.833333333333332,5.222222222222222,0.6944444444444445,23.75,44.30555555555555,34.388888888888886,55.416666666666664,1.1666666666666667,34.0,8.611111111111112,1.6944444444444444,36.5,7.0,0.8055555555555555,0.08333333333333333,0.2222222222222222,0.1111111111111111,0.2222222222222222,1.5986111111111112,14.722222222222221,2.472222222222222,3.555555555555556,17.194444444444443,1.9166666666666667,1.638888888888889,20.75,49.611111111111114,28.055555555555557,57.77777777777777,0.4166666666666667,41.333333333333336,3.944444444444444,4.333333333333333,44.0,3.25,2.361111111111111,0.19444444444444442,26.61111111111111,1.4722222222222223,0.7777777777777777,26.805555555555557,1.3333333333333333,0.7222222222222222,28.86111111111111,29.722222222222225,0.38095238095238093,0.45915032679738554,0.7483870967741933,0.26229508196721313,0.4885844748858447,0.746031746031746,0.8620689655172415,0.5360501567398119,0.6205513784461153,0.4666666666666667,0.6438172043010753,0.37323943661971837,0.9487179487179487,0.6092171717171717,0.41025641025641024,0.3058823529411764,0.5817469204927213,0.5144230769230769
Ramsey Nijem,Orthodox,No,No,No,Ramsey Nijem,0.09999999999999999,1.5999999999999999,0.31666666666666665,0.03333333333333333,2.2933333333333334,10.144444444444444,1.6444444444444446,0.9277777777777777,6.422222222222222,2.1166666666666667,4.177777777777778,12.716666666666667,28.116666666666664,32.36111111111111,51.0,2.511111111111111,23.905555555555555,3.011111111111111,1.2,17.855555555555554,3.738888888888889,6.522222222222222,0.14444444444444443,0.13333333333333333,0.49444444444444446,0.12222222222222223,0.5308333333333333,4.788888888888889,0.85,0.5277777777777778,3.477777777777778,1.3666666666666665,1.3222222222222222,6.166666666666667,17.022222222222222,12.088888888888889,23.71111111111111,0.3,14.377777777777778,1.7055555555555557,0.9388888888888888,12.855555555555554,2.6555555555555554,1.511111111111111,0.16666666666666666,9.588888888888889,0.8555555555555555,0.41111111111111115,9.377777777777778,1.288888888888889,0.18888888888888888,10.855555555555554,11.622222222222222,0.6371681415929203,0.4243551010922612,0.5461254612546126,1.3333333333333333,0.3596764156813939,0.5661218424962853,0.6405451448040886,0.4522821576763486,0.6345315904139432,0.5555555555555556,0.6669242658423493,0.501628664495114,0.8579881656804733,0.7294727744165945,0.4853556485355649,0.125,0.6377284595300261,0.4901593252108716
Hans Stringer,Orthodox,No,No,No,Hans Stringer,0.0,0.5,0.0,0.0,1.722222222222222,5.777777777777779,1.5555555555555554,6.111111111111111,7.0555555555555545,3.4444444444444446,2.9444444444444446,13.444444444444445,22.277777777777775,28.388888888888886,38.44444444444445,1.9444444444444444,14.166666666666666,1.8333333333333333,6.277777777777778,14.222222222222223,3.611111111111111,4.444444444444445,0.1111111111111111,0.611111111111111,0.0,0.0,0.8638888888888889,6.222222222222221,3.6666666666666665,2.5,5.833333333333333,1.6666666666666667,4.888888888888888,12.388888888888891,22.222222222222218,28.833333333333332,42.666666666666664,1.8888888888888886,14.0,5.055555555555555,3.1666666666666665,12.944444444444443,2.444444444444444,6.833333333333333,1.2777777777777777,7.777777777777779,1.3888888888888886,0.6666666666666666,7.111111111111112,0.7777777777777777,1.9444444444444446,9.833333333333334,13.833333333333334,0.2571428571428572,0.407843137254902,0.8484848484848484,0.07964601769911504,0.4960937499999999,0.9538461538461539,0.6625,0.6034912718204489,0.7384393063583813,0.6764705882352942,0.5555555555555556,0.27472527472527475,0.8070175438596492,0.5493562231759657,0.3181818181818181,0.2845528455284553,0.4424999999999998,0.32421875
Ivan Jorge,Orthodox,No,No,No,Ivan Jorge,0.0,0.5,0.19444444444444442,0.1111111111111111,1.6541666666666668,6.666666666666667,6.472222222222221,3.722222222222222,10.694444444444443,6.166666666666667,0.0,16.86111111111111,33.833333333333336,21.36111111111111,39.02777777777778,3.138888888888889,20.083333333333332,9.25,4.5,25.833333333333332,8.0,0.0,0.0,0.1111111111111111,0.19444444444444442,0.0,0.22916666666666666,10.694444444444445,2.527777777777778,1.0555555555555556,9.833333333333334,4.0,0.4444444444444444,14.277777777777777,35.27777777777778,18.333333333333332,39.77777777777778,0.38888888888888884,29.805555555555557,4.194444444444445,1.2777777777777777,28.555555555555554,5.833333333333333,0.8888888888888888,0.27777777777777773,19.11111111111111,1.6666666666666667,0.2222222222222222,18.72222222222222,1.8333333333333333,0.4444444444444444,21.0,21.444444444444443,0.1592920353982301,0.3319502074688797,0.6996996996996996,0.1111111111111111,0.4139784946236559,0.7708333333333334,,0.4983579638752052,0.5473309608540925,0.7142857142857142,0.641192917054986,0.39735099337748336,0.9130434782608696,0.6556420233463034,0.3142857142857143,0.5,0.5952755905511811,0.5391061452513967
Pawel Pawlak,Orthodox,No,No,No,Pawel Pawlak,0.0,0.3333333333333333,0.0,0.0,0.3833333333333333,4.0,3.111111111111111,1.222222222222222,5.444444444444444,2.222222222222222,0.6666666666666666,8.333333333333334,24.666666666666668,23.0,40.11111111111111,0.8888888888888888,18.555555555555554,4.666666666666667,1.4444444444444444,20.555555555555557,3.111111111111111,1.0,0.1111111111111111,0.6666666666666666,0.0,0.0,2.7759259259259257,5.777777777777778,3.4444444444444446,1.888888888888889,7.111111111111111,2.0,2.0,11.111111111111112,24.111111111111114,25.777777777777782,40.0,2.2222222222222223,17.0,5.111111111111112,2.0,17.88888888888889,4.0,2.2222222222222223,1.5555555555555554,11.222222222222221,1.6666666666666667,0.1111111111111111,10.777777777777779,2.0,0.2222222222222222,13.0,14.222222222222221,0.375,0.21556886227544914,0.6666666666666666,0.23076923076923075,0.2648648648648648,0.7142857142857142,0.6666666666666666,0.33783783783783783,0.5734072022160666,0.7,0.6601307189542484,0.32608695652173914,0.6666666666666667,0.6024844720496895,0.5,0.10000000000000009,0.5391705069124424,0.3555555555555554
Marcus Brimage,Southpaw,No,No,No,Marcus Brimage,0.08333333333333333,0.19999999999999998,0.0,0.0,0.10499999999999998,9.891666666666667,4.583333333333333,3.5416666666666665,17.008333333333333,0.9249999999999999,0.08333333333333333,18.016666666666666,50.73333333333333,19.675,52.69166666666666,0.19999999999999998,37.175000000000004,8.783333333333333,4.7749999999999995,48.46666666666667,1.95,0.31666666666666665,0.21666666666666667,0.35000000000000003,0.0,0.0,0.45152777777777775,12.341666666666667,2.8249999999999997,1.3166666666666667,14.15,1.2083333333333333,1.125,16.483333333333334,38.71666666666667,19.3,41.800000000000004,1.8,33.09166666666667,3.6333333333333333,1.9916666666666665,35.775,1.4666666666666668,1.4749999999999999,1.45,20.75,0.8083333333333332,0.6749999999999999,21.625,0.25833333333333336,0.35000000000000003,22.233333333333334,22.5,1.0,0.2660838377045505,0.5218216318785579,0.041884816753926704,0.3509284731774415,0.47435897435897434,0.2631578947368421,0.3551248357424442,0.3733987031472403,0.8055555555555556,0.627046084109796,0.22247706422018354,0.8242677824267782,0.604472396925227,0.17613636363636376,0.23728813559322026,0.5742574257425743,0.5382775119617225
Vaughan Lee,Orthodox,No,No,No,Vaughan Lee,0.041666666666666664,0.19166666666666665,0.20833333333333334,0.0,0.47527777777777774,7.675,4.866666666666666,3.016666666666667,12.458333333333334,2.375,0.725,15.558333333333332,33.63333333333333,33.4,51.65,0.7166666666666667,21.75,7.766666666666667,4.116666666666666,29.433333333333334,3.025,1.175,0.041666666666666664,0.5750000000000001,0.3416666666666666,0.06666666666666667,1.6054166666666667,6.183333333333334,2.4,0.8916666666666666,6.191666666666666,1.1500000000000001,2.1333333333333333,9.475,31.483333333333334,14.283333333333333,36.958333333333336,2.125,24.724999999999998,4.7,2.058333333333333,26.441666666666666,1.95,3.091666666666667,1.55,18.541666666666668,2.3000000000000003,1.1666666666666667,20.25,0.7999999999999999,0.9583333333333334,22.008333333333336,22.675,0.26744186046511625,0.3528735632183908,0.6266094420600858,0.0465587044534413,0.423272933182333,0.7851239669421488,0.6170212765957447,0.46258671952428143,0.6466602129719264,0.7294117647058823,0.7499157398045163,0.4893617021276596,0.7206477732793521,0.7658367475575165,0.41025641025641013,0.3099730458221025,0.6990471148755956,0.6135287485907555
Paul Redmond,Orthodox,No,No,No,Paul Redmond,0.0,0.0,0.0,0.0,0.0,2.0,0.16666666666666666,0.16666666666666666,2.3333333333333335,0.0,0.0,2.3333333333333335,6.833333333333333,5.833333333333333,10.666666666666666,0.5,6.166666666666667,0.5,0.16666666666666666,6.5,0.3333333333333333,0.0,0.16666666666666666,0.5,0.0,0.0,3.886111111111111,10.833333333333334,1.0,0.3333333333333333,3.6666666666666665,0.16666666666666666,8.333333333333334,12.166666666666666,21.333333333333332,46.666666666666664,60.0,1.0,19.666666666666668,1.3333333333333333,0.3333333333333333,9.333333333333334,0.16666666666666666,11.833333333333334,0.5,8.833333333333334,0.3333333333333333,0.0,5.666666666666667,0.0,3.5,9.166666666666666,13.333333333333334,0.0,0.3243243243243243,0.3333333333333333,0.0,0.358974358974359,0.0,,0.34146341463414637,0.546875,0.5,0.4491525423728814,0.25,-0.5,0.6071428571428572,0.0,0.2957746478873239,0.4296875,0.2222222222222222
Leonardo Mafra,Orthodox,No,No,No,Leonardo Mafra,0.0,0.6388888888888888,0.1111111111111111,0.0,0.9949074074074074,10.305555555555555,2.4166666666666665,3.722222222222222,12.166666666666666,1.3333333333333333,2.9444444444444446,16.444444444444446,33.30555555555556,27.11111111111111,45.25,0.75,25.027777777777775,3.888888888888889,4.388888888888888,27.305555555555557,1.9444444444444444,4.055555555555555,0.3333333333333333,0.38888888888888884,0.1111111111111111,0.0,1.1435185185185184,11.916666666666666,3.1666666666666665,0.7777777777777777,10.083333333333334,0.611111111111111,5.166666666666667,15.861111111111112,27.38888888888889,22.055555555555557,34.583333333333336,1.3055555555555556,21.305555555555557,5.0,1.0833333333333333,19.52777777777778,1.1111111111111112,6.75,0.9166666666666666,9.38888888888889,1.8333333333333333,0.3055555555555555,9.444444444444445,0.5,1.5833333333333333,11.527777777777779,12.527777777777777,0.8518518518518517,0.411764705882353,0.6214285714285714,0.14556962025316456,0.4455747711088504,0.6857142857142857,0.7260273972602741,0.493744787322769,0.5991405770411296,0.7021276595744681,0.44067796610169496,0.3666666666666667,0.641025641025641,0.48364153627311524,0.45000000000000007,0.23456790123456783,0.42089249492900604,0.3622489959839358
Andrew Craig,Orthodox,No,No,No,Andrew Craig,0.13095238095238096,0.25,0.0,0.09523809523809523,0.8345238095238096,8.511904761904761,1.7261904761904763,1.6666666666666667,8.321428571428571,1.4523809523809523,2.130952380952381,11.904761904761905,27.98809523809524,28.21428571428571,46.42857142857142,0.5595238095238095,23.702380952380953,2.2857142857142856,2.0,23.65476190476191,1.8214285714285714,2.511904761904762,0.23809523809523805,0.5476190476190476,0.19047619047619047,0.0,1.4351190476190474,8.166666666666666,2.642857142857143,2.2261904761904763,9.761904761904761,1.3690476190476193,1.9047619047619049,13.035714285714285,26.571428571428573,21.571428571428573,35.714285714285715,2.0714285714285716,19.607142857142858,4.059523809523809,2.904761904761905,22.69047619047619,1.5476190476190474,2.3333333333333335,1.5238095238095237,11.44047619047619,1.4166666666666667,0.6785714285714285,12.928571428571429,0.17857142857142858,0.42857142857142855,13.535714285714286,14.142857142857144,0.44680851063829785,0.3591160220994475,0.7552083333333334,0.125,0.3517866129843985,0.7973856209150326,0.8483412322274881,0.42535091450446616,0.6076923076923078,0.735632183908046,0.5834851244687311,0.3489736070381232,0.8114754098360656,0.5697796432318993,0.11538461538461509,0.18367346938775508,0.5094086021505377,0.396
Igor Araujo,Orthodox,No,No,No,Igor Araujo,0.0,0.27777777777777773,0.19444444444444442,0.16666666666666666,1.5416666666666667,3.5,2.0833333333333335,1.8611111111111114,4.611111111111111,0.8333333333333334,2.0,7.4444444444444455,17.833333333333332,30.111111111111114,45.555555555555564,1.6944444444444444,10.916666666666666,4.083333333333333,2.8333333333333335,11.25,1.6666666666666667,4.916666666666667,0.08333333333333333,0.611111111111111,0.9444444444444443,0.0,1.6435185185185184,10.083333333333334,1.9444444444444444,1.2777777777777777,4.444444444444444,2.5833333333333335,6.277777777777778,13.305555555555555,27.305555555555557,27.0,43.916666666666664,0.8055555555555555,23.333333333333332,2.3333333333333335,1.638888888888889,14.75,3.8333333333333335,8.722222222222223,0.19444444444444442,13.25,0.38888888888888884,0.3611111111111111,10.305555555555555,1.25,2.4444444444444446,14.0,16.916666666666668,0.16393442622950818,0.3206106870229008,0.5102040816326532,0.0980392156862745,0.4098765432098765,0.5,0.4067796610169491,0.4174454828660437,0.6609756097560975,0.24137931034482762,0.5678571428571428,0.16666666666666674,0.6271186440677967,0.6986817325800376,0.32608695652173914,0.28025477707006374,0.5127161749745677,0.3851992409867172
Josh Thomson,Orthodox,No,No,No,Josh Thomson,0.06857142857142857,0.6900000000000001,0.0,0.0,1.2517619047619049,4.267142857142857,1.6942857142857144,2.8,6.105714285714286,1.5185714285714287,1.137142857142857,8.76142857142857,21.958571428571428,13.52,27.082857142857144,1.7928571428571431,14.894285714285715,3.4542857142857146,3.6100000000000003,16.380000000000003,2.7,2.8785714285714286,0.11857142857142858,0.43714285714285717,0.26285714285714284,0.04,0.8224047619047619,6.088571428571429,3.7814285714285716,2.717142857142857,8.495714285714286,2.3628571428571425,1.7285714285714284,12.587142857142856,25.265714285714285,25.36857142857143,39.01285714285714,0.6557142857142857,15.674285714285713,6.0200000000000005,3.5714285714285716,20.064285714285713,2.862857142857143,2.3385714285714285,0.21857142857142858,9.585714285714285,2.2385714285714284,0.8542857142857143,11.568571428571428,0.5,0.61,12.678571428571427,13.644285714285715,0.38486055776892425,0.2864953002110109,0.49048800661703884,0.19113573407202217,0.372754229897087,0.5624338624338624,0.39503722084367243,0.3989981133302973,0.4992087772971832,0.33333333333333326,0.6115566897557418,0.3718557190317988,0.8776,0.5765752936988252,0.17465069860279459,0.260843005497862,0.5018093407214747,0.3497381815518693
Ildemar Alcantara,Orthodox,No,No,No,Ildemar Alcantara,0.0,0.6428571428571429,0.30158730158730157,0.0,0.7994708994708994,5.365079365079365,3.095238095238095,1.0,6.595238095238095,1.6587301587301588,1.2063492063492063,9.46031746031746,24.65079365079365,13.904761904761905,30.015873015873016,0.9365079365079364,19.38095238095238,4.174603174603175,1.0952380952380951,20.746031746031747,2.0,1.9047619047619049,0.0,0.30158730158730157,0.14285714285714285,0.29365079365079366,1.3572751322751324,7.984126984126984,1.7936507936507937,3.0714285714285716,7.865079365079365,1.277777777777778,3.706349206349206,12.84920634920635,25.912698412698415,25.61111111111111,40.91269841269841,1.6587301587301588,18.833333333333332,3.492063492063492,3.587301587301587,18.023809523809522,1.6190476190476188,6.26984126984127,1.357142857142857,10.84920634920635,1.6984126984126984,0.5158730158730158,10.158730158730158,0.3412698412698412,2.5634920634920637,13.063492063492063,15.301587301587302,0.6864406779661019,0.27682227682227684,0.741444866920152,0.5869565217391305,0.3179035960214231,0.8293650793650794,0.6333333333333333,0.38377334191886675,0.46324695928080384,0.8181818181818182,0.57606405394016,0.48636363636363633,0.915929203539823,0.5636283575517393,0.21078431372549,0.40886075949367096,0.5041347626339969,0.37400581959262846
Dan Miller,Orthodox,No,No,No,Dan Miller,0.06267806267806268,0.45726495726495725,0.4601139601139601,0.05128205128205129,0.9295204178537512,6.099715099715099,1.8746438746438745,1.2723646723646722,6.4259259259259265,1.3045584045584044,1.5162393162393162,9.246723646723646,25.690028490028492,19.789173789173788,37.88917378917379,0.8581196581196581,20.67891737891738,3.4390313390313394,1.5720797720797721,21.444729344729343,1.7182336182336184,2.527065527065527,0.05128205128205129,0.5492877492877493,0.22934472934472935,0.11794871794871796,1.86025641025641,10.608547008547008,1.4048433048433049,2.2364672364672367,8.054700854700855,2.156980056980057,4.038176638176638,14.24985754985755,27.937891737891736,31.791737891737892,47.27578347578348,1.0549857549857549,23.947008547008547,1.703133903133903,2.2877492877492878,19.47720797720798,2.741310541310541,5.71937321937322,0.5056980056980057,13.338461538461539,0.2982905982905983,0.05128205128205129,11.422507122507122,0.5843304843304843,1.6811965811965812,13.688034188034187,15.484045584045584,0.5328685258964143,0.2949726519984018,0.5451081103471128,0.29086625588981513,0.2996505958470062,0.7592439064831701,0.6,0.35993434769107924,0.5222909820965328,0.47934107480421273,0.5569990720251268,0.17514218802274995,0.7599003735990038,0.5864550574124187,0.2131573477447516,0.29394769613947713,0.4899451367502192,0.3275259434246526
Darrell Montague,Southpaw,No,No,No,Darrell Montague,0.0,0.1111111111111111,0.6666666666666666,0.0,0.17407407407407405,5.666666666666667,1.6666666666666667,1.777777777777778,8.777777777777777,0.3333333333333333,0.0,9.11111111111111,35.44444444444444,11.444444444444443,37.77777777777778,0.6666666666666666,27.777777777777775,5.0,2.6666666666666665,34.22222222222222,1.111111111111111,0.1111111111111111,0.6666666666666666,0.6666666666666666,0.0,0.0,0.9851851851851853,19.77777777777778,4.333333333333333,0.5555555555555556,13.222222222222221,2.111111111111111,9.333333333333334,24.666666666666668,53.22222222222222,30.666666666666668,60.888888888888886,0.7777777777777777,44.88888888888889,7.444444444444444,0.8888888888888888,36.44444444444444,2.6666666666666665,14.111111111111109,0.1111111111111111,25.11111111111111,3.1111111111111107,0.3333333333333333,23.222222222222225,0.5555555555555555,4.777777777777778,28.555555555555557,30.222222222222225,0.16666666666666666,0.20400000000000004,0.33333333333333337,0.041666666666666664,0.2564935064935065,0.30000000000000004,0.0,0.25705329153605017,0.3029411764705882,0.1428571428571428,0.5594059405940595,0.417910447761194,0.25,0.6371951219512195,0.20833333333333326,0.3385826771653542,0.5365344467640918,0.4963503649635036
Mike Swick,Orthodox,No,No,No,Mike Swick,0.10000000000000002,0.2888888888888889,0.15555555555555556,0.05555555555555555,0.8655555555555555,4.922222222222222,2.1999999999999997,2.4333333333333336,4.788888888888889,3.6555555555555554,1.111111111111111,9.555555555555555,27.78888888888889,17.677777777777777,36.93333333333334,0.5777777777777778,21.599999999999998,3.1666666666666665,3.022222222222222,19.433333333333334,5.8,2.555555555555556,0.06666666666666667,0.6222222222222222,0.2111111111111111,0.0,1.2516666666666667,5.7555555555555555,1.988888888888889,2.533333333333333,4.122222222222223,4.455555555555556,1.7,10.277777777777777,22.822222222222223,21.977777777777778,35.644444444444446,1.4666666666666668,16.755555555555556,2.888888888888889,3.1777777777777776,14.97777777777778,5.455555555555556,2.388888888888889,0.8444444444444444,11.0,0.9,0.6444444444444445,10.855555555555554,1.0,0.6888888888888888,12.544444444444444,13.666666666666666,0.5,0.227880658436214,0.6947368421052631,0.09558823529411765,0.24642652944539736,0.6302681992337165,0.43478260869565205,0.3438624550179928,0.47864019253910944,0.5757575757575758,0.6564986737400531,0.31153846153846154,0.8041958041958042,0.7247774480712166,0.18329938900203668,0.28837209302325584,0.5496592015579358,0.3834164588528679
Yosdenis Cedeno,Orthodox,No,No,No,Yosdenis Cedeno,0.08333333333333333,0.0,0.1111111111111111,0.5,0.5564814814814815,3.305555555555556,1.1944444444444444,3.3055555555555554,6.138888888888888,0.75,0.9166666666666666,7.805555555555556,26.805555555555557,14.416666666666666,34.083333333333336,0.19444444444444442,20.25,2.75,3.8055555555555554,24.0,0.9166666666666666,1.888888888888889,0.0,1.1666666666666667,0.0,0.08333333333333333,2.084722222222222,4.555555555555555,1.3611111111111114,2.388888888888889,6.944444444444444,1.1666666666666667,0.19444444444444442,8.305555555555555,24.25,23.583333333333332,41.0,1.6666666666666667,19.083333333333332,2.0833333333333335,3.0833333333333335,22.416666666666668,1.4722222222222223,0.3611111111111111,0.5,14.527777777777779,0.7222222222222222,0.6944444444444443,15.472222222222223,0.3055555555555555,0.16666666666666666,15.944444444444443,17.416666666666668,0.0,0.16323731138545955,0.4343434343434343,0.0,0.25578703703703703,0.8181818181818182,0.48529411764705876,0.2911917098445596,0.4229828850855745,0.29999999999999993,0.7612809315866085,0.34666666666666657,0.6216216216216216,0.6902106567534076,0.2075471698113207,0.46153846153846156,0.6575028636884307,0.4247967479674797
Joe Merritt,Orthodox,No,No,No,Joe Merritt,0.0,0.0,0.0,1.0,0.8333333333333334,5.333333333333333,1.0,1.3333333333333333,1.3333333333333333,2.6666666666666665,3.6666666666666665,7.666666666666667,13.0,11.333333333333334,16.666666666666668,0.6666666666666666,10.0,1.3333333333333333,1.6666666666666667,6.0,2.6666666666666665,4.333333333333333,0.0,1.6666666666666667,0.6666666666666666,0.0,3.461111111111111,2.3333333333333335,0.0,1.3333333333333333,1.6666666666666667,1.3333333333333333,0.6666666666666666,3.6666666666666665,11.0,11.0,20.0,5.333333333333333,8.333333333333334,0.6666666666666666,2.0,7.0,2.6666666666666665,1.3333333333333333,3.6666666666666665,6.0,0.6666666666666666,0.6666666666666666,5.333333333333333,1.3333333333333333,0.6666666666666666,7.333333333333333,9.0,0.0,0.5333333333333333,0.75,0.0,0.2222222222222222,1.0,0.8461538461538461,0.5897435897435898,0.6799999999999999,0.6875,0.72,1.0,0.16666666666666663,0.7619047619047619,0.5,0.5,0.6666666666666667,0.44999999999999996
Eddie Gordon,Orthodox,No,No,No,Eddie Gordon,0.08333333333333333,0.611111111111111,0.0,0.1111111111111111,1.4421296296296298,7.805555555555556,0.19444444444444442,0.16666666666666666,6.0,0.25,1.9166666666666667,8.166666666666666,26.027777777777775,18.47222222222222,37.55555555555555,0.7222222222222222,25.583333333333332,0.27777777777777773,0.16666666666666666,22.777777777777775,0.75,2.5,0.1111111111111111,0.9722222222222222,0.16666666666666666,0.0,1.3532407407407405,8.277777777777779,2.0555555555555554,0.6944444444444443,8.083333333333334,1.361111111111111,1.5833333333333333,11.027777777777779,27.833333333333332,19.666666666666668,37.27777777777778,2.611111111111111,24.361111111111114,2.6666666666666665,0.8055555555555555,24.388888888888886,1.5833333333333333,1.8611111111111114,1.6388888888888886,16.083333333333332,0.611111111111111,0.1111111111111111,16.305555555555557,0.2222222222222222,0.27777777777777773,16.805555555555557,17.61111111111111,0.846153846153846,0.30510314875135724,0.7000000000000001,3.6666666666666665,0.2634146341463415,0.3333333333333333,0.7666666666666667,0.3137673425827108,0.49186390532544383,0.6276595744680851,0.6602052451539339,0.22916666666666674,-0.20689655172413812,0.6685649202733485,0.14035087719298256,0.1492537313432838,0.6037924151696606,0.4724292101341282
Lewis Gonzalez,Orthodox,No,No,No,Lewis Gonzalez,0.0,0.6666666666666666,0.0,0.3333333333333333,1.5555555555555554,3.3333333333333335,2.0,1.6666666666666667,2.6666666666666665,2.6666666666666665,1.6666666666666667,7.0,18.666666666666668,17.666666666666668,31.0,2.0,13.333333333333334,3.3333333333333335,2.0,11.666666666666666,4.333333333333333,2.6666666666666665,0.0,1.0,0.0,0.0,1.25,5.0,2.6666666666666665,1.6666666666666667,7.333333333333333,2.0,0.0,9.333333333333334,16.0,18.333333333333332,25.333333333333332,2.6666666666666665,9.666666666666666,4.0,2.3333333333333335,13.666666666666666,2.3333333333333335,0.0,1.6666666666666667,4.666666666666667,1.3333333333333333,0.6666666666666666,6.333333333333333,0.3333333333333333,0.0,6.666666666666667,7.0,0.3333333333333333,0.25,0.6,0.3333333333333333,0.22857142857142856,0.6153846153846154,0.6250000000000001,0.375,0.5698924731182796,0.625,0.48275862068965514,0.33333333333333337,0.5714285714285714,0.46341463414634143,0.1428571428571429,,0.41666666666666663,0.2763157894736842
Alan Omer,Orthodox,No,No,No,Alan Omer,0.0,0.5,0.0,0.0,1.0777777777777777,10.0,2.5,3.0,7.666666666666667,5.166666666666667,2.6666666666666665,15.5,27.833333333333332,25.666666666666668,39.5,1.1666666666666667,20.666666666666668,3.8333333333333335,3.3333333333333335,17.166666666666668,7.0,3.6666666666666665,0.16666666666666666,0.5,0.16666666666666666,0.0,1.4416666666666667,6.666666666666667,1.3333333333333333,1.8333333333333333,5.333333333333333,2.1666666666666665,2.3333333333333335,9.833333333333334,28.0,21.666666666666668,41.5,1.5,22.833333333333332,2.8333333333333335,2.3333333333333335,20.333333333333332,4.666666666666667,3.0,1.0,16.166666666666668,1.5,0.5,15.0,2.5,0.6666666666666666,18.166666666666668,19.833333333333332,0.42857142857142855,0.48387096774193544,0.6521739130434783,0.15,0.4466019417475728,0.7380952380952381,0.7272727272727273,0.5568862275449102,0.649789029535865,0.6666666666666667,0.7080291970802919,0.5294117647058825,0.7857142857142857,0.7377049180327868,0.5357142857142858,0.2222222222222222,0.6488095238095237,0.47791164658634533
Niklas Backstrom,Orthodox,No,No,No,Niklas Backstrom,0.0,1.3333333333333333,0.3333333333333333,0.1111111111111111,1.3499999999999999,2.4444444444444446,1.5555555555555554,0.7777777777777777,3.222222222222222,1.3333333333333333,0.2222222222222222,4.777777777777778,12.333333333333334,7.333333333333333,15.444444444444445,1.6666666666666667,8.0,3.555555555555556,0.7777777777777777,9.777777777777777,2.111111111111111,0.4444444444444444,0.1111111111111111,0.3333333333333333,0.3333333333333333,1.0,1.3814814814814813,17.22222222222222,3.3333333333333335,1.5555555555555554,6.888888888888888,8.666666666666666,6.5555555555555545,22.111111111111114,36.0,34.11111111111111,49.77777777777777,1.6666666666666667,29.555555555555554,4.555555555555555,1.888888888888889,14.888888888888891,11.666666666666666,9.444444444444445,1.3333333333333333,12.333333333333334,1.222222222222222,0.3333333333333333,8.0,3.0,2.8888888888888893,13.888888888888891,15.666666666666666,0.7999999999999999,0.3055555555555556,0.4374999999999999,1.7142857142857144,0.32954545454545453,0.631578947368421,0.5,0.38738738738738737,0.4748201438848921,0.8,0.4172932330827067,0.2682926829268292,0.8235294117647058,0.537313432835821,0.2571428571428571,0.3058823529411766,0.3858024691358024,0.3147321428571429
Antonio Dos Santos,Orthodox,No,No,No,Antonio Dos Santos,0.25,0.0,0.0,0.0,0.6375,9.0,1.25,3.0,10.75,2.0,0.5,13.25,25.25,14.25,26.5,0.25,20.0,2.25,3.0,20.75,3.25,1.25,0.5,0.0,0.0,0.0,0.10416666666666666,4.5,2.25,3.25,9.0,0.75,0.25,10.0,17.75,10.25,18.0,0.75,12.0,2.5,3.25,15.75,1.75,0.25,0.75,7.5,0.25,0.0,6.75,1.0,0.0,7.75,7.75,0.0,0.45,0.5555555555555556,0.0,0.5180722891566265,0.6153846153846154,0.4,0.5247524752475248,0.5377358490566038,1.0,0.625,0.09999999999999998,1.0,0.4285714285714286,0.5714285714285714,0.0,0.43661971830985913,0.4305555555555556
Brian Ebersole,Southpaw,No,No,No,Brian Ebersole,0.05555555555555555,0.5138888888888888,0.05555555555555555,0.09722222222222221,1.6972222222222222,7.097222222222221,2.0416666666666665,2.944444444444444,7.125,2.1527777777777777,2.8055555555555554,12.083333333333334,24.875,23.458333333333332,37.541666666666664,2.736111111111111,16.805555555555557,3.736111111111111,4.333333333333333,17.791666666666668,3.3194444444444446,3.763888888888889,0.09722222222222221,0.375,0.6805555555555557,0.15277777777777776,0.768287037037037,6.111111111111111,3.805555555555556,1.8055555555555554,7.722222222222222,3.527777777777778,0.47222222222222227,11.722222222222221,27.041666666666668,20.597222222222225,36.791666666666664,0.6527777777777778,19.27777777777778,5.444444444444444,2.319444444444444,20.819444444444443,5.6944444444444455,0.5277777777777778,0.27777777777777773,13.166666666666666,1.638888888888889,0.5138888888888888,13.097222222222221,2.1666666666666665,0.05555555555555555,15.319444444444445,16.194444444444446,0.1878172588832487,0.42231404958677676,0.5464684014869888,0.11858974358974358,0.40046838407494145,0.6485355648535565,0.7453874538745388,0.48576214405360135,0.6248612652608213,0.4255319148936171,0.6829971181556196,0.30102040816326514,0.8383233532934131,0.6290860573715811,0.3804878048780488,0.10526315789473684,0.566512583461736,0.44016610041525095
Justin Edwards,Orthodox,No,No,No,Justin Edwards,0.047619047619047616,0.638095238095238,0.27619047619047615,0.0,0.8992063492063492,7.723809523809524,3.2761904761904765,1.1047619047619046,6.6571428571428575,4.352380952380952,1.0952380952380951,12.104761904761906,28.885714285714286,18.16190476190476,36.19047619047619,2.3142857142857145,22.400000000000002,4.742857142857143,1.7428571428571429,20.37142857142857,6.704761904761905,1.8095238095238095,0.09523809523809523,0.9523809523809522,0.49523809523809526,0.18095238095238098,1.6017460317460317,10.752380952380953,3.4190476190476193,1.180952380952381,7.819047619047619,4.266666666666667,3.266666666666667,15.352380952380953,31.514285714285716,25.43809523809524,42.94285714285714,1.3142857142857143,25.961904761904762,4.123809523809524,1.4285714285714286,21.866666666666664,5.523809523809523,4.123809523809524,0.36190476190476195,15.20952380952381,0.7047619047619048,0.24761904761904763,14.047619047619046,1.2571428571428571,0.8571428571428571,16.16190476190476,17.504761904761903,0.27572016460905346,0.344812925170068,0.6907630522088354,0.36612021857923494,0.3267882187938289,0.6491477272727272,0.6052631578947367,0.4190570392350808,0.5018421052631579,0.2753623188405798,0.5858400586940572,0.17090069284064668,0.3333333333333335,0.6424216027874564,0.22758620689655162,0.20785219399538102,0.5128437594439408,0.4076291860722998
Leonardo Morales,Southpaw,No,No,No,Leonardo Morales,0.0,0.0,0.0,0.0,0.6444444444444446,3.6666666666666665,3.0,3.1666666666666665,7.666666666666667,1.1666666666666667,1.0,9.833333333333334,20.666666666666668,14.5,26.0,0.3333333333333333,12.166666666666666,3.8333333333333335,4.666666666666667,17.833333333333332,1.3333333333333333,1.5,0.0,0.6666666666666666,1.5,0.0,1.383333333333333,5.5,2.3333333333333335,1.8333333333333333,8.0,1.5,0.16666666666666666,9.666666666666666,23.833333333333332,12.333333333333334,27.166666666666668,2.1666666666666665,16.5,4.666666666666667,2.6666666666666665,21.0,2.3333333333333335,0.5,1.5,11.0,2.3333333333333335,0.8333333333333334,13.0,0.8333333333333334,0.3333333333333333,14.166666666666666,14.833333333333334,0.0,0.3013698630136986,0.7826086956521738,0.0,0.4299065420560748,0.8750000000000001,0.6666666666666666,0.47580645161290325,0.5576923076923077,0.6923076923076923,0.6666666666666667,0.5,0.75,0.6190476190476191,0.3571428571428572,0.6666666666666667,0.5944055944055944,0.5460122699386503
Ricardo Abreu,Orthodox,No,No,No,Ricardo Abreu,0.3333333333333333,0.8333333333333334,0.16666666666666666,0.0,0.9416666666666668,13.833333333333334,1.8333333333333333,1.1666666666666667,13.0,2.3333333333333335,1.5,16.833333333333332,52.5,22.333333333333332,58.166666666666664,1.8333333333333333,48.0,2.5,2.0,46.333333333333336,4.166666666666667,2.0,0.0,0.0,0.0,0.0,0.03888888888888888,9.333333333333334,4.166666666666667,4.166666666666667,16.666666666666668,1.0,0.0,17.666666666666668,55.833333333333336,23.166666666666668,62.166666666666664,0.16666666666666666,42.166666666666664,7.5,6.166666666666667,52.666666666666664,3.1666666666666665,0.0,0.16666666666666666,32.833333333333336,3.3333333333333335,2.0,36.0,2.1666666666666665,0.0,38.166666666666664,39.0,0.4545454545454546,0.2881944444444445,0.7333333333333333,0.4166666666666667,0.2805755395683453,0.5599999999999999,0.75,0.3206349206349206,0.3839541547277937,1.0,0.7786561264822134,0.4444444444444444,1.0,0.6835443037974683,0.6842105263157894,,0.6835820895522389,0.6273458445040214
Ryan Jimmo,Orthodox,No,No,No,Ryan Jimmo,0.20952380952380953,0.11428571428571428,0.0,0.0,1.591904761904762,5.850793650793651,2.7047619047619045,4.006349206349206,5.688888888888889,4.457142857142856,2.4158730158730157,12.561904761904762,18.77777777777778,19.723809523809525,27.18730158730159,0.45396825396825397,11.34920634920635,3.104761904761905,4.3238095238095235,10.555555555555555,4.876190476190477,3.346031746031746,0.0,0.2920634920634921,0.17777777777777778,0.0,1.3846031746031746,5.234920634920635,2.511111111111111,4.831746031746032,3.5650793650793653,6.133333333333333,2.8793650793650793,12.577777777777778,23.590476190476192,23.177777777777777,35.5015873015873,2.1587301587301586,14.536507936507936,3.346031746031746,5.707936507936508,11.926984126984125,7.688888888888889,3.9746031746031747,1.8666666666666665,9.301587301587302,0.834920634920635,0.8761904761904762,8.361904761904762,1.5555555555555554,1.0952380952380951,11.012698412698413,12.323809523809524,0.2517482517482517,0.5155244755244756,0.871165644171779,0.02643171806167401,0.5389473684210526,0.9140624999999998,0.7220113851992409,0.6689771766694843,0.725478748248482,0.8647058823529412,0.639877702555143,0.2495256166982922,0.9488320355951056,0.7010912962470055,0.20231213872832376,0.2755591054313099,0.4668281523348137,0.34713404274344983
Luiz Dutra,Orthodox,No,No,No,Luiz Dutra,0.0,0.0,0.0,0.0,0.375,6.0,6.5,3.0,9.5,6.0,0.0,15.5,30.5,22.5,38.5,1.0,19.0,8.5,3.0,21.5,9.0,0.0,0.5,0.0,0.0,0.0,0.9583333333333334,10.0,5.5,3.5,7.5,8.0,3.5,19.0,32.5,19.0,32.5,2.5,21.0,7.5,4.0,17.0,10.0,5.5,2.5,11.0,2.0,0.5,9.5,2.0,2.0,13.5,13.5,0.0,0.3157894736842105,0.7647058823529411,0.0,0.4418604651162791,0.6666666666666666,,0.5081967213114754,0.5844155844155844,1.0,0.5238095238095238,0.2666666666666667,1.0,0.5588235294117647,0.19999999999999996,0.36363636363636365,0.41538461538461535,0.41538461538461535
Wendell Oliveira Marques,Orthodox,No,No,No,Wendell Oliveira Marques,0.0,0.0,0.0,0.0,0.4958333333333332,1.75,0.25,5.5,3.0,4.5,0.0,7.5,16.75,8.0,17.25,1.25,9.5,0.25,7.0,11.5,5.25,0.0,0.25,0.0,0.0,0.0,0.5416666666666666,8.75,2.0,1.25,7.75,0.0,4.25,12.0,21.0,12.5,21.5,1.0,16.5,3.25,1.25,15.0,0.5,5.5,1.0,7.75,1.25,0.0,7.25,0.5,1.25,9.0,9.0,0.0,0.18421052631578946,1.0,0.0,0.2608695652173913,0.8571428571428571,,0.44776119402985076,0.463768115942029,1.0,0.4696969696969697,0.3846153846153846,1.0,0.4833333333333333,1.0,0.2272727272727273,0.4285714285714286,0.41860465116279066
Josh Sampo,Orthodox,No,No,No,Josh Sampo,0.0,0.3611111111111111,0.638888888888889,0.1111111111111111,0.9046296296296297,4.888888888888889,2.5,1.638888888888889,6.555555555555556,1.0833333333333333,1.388888888888889,9.027777777777779,25.88888888888889,23.86111111111111,41.416666666666664,1.111111111111111,18.527777777777775,5.138888888888888,2.222222222222222,21.055555555555557,2.4166666666666665,2.4166666666666665,0.08333333333333333,0.75,0.19444444444444442,0.19444444444444442,1.073611111111111,7.972222222222222,4.0,2.0,12.194444444444445,0.4444444444444444,1.3333333333333333,13.972222222222221,30.472222222222225,18.97222222222222,35.583333333333336,1.111111111111111,22.583333333333332,5.027777777777778,2.861111111111111,27.805555555555557,0.6944444444444443,1.9722222222222223,0.3611111111111111,14.611111111111112,1.027777777777778,0.861111111111111,15.611111111111109,0.25,0.6388888888888888,16.5,16.61111111111111,0.32500000000000007,0.26386806596701656,0.4864864864864865,0.16250000000000003,0.3113456464379947,0.4482758620689655,0.574712643678161,0.3487124463519314,0.5761234071093226,0.32499999999999984,0.6469864698646985,0.20441988950276246,0.7378640776699029,0.5614385614385615,0.3599999999999999,0.3239436619718311,0.5414767547857795,0.4668227946916472
Constantinos Philippou,Orthodox,No,No,No,Constantinos Philippou,0.18095238095238098,0.11428571428571428,0.08095238095238096,0.047619047619047616,0.4370634920634921,8.347619047619048,1.2857142857142856,0.7142857142857143,7.480952380952381,1.2,1.6666666666666667,10.347619047619048,29.423809523809524,15.847619047619048,36.1,0.30476190476190473,25.980952380952377,2.3523809523809525,1.0904761904761904,24.74761904761905,1.795238095238095,2.880952380952381,0.06666666666666667,0.6428571428571428,0.0,0.047619047619047616,1.853174603174603,6.9714285714285715,2.9857142857142858,2.6809523809523808,7.757142857142857,1.5666666666666667,3.3142857142857145,12.638095238095238,28.071428571428573,25.047619047619047,43.10952380952381,1.923809523809524,20.995238095238093,3.938095238095238,3.138095238095238,21.43809523809524,2.2285714285714286,4.404761904761904,1.2809523809523808,14.023809523809524,0.9523809523809524,0.45714285714285713,13.680952380952382,0.6619047619047619,1.0904761904761904,15.433333333333332,18.06190476190476,0.375,0.32129765395894433,0.5465587044534412,0.10480349344978167,0.30228978256686545,0.6684350132625995,0.578512396694215,0.3516750283217349,0.4389922173855692,0.665841584158416,0.6679519165343615,0.241837968561064,0.795144157814871,0.6381608174144825,0.29700854700854706,0.24756756756756737,0.5497879558948262,0.41897713465149666
Royston Wee,Orthodox,No,No,No,Royston Wee,0.0,1.1666666666666667,0.0,0.0,2.771296296296296,1.8333333333333333,1.0555555555555556,2.222222222222222,3.555555555555556,0.4444444444444444,1.111111111111111,5.111111111111112,8.611111111111112,24.166666666666668,30.5,1.5,4.833333333333333,1.0555555555555556,2.722222222222222,6.611111111111111,0.5555555555555555,1.4444444444444446,0.0,0.2222222222222222,0.3333333333333333,0.38888888888888884,0.9009259259259258,8.722222222222221,1.7222222222222223,1.5,7.9444444444444455,1.0555555555555556,2.9444444444444446,11.944444444444443,23.833333333333332,33.888888888888886,48.333333333333336,0.2222222222222222,19.27777777777778,2.722222222222222,1.8333333333333333,17.38888888888889,1.722222222222222,4.722222222222222,0.0,10.555555555555555,1.0,0.3333333333333333,9.444444444444445,0.6666666666666666,1.777777777777778,11.888888888888888,14.444444444444443,0.7777777777777778,0.3793103448275862,1.0,0.42857142857142866,0.5378151260504203,0.8,0.769230769230769,0.5935483870967742,0.7923497267759563,0.0,0.5475504322766571,0.36734693877551006,0.8787878787878788,0.5431309904153354,0.3870967741935484,0.3764705882352941,0.49883449883449893,0.29885057471264376
Luke Barnatt,Orthodox,No,No,No,Luke Barnatt,0.12222222222222223,0.17777777777777778,0.13333333333333333,0.0,0.1484259259259259,14.427777777777777,4.25,1.8944444444444446,16.566666666666666,3.233333333333333,0.7722222222222223,20.572222222222223,56.088888888888896,25.400000000000002,61.06666666666666,0.4666666666666666,45.05555555555555,7.6944444444444455,3.3388888888888886,50.49444444444444,4.438888888888889,1.1555555555555557,0.08333333333333333,0.8277777777777778,0.16666666666666666,0.0,1.150462962962963,13.111111111111112,2.033333333333333,3.1111111111111107,14.577777777777778,2.0444444444444447,1.6333333333333335,18.255555555555556,44.355555555555554,21.05,47.888888888888886,2.227777777777778,35.949999999999996,3.461111111111111,4.944444444444445,38.111111111111114,3.3000000000000003,2.9444444444444446,1.4000000000000001,22.83888888888889,1.4277777777777778,1.8333333333333333,23.53333333333333,1.2555555555555555,1.3111111111111111,26.099999999999998,26.83888888888889,0.380952380952381,0.3202219482120839,0.5523465703971119,0.05324459234608986,0.32808889866872043,0.7284105131414267,0.6682692307692307,0.3667789223454833,0.415938864628821,0.6284289276807979,0.6352959357131818,0.4125200642054574,0.8325842696629213,0.6174927113702624,0.3804713804713804,0.44528301886792454,0.5884268537074149,0.5604408352668213
Mark Munoz,Orthodox,No,No,No,Mark Munoz,0.059259259259259255,1.0074074074074073,0.24074074074074073,0.14814814814814814,1.6080864197530864,8.87037037037037,3.8629629629629627,1.7740740740740744,4.514814814814815,3.411111111111111,6.581481481481482,14.507407407407408,28.255555555555556,21.61111111111111,36.233333333333334,3.1888888888888887,21.57037037037037,4.477777777777778,2.2074074074074073,12.466666666666667,5.766666666666667,10.022222222222222,0.15925925925925924,0.5111111111111111,0.5407407407407407,0.044444444444444446,0.9148148148148149,6.122222222222223,2.766666666666667,0.9148148148148149,5.288888888888889,2.966666666666667,1.548148148148148,9.803703703703704,23.5,21.522222222222222,35.82592592592592,1.277777777777778,18.78148148148148,3.7000000000000006,1.0185185185185184,16.274074074074075,4.944444444444445,2.281481481481481,0.7666666666666667,12.659259259259258,0.9333333333333332,0.1037037037037037,10.985185185185186,1.9777777777777779,0.7333333333333334,13.696296296296296,14.303703703703704,0.3159117305458769,0.4112293956043956,0.8626964433416046,0.4563758389261745,0.3621509209744504,0.5915221579961464,0.6566888396156689,0.5134355747804431,0.5964428089543085,0.6000000000000001,0.6740287911654506,0.25225225225225223,0.49818181818181817,0.675011379153391,0.4,0.3214285714285714,0.5828211189913317,0.399255660084772
Nolan Ticman,Orthodox,No,No,No,Nolan Ticman,0.0,0.0,0.0,0.16666666666666666,0.32222222222222224,6.166666666666667,2.5,4.166666666666667,7.0,4.333333333333333,1.5,12.833333333333334,27.0,13.833333333333334,28.0,0.8333333333333334,18.666666666666668,3.8333333333333335,4.5,20.0,5.0,2.0,0.0,1.0,0.0,0.0,1.0722222222222222,6.333333333333333,1.6666666666666667,4.666666666666667,5.0,7.0,0.6666666666666666,12.666666666666666,39.5,15.833333333333334,44.166666666666664,2.5,31.166666666666668,3.1666666666666665,5.166666666666667,28.5,9.5,1.5,1.5,24.833333333333332,1.5,0.5,23.5,2.5,0.8333333333333334,26.833333333333332,28.333333333333332,0.0,0.33035714285714285,0.6521739130434783,0.0,0.35,0.8666666666666666,0.75,0.47530864197530864,0.49404761904761907,0.6,0.7967914438502675,0.4736842105263157,0.8064516129032258,0.8245614035087719,0.26315789473684215,0.5555555555555556,0.679324894514768,0.6415094339622641
Roldan Sangcha'an,Orthodox,No,No,No,Roldan Sangcha'an,0.0,0.5,0.0,0.16666666666666666,0.5222222222222223,6.833333333333333,2.5,4.833333333333333,11.166666666666666,2.3333333333333335,0.6666666666666666,14.166666666666666,32.5,15.666666666666666,34.333333333333336,0.8333333333333334,23.5,3.5,5.5,27.666666666666668,3.6666666666666665,1.1666666666666667,0.16666666666666666,1.0,0.8333333333333334,0.3333333333333333,1.9333333333333336,6.333333333333333,3.0,2.0,6.166666666666667,3.0,2.1666666666666665,11.333333333333334,23.333333333333332,18.333333333333332,31.0,3.5,17.0,3.5,2.8333333333333335,15.833333333333334,3.8333333333333335,3.6666666666666665,2.5,10.666666666666666,0.5,0.8333333333333334,9.666666666666666,0.8333333333333334,1.5,12.0,12.666666666666666,0.6,0.2907801418439716,0.7142857142857143,0.09090909090909091,0.40361445783132527,0.6363636363636365,0.5714285714285714,0.4358974358974359,0.45631067961165045,0.7142857142857143,0.6274509803921569,0.1428571428571429,0.6470588235294118,0.6105263157894737,0.21739130434782616,0.40909090909090906,0.5142857142857142,0.4086021505376345
Zhang Lipeng,Southpaw,No,No,No,Zhang Lipeng,0.0,0.5833333333333334,0.25,0.0,1.4847222222222223,2.0,1.4166666666666667,3.0,3.1666666666666665,2.6666666666666665,0.5833333333333334,6.416666666666667,13.166666666666666,22.083333333333332,32.25,1.9166666666666667,7.5,2.25,3.4166666666666665,8.416666666666666,3.4166666666666665,1.3333333333333333,0.0,0.5833333333333334,0.08333333333333333,0.25,2.1569444444444446,4.083333333333333,1.3333333333333333,4.0,4.0,3.5833333333333335,1.8333333333333333,9.416666666666666,20.416666666666668,27.5,42.5,1.9166666666666667,12.25,2.8333333333333335,5.333333333333333,12.166666666666666,4.666666666666667,3.5833333333333335,1.3333333333333333,8.166666666666666,1.5,1.3333333333333333,8.166666666666666,1.0833333333333333,1.75,11.0,15.0,0.30434782608695654,0.26666666666666666,0.6296296296296297,0.17073170731707318,0.37623762376237624,0.7804878048780488,0.43750000000000006,0.4873417721518988,0.6847545219638242,0.6956521739130435,0.6666666666666667,0.5294117647058825,0.890625,0.6712328767123288,0.2321428571428572,0.4883720930232559,0.5387755102040817,0.3529411764705882
Alptekin Ozkilic,Orthodox,No,No,No,Alptekin Ozkilic,0.0,1.388888888888889,0.0,0.0,1.214351851851852,14.888888888888891,3.0,1.5555555555555554,16.13888888888889,2.361111111111111,0.9444444444444445,19.444444444444446,60.38888888888889,23.055555555555557,64.8888888888889,2.4166666666666665,51.55555555555555,7.083333333333333,1.75,53.166666666666664,4.0,3.222222222222222,0.27777777777777773,0.3611111111111111,0.1111111111111111,0.1111111111111111,0.34074074074074073,19.833333333333332,7.333333333333333,2.472222222222222,22.833333333333332,3.3611111111111107,3.4444444444444446,29.63888888888889,73.1111111111111,31.944444444444446,75.86111111111111,1.5833333333333333,58.36111111111111,12.027777777777779,2.722222222222222,61.75,5.388888888888889,5.972222222222222,1.222222222222222,38.52777777777778,4.694444444444444,0.25,38.916666666666664,2.027777777777778,2.5277777777777777,43.47222222222222,43.916666666666664,0.574712643678161,0.2887931034482759,0.4235294117647059,0.7936507936507937,0.3035527690700105,0.5902777777777778,0.2931034482758621,0.3219871205151794,0.35530821917808214,0.7719298245614035,0.6601618277010948,0.39030023094688227,0.8673469387755102,0.630229419703104,0.37628865979381454,0.4232558139534883,0.5946048632218844,0.5789088246063713
Lisa Ellis,,No,No,No,Lisa Ellis,0.0,1.0,0.25,0.25,1.2375,2.25,0.75,0.0,1.0,1.0,1.0,3.0,5.75,4.0,7.25,2.0,4.5,1.25,0.0,3.0,1.75,1.0,0.0,0.25,1.25,0.75,2.283333333333333,7.25,1.0,0.0,1.5,2.5,4.25,8.25,15.25,25.5,37.25,0.25,13.5,1.75,0.0,5.75,3.75,5.75,0.0,6.25,0.75,0.0,4.25,1.25,1.5,7.0,11.75,0.5,0.5,0.6,inf,0.3333333333333333,0.5714285714285714,1.0,0.5217391304347826,0.5517241379310345,0.0,0.4629629629629629,0.4285714285714286,-inf,0.7391304347826086,0.33333333333333337,0.26086956521739135,0.4590163934426229,0.31543624161073824
Dylan Andrews,Switch,No,No,No,Dylan Andrews,0.19999999999999998,0.4666666666666666,0.06666666666666667,0.0,0.4307407407407407,6.133333333333333,1.9333333333333333,1.4000000000000001,5.266666666666667,1.9333333333333333,2.2666666666666666,9.466666666666667,19.622222222222224,11.777777777777779,22.133333333333336,1.0666666666666667,15.0,2.422222222222222,2.1999999999999997,13.799999999999999,2.6888888888888887,3.1333333333333333,0.0,0.4444444444444444,0.39999999999999997,0.1111111111111111,1.517037037037037,7.311111111111111,1.4222222222222223,0.4444444444444444,5.155555555555556,1.488888888888889,2.533333333333333,9.177777777777777,17.82222222222222,14.244444444444445,23.133333333333336,1.2444444444444445,15.28888888888889,1.9111111111111112,0.6222222222222222,12.71111111111111,2.2444444444444445,2.8666666666666667,0.7999999999999999,7.977777777777778,0.48888888888888893,0.17777777777777778,7.555555555555556,0.7555555555555555,0.3333333333333333,8.644444444444444,8.88888888888889,0.43749999999999994,0.40888888888888886,0.798165137614679,0.21212121212121213,0.3816425120772947,0.71900826446281,0.7234042553191489,0.48244620611551525,0.5321285140562249,0.6428571428571429,0.5218023255813954,0.2558139534883721,0.2857142857142858,0.5944055944055944,0.3366336633663366,0.11627906976744196,0.48503740648379046,0.38424591738712777
Hatsu Hioki,Orthodox,No,No,No,Hatsu Hioki,0.0,0.7916666666666666,0.2222222222222222,0.08333333333333333,1.681712962962963,6.75,3.6805555555555554,0.7638888888888888,7.805555555555556,0.9861111111111112,2.402777777777778,11.194444444444445,25.916666666666668,24.51388888888889,40.5,1.4444444444444444,18.36111111111111,6.638888888888889,0.9166666666666666,21.51388888888889,1.4583333333333333,2.9444444444444446,0.09722222222222221,0.47222222222222215,0.3611111111111111,0.08333333333333333,1.180787037037037,6.194444444444444,2.777777777777778,1.9583333333333333,7.166666666666667,1.9027777777777777,1.8611111111111114,10.930555555555555,31.416666666666668,21.902777777777775,43.94444444444445,0.9027777777777778,22.777777777777775,4.666666666666667,3.972222222222222,25.416666666666668,2.902777777777778,3.0972222222222228,0.4305555555555556,16.583333333333332,1.888888888888889,2.013888888888889,18.25,1.0,1.2361111111111112,20.48611111111111,22.041666666666668,0.548076923076923,0.367624810892587,0.5543933054393305,0.8636363636363636,0.3628147191736604,0.6761904761904762,0.8160377358490567,0.43193997856377275,0.605281207133059,0.476923076923077,0.7280487804878049,0.40476190476190477,0.8811188811188811,0.7180327868852459,0.3444976076555025,0.39910313901345296,0.6520778072502211,0.5015802781289509
Vik Grujic,Orthodox,No,No,No,Vik Grujic,0.0,0.3333333333333333,0.16666666666666666,0.0,1.0611111111111111,8.666666666666666,2.3333333333333335,0.5,4.416666666666667,7.083333333333333,0.0,11.5,23.416666666666668,27.25,40.0,1.0833333333333333,20.0,2.9166666666666665,0.5,12.083333333333334,11.25,0.08333333333333333,0.0,1.4166666666666667,0.08333333333333333,0.0,2.6791666666666667,8.416666666666666,6.833333333333333,1.25,4.083333333333333,7.25,5.166666666666667,16.5,28.583333333333332,35.416666666666664,48.166666666666664,1.9166666666666667,18.166666666666668,8.5,1.9166666666666667,10.833333333333334,11.083333333333334,6.666666666666667,0.5,9.75,1.6666666666666667,0.6666666666666666,6.75,3.8333333333333335,1.5,12.083333333333334,12.75,0.3076923076923077,0.4333333333333333,0.8,0.6666666666666666,0.36551724137931035,0.6296296296296297,0.0,0.49110320284697506,0.68125,0.26086956521739124,0.536697247706422,0.1960784313725491,0.26086956521739124,0.6230769230769231,0.3458646616541353,0.22499999999999998,0.42274052478134105,0.26470588235294124
Jessica Rakoczy,Orthodox,No,No,No,Jessica Rakoczy,0.0,0.16666666666666666,0.16666666666666666,0.16666666666666666,1.5305555555555557,8.0,5.0,0.8333333333333334,9.5,3.3333333333333335,1.0,13.833333333333334,32.833333333333336,18.166666666666668,38.0,1.5,24.0,7.333333333333333,1.5,27.0,4.333333333333333,1.5,0.0,0.8333333333333334,0.3333333333333333,0.16666666666666666,0.9249999999999999,10.833333333333334,3.5,3.5,8.666666666666666,3.5,5.666666666666667,17.833333333333332,51.666666666666664,27.333333333333332,62.833333333333336,0.8333333333333334,41.5,4.833333333333333,5.333333333333333,32.333333333333336,7.333333333333333,12.0,0.0,30.666666666666668,1.3333333333333333,1.8333333333333333,23.666666666666668,3.8333333333333335,6.333333333333333,33.833333333333336,35.5,0.1111111111111111,0.3333333333333333,0.6818181818181819,0.1111111111111111,0.35185185185185186,0.7692307692307693,0.6666666666666666,0.4213197969543147,0.47807017543859653,0.0,0.7389558232931727,0.27586206896551724,0.84375,0.731958762886598,0.5227272727272727,0.5277777777777777,0.6548387096774193,0.5649867374005305
Chris Clements,Orthodox,No,No,No,Chris Clements,0.17777777777777778,0.0,0.08333333333333333,0.0,0.26537037037037037,6.711111111111111,3.8888888888888893,3.1666666666666665,9.011111111111111,3.15,1.6055555555555554,13.766666666666666,27.844444444444445,19.08888888888889,33.62222222222223,0.19444444444444442,18.622222222222224,5.377777777777777,3.8444444444444446,21.122222222222224,4.522222222222222,2.1999999999999997,0.16666666666666666,1.4222222222222223,0.19444444444444442,0.0,2.105648148148148,7.355555555555555,1.5222222222222221,0.65,5.077777777777778,1.0444444444444445,3.4055555555555554,9.527777777777777,17.655555555555555,19.7,29.122222222222224,2.1222222222222222,14.71111111111111,2.1444444444444444,0.7999999999999999,11.177777777777777,1.5999999999999999,4.877777777777777,0.7000000000000001,7.355555555555555,0.6222222222222222,0.15,6.1000000000000005,0.5555555555555555,1.4722222222222223,8.127777777777778,9.422222222222222,0.0,0.360381861575179,0.7231404958677687,0.0,0.4266175697001578,0.6965601965601965,0.7297979797979798,0.494413407821229,0.5677461996034368,0.32984293193717273,0.5,0.2901554404145078,-0.7777777777777779,0.5457256461232604,0.3472222222222221,0.30182232346241455,0.460352422907489,0.3235406333460512
David Michaud,Orthodox,No,No,No,David Michaud,0.0,0.7777777777777777,0.2222222222222222,0.0,1.2277777777777779,11.0,3.1111111111111107,0.888888888888889,9.777777777777779,2.3333333333333335,2.888888888888889,15.0,34.77777777777778,23.777777777777775,45.888888888888886,1.3333333333333333,28.666666666666668,4.333333333333333,1.777777777777778,26.88888888888889,3.777777777777778,4.111111111111111,0.1111111111111111,0.5555555555555555,0.1111111111111111,0.0,1.0925925925925926,12.111111111111112,4.111111111111111,4.333333333333333,13.0,4.0,3.555555555555556,20.555555555555554,44.77777777777777,30.88888888888889,57.11111111111111,2.444444444444444,34.11111111111111,5.333333333333333,5.333333333333333,33.55555555555556,5.777777777777778,5.444444444444444,1.8888888888888886,22.0,1.222222222222222,1.0,20.555555555555554,1.777777777777778,1.8888888888888886,24.222222222222225,26.222222222222225,0.5833333333333333,0.3837209302325581,0.717948717948718,0.4374999999999999,0.36363636363636365,0.6176470588235294,0.7027027027027027,0.43130990415335463,0.5181598062953995,0.7727272727272727,0.6449511400651464,0.22916666666666674,0.8958333333333334,0.6125827814569537,0.3076923076923077,0.3469387755102039,0.5409429280397022,0.45914396887159525
Quinton Jackson,Orthodox,Yes,No,Yes,Quinton Jackson,0.1891841491841492,0.19454545454545452,0.0,0.0,0.7606581196581197,8.626293706293705,3.32013986013986,1.1671328671328671,7.731468531468531,3.808857808857809,1.5732400932400932,13.113566433566433,29.423543123543123,21.33198135198135,37.97613053613053,0.434965034965035,24.3411655011655,3.875244755244755,1.2071328671328672,21.30107226107226,5.77072261072261,2.3517482517482518,0.015384615384615385,0.48372960372960366,0.3145454545454546,0.02,1.099066045066045,7.123123543123543,2.751421911421912,3.7982750582750584,8.626526806526806,3.0564568764568767,1.9898368298368296,13.672820512820513,35.61286713286713,18.7606993006993,41.88181818181818,1.6008857808857808,26.82130536130536,4.056829836829837,4.7347319347319345,27.994685314685313,4.445967365967366,3.172214452214452,1.117156177156177,19.698181818181816,1.3054079254079254,0.9364568764568764,19.36815850815851,1.3895104895104895,1.1823776223776226,21.940046620046623,23.121118881118882,0.4472668810289388,0.35439115295776047,0.856756171502815,0.16116324875448962,0.36296147145596047,0.6600313454298686,0.6689662008127664,0.44568277785259885,0.5617207717275482,0.6978362794490229,0.7344229355294559,0.32178030085383647,0.8978337928318235,0.691851267140283,0.31253276849191536,0.37272941038151786,0.6160707740320672,0.5520562354944816
Jimy Hettes,Southpaw,No,No,No,Jimy Hettes,0.0,1.5,0.4222222222222222,0.1111111111111111,1.7568518518518517,13.28888888888889,2.1555555555555554,0.5666666666666668,8.688888888888888,2.6666666666666665,4.655555555555556,16.01111111111111,28.5,32.56666666666667,47.75555555555556,3.4333333333333336,25.222222222222225,2.588888888888889,0.6888888888888888,18.377777777777776,4.0,6.122222222222223,0.3444444444444444,0.4666666666666666,0.05555555555555555,0.18888888888888888,0.9585185185185184,9.022222222222224,5.155555555555556,2.422222222222222,11.966666666666667,2.611111111111111,2.022222222222222,16.599999999999998,39.56666666666667,22.722222222222225,47.27777777777777,1.2444444444444445,27.733333333333334,9.233333333333333,2.6,30.522222222222222,4.533333333333333,4.511111111111111,0.7777777777777777,18.711111111111112,4.0777777777777775,0.17777777777777778,18.555555555555557,1.9222222222222223,2.488888888888889,22.96666666666667,24.555555555555554,0.4368932038834951,0.5268722466960352,0.8326180257510729,2.17741935483871,0.4727932285368803,0.6666666666666666,0.7604355716878403,0.5617933723196881,0.681945090739879,0.625,0.6746794871794871,0.44163658243080617,0.8205128205128205,0.6079359301055698,0.4240196078431372,0.5517241379310345,0.5804549283909015,0.5193889541715627
Mirko Filipovic,Southpaw,No,No,No,Mirko Filipovic,0.10822510822510822,0.06060606060606061,0.11958874458874458,0.0,0.5786345598845598,6.51948051948052,1.9215367965367964,0.7002164502164502,4.837121212121212,2.63474025974026,1.6693722943722944,9.141233766233766,20.335497835497836,17.706709956709958,29.533008658008658,0.2278138528138528,16.857683982683984,2.555735930735931,0.9220779220779222,13.980519480519481,3.873917748917749,2.481060606060606,0.18614718614718614,0.38311688311688313,0.030303030303030304,0.030303030303030304,1.2790223665223666,5.824675324675325,3.8181818181818183,2.480519480519481,6.033549783549784,3.595238095238095,2.4945887445887447,12.123376623376624,28.14935064935065,19.929112554112553,36.4745670995671,1.42478354978355,19.906926406926406,5.12012987012987,3.122294372294372,19.827380952380953,4.599567099567099,3.7224025974025974,1.0416666666666667,14.082251082251082,1.301948051948052,0.6417748917748918,13.793831168831169,1.0043290043290043,1.227813852813853,16.025974025974026,16.545454545454547,0.2660332541567696,0.38673642987834234,0.7518526360364175,0.06572769953051642,0.3459900913454095,0.6801229221958374,0.6728462377317339,0.44952102182011705,0.5995565897722485,0.7311052031902773,0.7074045884527563,0.2542802790107799,0.8772963604852686,0.6956960781638055,0.21835294117647053,0.32984445413577557,0.5693194925028835,0.4536162005785922
Izabela Badurek,Orthodox,No,No,No,Izabela Badurek,0.0,0.5,0.0,0.0,1.5750000000000002,2.0,4.5,9.5,3.0,13.0,0.0,16.0,22.5,21.0,27.5,4.0,8.5,4.5,9.5,9.0,13.5,0.0,0.0,0.0,0.5,0.0,0.9083333333333334,17.0,2.0,2.0,14.5,6.5,0.0,21.0,31.0,26.5,37.0,0.5,26.0,3.0,2.0,24.0,7.0,0.0,0.5,9.0,1.0,0.0,9.5,0.5,0.0,10.0,10.5,0.125,0.23529411764705882,1.0,0.05263157894736842,0.3333333333333333,0.9629629629629629,,0.7111111111111111,0.7636363636363637,1.0,0.34615384615384615,0.33333333333333337,1.0,0.39583333333333337,0.0714285714285714,,0.32258064516129037,0.28378378378378377
Marcin Bandel,Orthodox,No,No,No,Marcin Bandel,0.0,0.0,0.0,0.0,0.44999999999999996,1.0,0.25,0.25,1.5,0.0,0.0,1.5,3.0,2.0,3.5,1.5,2.25,0.5,0.25,2.5,0.25,0.25,0.25,0.0,0.75,0.0,1.1,15.25,0.5,1.0,3.25,0.25,13.25,16.75,21.0,20.25,24.75,0.0,18.75,0.5,1.75,4.75,0.25,16.0,0.0,3.5,0.0,0.75,1.5,0.0,2.75,4.25,4.5,0.0,0.4444444444444444,0.5,0.0,0.6,0.0,0.0,0.5,0.5714285714285714,,0.18666666666666665,0.0,1.0,0.3157894736842105,0.0,0.171875,0.20238095238095233,0.18181818181818177
Seth Baczynski,Orthodox,No,No,No,Seth Baczynski,0.07792207792207792,0.27186147186147186,0.22251082251082252,0.0,0.953939393939394,9.10995670995671,3.0025974025974023,1.4216450216450216,9.162770562770563,2.657142857142857,1.7142857142857142,13.534199134199135,42.311688311688314,20.346320346320347,51.21471861471861,1.774891774891775,35.31774891774892,5.124675324675325,1.8692640692640692,34.81558441558442,4.335930735930735,3.1601731601731604,0.0909090909090909,0.7722943722943723,0.0,0.07792207792207792,1.5679797979797978,6.458874458874459,3.548917748917749,3.625108225108225,9.13852813852814,2.7645021645021646,1.7298701298701298,13.632900432900433,28.282251082251083,25.74112554112554,41.862337662337666,1.5679653679653682,19.89177489177489,4.0372294372294375,4.353246753246753,21.505627705627706,4.088311688311689,2.6883116883116878,0.7956709956709956,13.432900432900432,0.4883116883116883,0.7281385281385281,12.367099567099567,1.3238095238095238,0.9584415584415584,14.64935064935065,16.12121212121212,0.15317073170731707,0.25794273386938615,0.58590978205778,0.14543770264011116,0.2631801452302795,0.6128194888178914,0.5424657534246574,0.31986904031102925,0.3972748634895948,0.5074544450579791,0.6752992383025027,0.12095217671027236,0.822593476531424,0.5750634083497725,0.32380347310461666,0.3565217391304347,0.5179697544847854,0.3851006183946558
Rocky Lee,Orthodox,No,No,No,Rocky Lee,0.0,0.3333333333333333,0.0,0.0,1.25,3.3333333333333335,4.333333333333333,4.666666666666667,8.666666666666666,3.3333333333333335,0.3333333333333333,12.333333333333334,24.0,16.333333333333332,28.0,3.3333333333333335,14.333333333333334,4.666666666666667,5.0,20.0,3.6666666666666665,0.3333333333333333,0.0,0.6666666666666666,0.3333333333333333,0.3333333333333333,0.6722222222222222,15.0,8.666666666666666,3.0,15.666666666666666,9.0,2.0,26.666666666666668,47.666666666666664,28.666666666666668,49.666666666666664,1.0,34.666666666666664,9.666666666666666,3.3333333333333335,36.666666666666664,9.0,2.0,0.3333333333333333,19.666666666666668,1.0,0.3333333333333333,21.0,0.0,0.0,21.0,21.0,0.09999999999999999,0.23255813953488372,0.9285714285714285,0.06666666666666667,0.4333333333333333,0.9090909090909092,1.0,0.513888888888889,0.5833333333333333,0.33333333333333337,0.5673076923076923,0.10344827586206895,0.8,0.5727272727272728,0.0,0.0,0.4405594405594405,0.42281879194630867
Robert Peralta,Orthodox,No,No,No,Robert Peralta,0.20833333333333334,0.18055555555555555,0.0,0.05555555555555555,0.4412037037037037,6.263888888888888,3.5833333333333335,5.486111111111111,9.972222222222221,4.013888888888889,1.3472222222222223,15.333333333333334,34.416666666666664,23.152777777777775,42.861111111111114,0.27777777777777773,23.597222222222218,4.861111111111111,5.958333333333333,27.36111111111111,5.4305555555555545,1.625,0.0,0.8055555555555557,0.15277777777777776,0.041666666666666664,1.7122685185185187,4.347222222222222,3.4444444444444446,5.013888888888888,7.402777777777779,3.4861111111111107,1.9166666666666667,12.805555555555557,27.0,18.055555555555554,32.72222222222222,2.3194444444444446,16.333333333333332,4.583333333333333,6.083333333333333,19.916666666666668,4.347222222222222,2.736111111111111,1.513888888888889,11.986111111111112,1.1388888888888888,1.0694444444444444,12.513888888888891,0.861111111111111,0.8194444444444445,14.194444444444443,14.666666666666666,0.6500000000000001,0.2654502648616834,0.7371428571428572,0.030303030303030304,0.3644670050761421,0.7391304347826089,0.8290598290598291,0.4455205811138015,0.5401814646791963,0.652694610778443,0.7338435374149659,0.24848484848484842,0.867579908675799,0.6283124128312413,0.1980830670926519,0.29949238578680204,0.5257201646090535,0.44821731748726656
Justin Jones,Orthodox,No,No,No,Justin Jones,0.0,0.3333333333333333,0.16666666666666666,0.0,1.5638888888888889,4.0,2.0,2.5,4.166666666666667,3.6666666666666665,0.6666666666666666,8.5,23.5,20.0,36.333333333333336,2.1666666666666665,17.666666666666668,2.6666666666666665,3.1666666666666665,15.166666666666666,7.5,0.8333333333333334,0.0,1.1666666666666667,0.0,0.0,1.5999999999999999,10.333333333333334,5.0,0.5,8.333333333333334,7.0,0.5,15.833333333333334,28.833333333333332,30.333333333333332,45.333333333333336,2.1666666666666665,22.0,6.166666666666667,0.6666666666666666,18.0,10.166666666666666,0.6666666666666666,1.0,11.666666666666666,1.1666666666666667,0.16666666666666666,9.666666666666666,3.1666666666666665,0.16666666666666666,13.0,15.0,0.15384615384615385,0.22641509433962262,0.75,0.10526315789473684,0.27472527472527475,0.4888888888888889,0.7999999999999999,0.3617021276595745,0.5504587155963302,0.46153846153846145,0.5303030303030303,0.18918918918918926,-0.7500000000000002,0.537037037037037,0.3114754098360656,0.25,0.4508670520231214,0.3308823529411765
Shayna Baszler,Orthodox,No,No,No,Shayna Baszler,0.0,0.25,0.25,0.0,0.4833333333333332,3.5,0.0,0.0,1.75,1.75,0.0,3.5,15.25,6.25,18.0,1.75,15.0,0.0,0.25,10.25,5.0,0.0,0.25,0.0,0.0,0.0,0.7125,26.25,8.5,1.75,23.75,12.0,0.75,36.5,53.75,45.5,63.0,0.0,40.25,11.75,1.75,35.25,17.5,1.0,0.0,14.0,3.25,0.0,11.5,5.5,0.25,17.25,17.5,0.14285714285714285,0.23333333333333334,,1.0,0.17073170731707318,0.35,,0.22950819672131148,0.3472222222222222,,0.34782608695652173,0.276595744680851,1.0,0.3262411347517731,0.3142857142857143,0.25,0.32093023255813957,0.2777777777777778
Bentley Syler,Orthodox,No,No,No,Bentley Syler,0.0,0.0,0.0,0.0,0.0,2.6666666666666665,0.3333333333333333,2.0,4.666666666666667,0.3333333333333333,0.0,5.0,26.333333333333332,8.333333333333334,30.0,0.0,21.333333333333332,1.3333333333333333,3.6666666666666665,26.0,0.3333333333333333,0.0,0.3333333333333333,0.6666666666666666,0.0,0.0,0.2333333333333333,5.333333333333333,1.0,0.3333333333333333,6.333333333333333,0.3333333333333333,0.0,6.666666666666667,32.666666666666664,6.666666666666667,32.666666666666664,2.6666666666666665,29.0,3.0,0.6666666666666666,31.0,1.6666666666666667,0.0,2.0,23.666666666666668,2.0,0.3333333333333333,24.666666666666668,1.3333333333333333,0.0,26.0,26.0,,0.125,0.25,0.0,0.1794871794871795,1.0,,0.189873417721519,0.2777777777777778,0.75,0.8160919540229885,0.6666666666666667,0.0,0.7956989247311828,0.8,,0.7959183673469388,0.7959183673469388
Josh Koscheck,Orthodox,No,No,Yes,Josh Koscheck,0.032,0.48077922077922075,0.07246753246753247,0.008,1.1386969696969698,3.987116883116883,1.0268051948051948,0.29511688311688317,2.6092987012987012,0.527064935064935,2.1726753246753248,5.309038961038961,22.019844155844158,12.520311688311688,29.586701298701296,1.1916363636363636,20.143376623376625,1.5333506493506492,0.3431168831168831,18.364155844155846,0.8241558441558441,2.8315324675324676,0.06836363636363636,0.6787532467532468,0.3467012987012987,0.022285714285714287,0.7972199134199135,8.521142857142857,1.277090909090909,4.773142857142857,12.05257142857143,2.0748571428571427,0.443948051948052,14.571376623376626,36.83142857142857,19.66436363636364,42.58301298701299,1.053974025974026,27.503999999999998,2.675220779220779,6.6522077922077925,33.61994805194805,2.570025974025974,0.6414545454545454,0.37522077922077923,18.982857142857142,1.3981298701298701,1.8790649350649349,21.567376623376624,0.49516883116883115,0.1975064935064935,22.26005194805195,22.918649350649353,0.4034613540258947,0.19793686816587577,0.6696479994579395,1.4012112036336108,0.14208650391785238,0.6395209580838324,0.7673142899077183,0.24110247663264772,0.42317362662059477,0.35600571738380404,0.6901853236931771,0.522622237756806,0.8979657178556089,0.6415053524190957,0.1926707497018576,0.3079041140265629,0.6043765558776031,0.5382110786204608
Jorge de Oliveira,Orthodox,No,No,No,Jorge de Oliveira,0.0,0.0,0.0,0.0,0.0,3.0,1.6666666666666667,1.5,4.666666666666667,1.5,0.0,6.166666666666667,19.5,17.5,33.333333333333336,0.0,14.333333333333334,2.6666666666666665,2.5,17.666666666666668,1.8333333333333333,0.0,0.0,2.0,1.3333333333333333,0.0,3.2055555555555557,21.833333333333332,1.3333333333333333,0.16666666666666666,5.0,0.16666666666666666,18.166666666666668,23.333333333333332,47.0,40.5,68.16666666666667,2.6666666666666665,44.833333333333336,1.6666666666666667,0.5,13.166666666666666,0.16666666666666666,33.666666666666664,0.6666666666666666,23.0,0.3333333333333333,0.3333333333333333,8.166666666666666,0.0,15.5,23.666666666666668,27.666666666666668,,0.20930232558139533,0.6250000000000001,0.0,0.2641509433962264,0.8181818181818182,,0.3162393162393163,0.5249999999999999,0.25,0.513011152416357,0.20000000000000007,-3.0,0.620253164556962,0.0,0.46039603960396036,0.5035460992907801,0.4058679706601468
Cain Carrizosa,Orthodox,No,No,No,Cain Carrizosa,0.16666666666666666,0.0,0.0,0.0,0.27499999999999997,7.833333333333333,1.6666666666666667,0.16666666666666666,9.166666666666666,0.5,0.0,9.666666666666666,22.333333333333332,12.333333333333334,25.333333333333332,1.3333333333333333,18.666666666666668,3.3333333333333335,0.3333333333333333,21.0,1.1666666666666667,0.16666666666666666,0.0,1.6666666666666667,0.16666666666666666,0.0,2.375,16.666666666666668,3.0,4.166666666666667,16.166666666666668,2.0,5.666666666666667,23.833333333333332,45.666666666666664,43.5,66.66666666666667,2.0,36.333333333333336,4.5,4.833333333333333,34.666666666666664,3.0,8.0,0.3333333333333333,19.666666666666668,1.5,0.6666666666666666,18.5,1.0,2.3333333333333335,21.833333333333332,23.166666666666668,0.0,0.4196428571428571,0.5,0.0,0.43650793650793646,0.42857142857142855,0.0,0.43283582089552236,0.48684210526315796,0.16666666666666663,0.5412844036697247,0.33333333333333337,0.6551724137931034,0.533653846153846,0.33333333333333337,0.29166666666666663,0.4781021897810219,0.34750000000000003
Roger Narvaez,Southpaw,No,No,No,Roger Narvaez,0.3333333333333333,0.0,0.6666666666666666,0.0,1.2277777777777779,8.0,2.0,1.2222222222222223,7.666666666666667,0.5555555555555555,3.0,11.222222222222221,26.777777777777782,16.11111111111111,32.666666666666664,0.2222222222222222,22.111111111111114,2.7777777777777772,1.888888888888889,20.88888888888889,0.5555555555555555,5.333333333333333,0.0,0.5555555555555555,0.1111111111111111,0.0,0.7000000000000001,8.0,2.5555555555555554,2.0,7.0,0.8888888888888888,4.666666666666667,12.555555555555557,36.22222222222222,18.555555555555554,43.0,1.111111111111111,27.555555555555557,5.444444444444444,3.222222222222222,28.222222222222225,1.3333333333333333,6.666666666666667,0.5555555555555555,19.555555555555557,2.888888888888889,1.222222222222222,21.222222222222225,0.4444444444444444,2.0,23.666666666666668,24.444444444444446,0.0,0.3618090452261306,0.7200000000000002,0.0,0.3670212765957447,1.0,0.5625,0.4190871369294605,0.4931972789115647,0.5,0.7096774193548387,0.5306122448979591,0.8275862068965517,0.7519685039370079,0.33333333333333337,0.29999999999999993,0.6533742331288344,0.5684754521963824
Jake Lindsey,Switch,No,No,No,Jake Lindsey,0.0,0.1111111111111111,0.0,0.0,0.41203703703703703,3.0,4.555555555555556,3.555555555555556,7.222222222222222,3.7222222222222228,0.16666666666666666,11.111111111111112,20.555555555555557,28.0,37.666666666666664,0.38888888888888884,10.0,6.055555555555556,4.5,15.444444444444443,4.722222222222222,0.38888888888888884,0.1111111111111111,0.8888888888888888,0.16666666666666666,0.0,1.812037037037037,9.277777777777779,4.055555555555556,0.7777777777777777,8.111111111111112,1.6666666666666667,4.333333333333333,14.111111111111109,24.722222222222218,24.61111111111111,35.77777777777778,1.5,19.38888888888889,4.444444444444444,0.888888888888889,17.11111111111111,2.0,5.611111111111111,0.611111111111111,10.111111111111112,0.38888888888888884,0.1111111111111111,9.0,0.3333333333333333,1.277777777777778,10.61111111111111,11.166666666666666,0.28571428571428575,0.3,0.7522935779816514,0.024691358024691357,0.4676258992805756,0.7882352941176471,0.4285714285714286,0.5405405405405406,0.7433628318584071,0.40740740740740744,0.5214899713467048,0.08749999999999969,1.1102230246251565e-16,0.5259740259740259,0.16666666666666663,0.2277227722772277,0.42921348314606744,0.31211180124223603
Josh Copeland,Orthodox,No,No,No,Josh Copeland,0.0,0.0,0.0,0.0,0.027777777777777766,3.3333333333333335,1.3333333333333333,0.16666666666666666,3.1666666666666665,1.6666666666666667,0.0,4.833333333333333,15.333333333333334,6.5,17.0,0.0,13.166666666666666,2.0,0.16666666666666666,12.333333333333334,3.0,0.0,0.16666666666666666,0.5,0.0,0.0,1.1277777777777778,8.166666666666666,3.8333333333333335,2.1666666666666665,10.0,2.5,1.6666666666666667,14.166666666666666,31.666666666666668,19.333333333333332,37.666666666666664,1.1666666666666667,24.333333333333332,4.833333333333333,2.5,26.0,2.8333333333333335,2.8333333333333335,0.6666666666666666,16.166666666666668,1.0,0.3333333333333333,16.0,0.3333333333333333,1.1666666666666667,17.5,18.333333333333332,,0.25316455696202533,0.6666666666666666,0.0,0.25675675675675674,0.5555555555555556,,0.3152173913043478,0.38235294117647056,0.5714285714285714,0.6643835616438356,0.2068965517241379,0.8,0.6153846153846154,0.11764705882352944,0.4117647058823529,0.5526315789473685,0.48672566371681414
Larissa Pacheco,Orthodox,No,No,No,Larissa Pacheco,0.0,0.0,0.0,0.0,0.07916666666666665,2.25,0.75,1.0,3.25,0.25,0.5,4.0,22.5,6.5,25.25,0.25,17.5,2.25,2.75,21.25,0.25,1.0,0.0,0.25,0.5,0.0,1.1083333333333332,13.0,1.25,1.0,10.5,0.25,4.5,15.25,33.75,22.0,41.25,0.25,30.25,1.75,1.75,28.5,0.25,5.0,0.0,17.25,0.5,0.75,18.0,0.0,0.5,18.5,19.25,0.0,0.12857142857142856,0.3333333333333333,0.0,0.15294117647058825,1.0,0.5,0.17777777777777778,0.25742574257425743,0.0,0.5702479338842975,0.2857142857142857,0.8571428571428572,0.631578947368421,0.0,0.09999999999999998,0.5481481481481482,0.4666666666666667
Ruan Potts,Orthodox,No,No,No,Ruan Potts,0.0,0.16666666666666666,0.5,0.16666666666666666,0.29722222222222217,1.5833333333333333,0.5833333333333333,0.9166666666666666,2.416666666666667,0.3333333333333333,0.3333333333333333,3.0833333333333335,8.166666666666668,11.25,17.416666666666664,1.0833333333333335,5.416666666666667,1.1666666666666665,1.5833333333333333,7.083333333333333,0.3333333333333333,0.75,0.0,1.1666666666666665,0.0,0.16666666666666666,2.4722222222222223,11.833333333333334,13.916666666666666,1.1666666666666665,1.25,2.0,23.666666666666668,26.916666666666668,34.083333333333336,35.333333333333336,43.166666666666664,1.75,18.75,13.916666666666666,1.4166666666666665,2.5,2.0,29.583333333333332,0.5833333333333333,6.916666666666666,0.0,0.25,1.25,0.0,5.916666666666666,7.166666666666666,7.833333333333334,0.15384615384615383,0.29230769230769227,0.5,0.10526315789473684,0.34117647058823536,1.0,0.4444444444444444,0.37755102040816324,0.645933014354067,0.33333333333333337,0.3688888888888888,0.0,0.17647058823529416,0.5,0.0,0.19999999999999996,0.2102689486552567,0.18146718146718133
Alex Torres,Orthodox,No,No,No,Alex Torres,0.0,0.6666666666666666,0.0,0.0,1.0833333333333333,7.333333333333333,2.6666666666666665,2.3333333333333335,8.666666666666666,3.6666666666666665,0.0,12.333333333333334,33.0,13.333333333333334,34.0,3.0,24.333333333333332,4.0,4.666666666666667,24.666666666666668,8.333333333333334,0.0,0.0,0.3333333333333333,0.0,0.0,0.5444444444444444,10.666666666666666,3.0,0.0,8.0,5.0,0.6666666666666666,13.666666666666666,44.666666666666664,20.333333333333332,52.666666666666664,0.6666666666666666,40.333333333333336,4.0,0.3333333333333333,32.0,11.333333333333334,1.3333333333333333,0.3333333333333333,29.666666666666668,1.0,0.3333333333333333,24.0,6.333333333333333,0.6666666666666666,31.0,32.333333333333336,0.2222222222222222,0.3013698630136986,0.6666666666666666,0.14285714285714285,0.3513513513513513,0.43999999999999995,,0.37373737373737376,0.39215686274509803,0.5,0.7355371900826446,0.25,0.0,0.75,0.5588235294117647,0.5,0.6940298507462687,0.6139240506329113
Norifumi Yamamoto,Southpaw,No,No,No,Norifumi Yamamoto,0.0,0.16666666666666666,0.0,0.08333333333333333,0.6388888888888888,4.888888888888888,1.25,0.9166666666666666,5.861111111111111,0.9722222222222222,0.2222222222222222,7.055555555555556,19.527777777777775,8.694444444444445,21.166666666666668,0.8888888888888888,16.52777777777778,2.0833333333333335,0.9166666666666666,17.22222222222222,1.861111111111111,0.4444444444444444,0.08333333333333333,1.5555555555555556,0.25,0.08333333333333333,1.1236111111111111,4.833333333333333,2.527777777777778,1.5833333333333333,5.5,2.361111111111111,1.0833333333333333,8.944444444444445,21.5,22.61111111111111,36.80555555555555,2.4166666666666665,16.055555555555554,3.388888888888889,2.0555555555555554,17.194444444444446,3.2222222222222228,1.0833333333333333,0.861111111111111,11.222222222222221,0.861111111111111,0.47222222222222215,11.694444444444445,0.861111111111111,0.0,12.555555555555555,14.194444444444445,0.1875,0.29579831932773104,0.6,0.18181818181818182,0.3403225806451613,0.5223880597014926,0.5,0.36130867709815084,0.410761154855643,0.35632183908045967,0.698961937716263,0.25409836065573754,0.2432432432432432,0.6801292407108239,0.267241379310345,0.0,0.5839793281653747,0.38566037735849046
Josh Shockley,Orthodox,No,No,No,Josh Shockley,0.0,0.0,0.16666666666666666,0.0,0.45555555555555555,5.666666666666667,1.5,0.16666666666666666,4.833333333333333,1.8333333333333333,0.6666666666666666,7.333333333333333,23.333333333333332,12.0,29.166666666666668,0.5,18.5,4.333333333333333,0.5,16.333333333333332,5.5,1.5,0.0,1.0,0.16666666666666666,0.0,2.088888888888889,4.833333333333333,3.1666666666666665,1.6666666666666667,6.166666666666667,2.0,1.5,9.666666666666666,23.5,16.5,31.0,3.3333333333333335,15.5,5.833333333333333,2.1666666666666665,18.0,2.3333333333333335,3.1666666666666665,2.3333333333333335,10.666666666666666,2.6666666666666665,0.5,11.833333333333334,0.3333333333333333,1.6666666666666667,13.833333333333334,14.5,0.0,0.30630630630630634,0.3461538461538462,0.0,0.29591836734693877,0.3333333333333333,0.4444444444444444,0.3142857142857143,0.4114285714285714,0.7,0.6881720430107527,0.4571428571428572,0.5384615384615384,0.6574074074074074,0.1428571428571429,0.5263157894736842,0.5886524822695036,0.467741935483871
William Macario,Orthodox,No,No,No,William Macario,0.0,0.5555555555555555,0.0,0.0,0.5532407407407408,14.694444444444443,3.6666666666666665,4.555555555555556,16.694444444444446,4.888888888888889,1.3333333333333333,22.916666666666668,41.55555555555555,24.055555555555557,42.69444444444445,1.1666666666666667,31.388888888888886,5.194444444444444,4.972222222222222,32.888888888888886,5.916666666666667,2.75,0.08333333333333333,0.38888888888888884,0.1111111111111111,0.0,0.5347222222222222,15.75,1.9166666666666667,2.0,11.888888888888888,2.2222222222222223,5.555555555555556,19.666666666666668,56.333333333333336,29.13888888888889,66.8888888888889,1.5833333333333333,50.22222222222222,3.111111111111111,3.0,43.47222222222222,4.388888888888888,8.472222222222223,1.1944444444444444,34.47222222222222,1.1944444444444444,1.0,31.583333333333332,2.1666666666666665,2.9166666666666665,36.666666666666664,37.75,0.4761904761904761,0.46814159292035395,0.7058823529411765,0.11173184357541897,0.5076013513513514,0.8262910798122066,0.4848484848484848,0.5514705882352943,0.5634352635003252,0.7543859649122807,0.6863938053097345,0.3839285714285714,0.8703703703703703,0.7265175718849841,0.49367088607594933,0.34426229508196726,0.650887573964497,0.5643687707641196
Patrick Walsh,,No,No,No,Patrick Walsh,0.0,1.0,0.5,0.0,1.8499999999999999,10.0,0.0,0.16666666666666666,9.0,0.16666666666666666,1.0,10.166666666666666,53.333333333333336,27.0,70.83333333333333,1.8333333333333333,53.166666666666664,0.0,0.16666666666666666,51.333333333333336,0.16666666666666666,1.8333333333333333,0.0,0.0,0.3333333333333333,0.0,0.17777777777777778,13.166666666666666,0.3333333333333333,0.6666666666666666,13.0,1.0,0.16666666666666666,14.166666666666666,40.166666666666664,18.833333333333332,45.0,0.16666666666666666,38.833333333333336,0.5,0.8333333333333334,38.333333333333336,1.6666666666666667,0.16666666666666666,0.16666666666666666,25.666666666666668,0.16666666666666666,0.16666666666666666,25.333333333333332,0.6666666666666666,0.0,26.0,26.166666666666668,0.5454545454545455,0.18808777429467086,,6.0,0.17532467532467533,1.0,0.5454545454545455,0.190625,0.38117647058823534,1.0,0.6609442060085837,0.33333333333333337,1.0,0.6608695652173913,0.4,0.0,0.6473029045643153,0.5814814814814815
Rodrigo de Lima,Orthodox,No,No,No,Rodrigo de Lima,0.0,0.8333333333333334,0.3333333333333333,0.16666666666666666,1.2861111111111112,2.8333333333333335,1.3333333333333333,1.5,4.166666666666667,0.3333333333333333,1.1666666666666667,5.666666666666667,17.0,11.833333333333334,24.0,2.0,13.666666666666666,1.5,1.8333333333333333,15.166666666666666,0.3333333333333333,1.5,0.3333333333333333,0.8333333333333334,0.0,0.0,1.7249999999999999,22.0,2.8333333333333335,1.0,14.5,3.5,7.833333333333333,25.833333333333332,37.166666666666664,52.833333333333336,69.16666666666667,0.8333333333333334,33.166666666666664,3.0,1.0,24.666666666666668,3.5,9.0,0.0,11.166666666666666,0.16666666666666666,0.0,10.166666666666666,0.0,1.1666666666666667,11.333333333333334,16.333333333333332,0.4166666666666667,0.20731707317073172,0.8888888888888888,0.4545454545454546,0.27472527472527475,1.0,0.7777777777777778,0.33333333333333337,0.4930555555555556,0.0,0.33668341708542704,0.05555555555555547,0.16666666666666663,0.41216216216216217,0.0,0.12962962962962965,0.30493273542600896,0.23614457831325308
Ian McCall,Orthodox,No,No,No,Ian McCall,0.0,0.6111111111111112,0.0,0.0,0.8648148148148148,8.055555555555555,6.111111111111111,5.055555555555555,13.166666666666666,4.222222222222222,1.8333333333333333,19.22222222222222,45.888888888888886,32.0,59.72222222222223,2.3333333333333335,29.5,9.0,7.388888888888889,36.388888888888886,6.5555555555555545,2.944444444444444,0.05555555555555555,0.16666666666666666,0.16666666666666666,0.1111111111111111,0.3435185185185185,9.222222222222221,5.111111111111111,3.7222222222222228,13.777777777777779,4.166666666666667,0.1111111111111111,18.055555555555557,48.44444444444445,21.833333333333332,52.55555555555555,1.6666666666666667,35.44444444444445,7.722222222222221,5.277777777777778,41.833333333333336,6.277777777777778,0.3333333333333333,1.5,26.222222222222218,2.611111111111111,1.5555555555555554,28.055555555555554,2.111111111111111,0.2222222222222222,30.38888888888889,30.722222222222225,0.2619047619047619,0.2730696798493409,0.6790123456790123,0.08270676691729323,0.3618320610687023,0.6440677966101697,0.6226415094339622,0.4188861985472155,0.535813953488372,0.9,0.7398119122257054,0.3381294964028777,0.968421052631579,0.6706507304116867,0.33628318584070793,0.6666666666666667,0.6272935779816513,0.5845665961945031
Richardson Moreira,Orthodox,No,No,No,Richardson Moreira,0.0,0.0,0.0,0.16666666666666666,0.5583333333333332,3.6666666666666665,0.5,0.3333333333333333,3.1666666666666665,1.3333333333333333,0.0,4.5,17.0,7.333333333333333,20.0,1.6666666666666667,15.166666666666666,1.5,0.3333333333333333,14.333333333333334,1.6666666666666667,1.0,0.16666666666666666,0.0,0.0,0.0,0.2027777777777778,4.333333333333333,2.3333333333333335,1.3333333333333333,6.5,1.1666666666666667,0.3333333333333333,8.0,25.0,10.166666666666666,27.333333333333332,0.16666666666666666,19.666666666666668,4.0,1.3333333333333333,22.5,1.8333333333333333,0.6666666666666666,0.16666666666666666,15.333333333333334,1.6666666666666667,0.0,16.0,0.6666666666666666,0.3333333333333333,17.0,17.166666666666668,0.0,0.24175824175824176,0.3333333333333333,0.0,0.2209302325581395,0.7999999999999999,0.0,0.2647058823529412,0.36666666666666664,1.0,0.7796610169491526,0.41666666666666663,1.0,0.7111111111111111,0.36363636363636354,0.5,0.6799999999999999,0.6280487804878049
Andy Enz,Orthodox,No,No,No,Andy Enz,0.0,0.0,0.0,0.0,0.0,11.333333333333334,3.1666666666666665,2.277777777777778,16.555555555555554,0.2222222222222222,0.0,16.77777777777778,72.5,18.166666666666668,74.05555555555556,0.1111111111111111,64.94444444444444,4.5,3.0555555555555554,71.94444444444444,0.38888888888888884,0.16666666666666666,0.2222222222222222,0.7777777777777777,0.0,0.0,0.611111111111111,13.055555555555555,4.055555555555556,7.666666666666667,21.27777777777778,2.1666666666666665,1.3333333333333333,24.777777777777775,59.333333333333336,26.055555555555557,60.77777777777778,1.7777777777777777,44.72222222222222,6.0,8.61111111111111,54.333333333333336,3.111111111111111,1.888888888888889,1.0,31.666666666666668,1.9444444444444444,0.9444444444444443,33.05555555555556,0.9444444444444443,0.5555555555555556,34.55555555555556,34.72222222222222,0.0,0.174508126603935,0.7037037037037037,0.0,0.2301158301158301,0.5714285714285715,0.0,0.2314176245210728,0.245311327831958,0.5625,0.7080745341614907,0.32407407407407396,0.9096774193548387,0.6083844580777096,0.3035714285714286,0.2941176470588236,0.5823970037453184,0.5712979890310785
Akira Corassani,Orthodox,No,No,No,Akira Corassani,0.0,0.3333333333333333,0.0,0.0,0.6731481481481482,7.0,2.5555555555555554,2.6666666666666665,10.333333333333334,1.8888888888888886,0.0,12.222222222222221,25.38888888888889,13.944444444444445,27.222222222222218,0.8888888888888888,18.777777777777775,3.3333333333333335,3.277777777777778,22.777777777777782,2.611111111111111,0.0,0.27777777777777773,0.16666666666666666,0.05555555555555555,0.0,1.135185185185185,12.388888888888888,4.0,3.1111111111111107,10.166666666666666,5.277777777777778,4.055555555555555,19.5,36.27777777777778,30.888888888888886,48.166666666666664,1.5555555555555556,27.5,5.388888888888889,3.388888888888889,25.38888888888889,6.5555555555555545,4.333333333333333,1.3888888888888886,15.111111111111112,1.3888888888888886,0.27777777777777773,15.222222222222221,1.2777777777777777,0.27777777777777773,16.777777777777775,17.277777777777775,0.375,0.37278106508875747,0.7666666666666666,0.10169491525423727,0.4536585365853658,0.7234042553191489,,0.48140043763676144,0.5122448979591837,0.8928571428571429,0.5494949494949495,0.2577319587628867,0.9508196721311475,0.5995623632385121,0.19491525423728806,0.0641025641025641,0.46248085758039814,0.35870818915801617
Andy Ogle,Orthodox,No,No,No,Andy Ogle,0.05555555555555555,0.4444444444444444,0.0,0.05555555555555555,2.3698148148148146,6.355555555555555,2.755555555555555,1.377777777777778,7.388888888888888,0.5111111111111111,2.588888888888889,10.488888888888889,23.08888888888889,28.166666666666668,41.666666666666664,1.6444444444444446,17.433333333333334,4.211111111111111,1.4444444444444446,18.944444444444446,0.7666666666666666,3.3777777777777778,0.1111111111111111,0.3,0.32222222222222224,0.24444444444444446,0.7957407407407407,6.722222222222222,2.3222222222222224,1.0777777777777777,7.966666666666666,1.3444444444444443,0.811111111111111,10.122222222222222,20.433333333333334,18.98888888888889,30.066666666666666,0.7666666666666666,16.38888888888889,2.766666666666667,1.277777777777778,17.77777777777778,1.7333333333333334,0.9222222222222222,0.4666666666666666,9.666666666666666,0.4444444444444444,0.20000000000000004,9.811111111111112,0.3888888888888889,0.1111111111111111,10.311111111111112,11.077777777777778,0.27027027027027023,0.3645634161886552,0.654353562005277,0.30769230769230765,0.3900293255131964,0.6666666666666666,0.7664473684210527,0.4542829643888354,0.676,0.6086956521739131,0.5898305084745763,0.1606425702811245,0.7652173913043478,0.5518750000000001,0.22435897435897445,0.12048192771084343,0.5046220772158783,0.368440502586844
Stanislav Nedkov,Orthodox,No,No,No,Stanislav Nedkov,0.25,0.75,0.0,0.0,1.1541666666666668,7.0,1.1666666666666667,0.9166666666666666,3.1666666666666665,3.9166666666666665,2.0,9.083333333333334,23.0,12.75,27.25,1.5833333333333333,20.083333333333332,1.8333333333333333,1.0833333333333333,12.916666666666666,6.0,4.083333333333333,0.25,0.3333333333333333,0.4166666666666667,0.0,0.8722222222222222,10.333333333333334,5.166666666666667,5.333333333333333,7.333333333333333,10.25,3.25,20.833333333333332,36.166666666666664,29.166666666666668,45.333333333333336,0.3333333333333333,23.75,6.75,5.666666666666667,16.416666666666668,15.416666666666666,4.333333333333333,0.0,13.416666666666666,1.5833333333333333,0.3333333333333333,9.083333333333334,5.166666666666667,1.0833333333333333,15.333333333333334,16.166666666666668,0.4736842105263158,0.3485477178423237,0.6363636363636365,0.6923076923076924,0.24516129032258063,0.6527777777777778,0.489795918367347,0.3949275362318841,0.46788990825688076,0.0,0.5649122807017544,0.23456790123456783,0.9411764705882353,0.5532994923857868,0.33513513513513515,0.25,0.42396313364055294,0.3566176470588235
Phil Davis,Orthodox,No,No,No,Phil Davis,0.0,0.5704739704739705,0.10753690753690752,0.0,1.0504713804713806,6.691219891219892,3.962859362859363,1.5052059052059052,7.2927738927738925,1.655011655011655,3.2114996114996117,12.159285159285158,42.965967365967366,17.874902874902876,49.73628593628594,2.336752136752137,33.87428127428127,6.593783993783994,2.497902097902098,35.35897435897436,2.696037296037296,4.910955710955711,0.0,0.27117327117327117,0.01818181818181818,0.0404040404040404,0.7317896917896918,8.606060606060606,1.071794871794872,0.8091686091686091,8.255477855477855,1.1791763791763792,1.0523698523698524,10.487024087024087,30.59020979020979,13.287956487956489,33.76208236208236,0.6930846930846931,27.104895104895103,2.302097902097902,1.1832167832167833,26.57684537684538,2.647707847707848,1.3656565656565658,0.42191142191142195,18.498834498834498,1.2303030303030302,0.3740481740481741,18.321367521367524,1.4685314685314685,0.3132867132867133,20.103185703185705,20.47412587412587,0.24413114318015564,0.1975309774705135,0.6009992694020881,0.22838123677989303,0.2062495879754763,0.6138682344803735,0.6539459527877983,0.2829980541510239,0.35939360043492796,0.6087443946188341,0.6824905400756793,0.5344268934791412,0.7708169162069871,0.6893732970027249,0.5546425636811833,0.22940373236231237,0.6571771112736731,0.6064236694452243
Matt Van Buren,,No,No,No,Matt Van Buren,0.0,0.0,0.0,0.0,0.11388888888888889,16.166666666666668,10.666666666666666,1.3333333333333333,21.333333333333332,6.833333333333333,0.0,28.166666666666668,62.166666666666664,31.5,65.5,0.0,47.0,13.333333333333334,1.8333333333333333,53.0,9.166666666666666,0.0,0.3333333333333333,0.3333333333333333,0.0,0.0,0.7972222222222222,16.666666666666668,5.5,0.8333333333333334,13.333333333333334,8.0,1.6666666666666667,23.0,46.666666666666664,33.666666666666664,58.833333333333336,0.8333333333333334,38.166666666666664,6.5,2.0,34.5,9.833333333333334,2.3333333333333335,0.5,21.5,1.0,1.1666666666666667,21.166666666666668,1.8333333333333333,0.6666666666666666,23.666666666666668,25.166666666666668,,0.3439716312056738,0.7999999999999999,0.0,0.4025157232704402,0.7454545454545455,,0.45308310991957107,0.48091603053435117,0.6000000000000001,0.5633187772925763,0.15384615384615385,0.8333333333333334,0.6135265700483092,0.18644067796610175,0.2857142857142857,0.5071428571428571,0.42776203966005677
Shane Howell,Orthodox,No,No,No,Shane Howell,0.0,0.0,0.0,0.16666666666666666,0.041666666666666664,3.0,2.1666666666666665,0.6666666666666666,5.333333333333333,0.0,0.5,5.833333333333333,19.0,7.333333333333333,20.5,0.0,15.166666666666666,2.8333333333333335,1.0,18.0,0.0,1.0,0.0,1.0,0.6666666666666666,0.0,2.9666666666666663,7.833333333333333,1.1666666666666667,2.8333333333333335,7.833333333333333,0.3333333333333333,3.6666666666666665,11.833333333333334,21.5,31.166666666666668,45.333333333333336,1.3333333333333333,16.166666666666668,2.1666666666666665,3.1666666666666665,17.166666666666668,0.3333333333333333,4.0,0.3333333333333333,8.333333333333334,1.0,0.3333333333333333,9.333333333333334,0.0,0.3333333333333333,9.666666666666666,14.166666666666666,,0.19780219780219782,0.7647058823529411,0.0,0.2962962962962963,,0.5,0.30701754385964913,0.35772357723577236,0.25,0.5154639175257733,0.46153846153846145,0.6842105263157894,0.5436893203883495,0.0,0.08333333333333337,0.4496124031007752,0.3125
Tateki Matsuda,Orthodox,No,No,No,Tateki Matsuda,0.0,0.0,0.0,0.16666666666666666,0.3222222222222222,10.5,1.6666666666666667,3.8333333333333335,14.166666666666666,1.3333333333333333,0.5,16.0,46.333333333333336,22.0,53.166666666666664,0.3333333333333333,36.833333333333336,3.6666666666666665,5.833333333333333,43.166666666666664,2.6666666666666665,0.5,0.16666666666666666,0.8333333333333334,0.3333333333333333,0.16666666666666666,1.3194444444444444,15.0,1.8333333333333333,0.3333333333333333,9.5,2.0,5.666666666666667,17.166666666666668,55.666666666666664,22.166666666666668,61.0,1.0,52.833333333333336,2.3333333333333335,0.5,43.666666666666664,3.3333333333333335,8.666666666666666,0.16666666666666666,37.833333333333336,0.5,0.16666666666666666,34.166666666666664,1.3333333333333333,3.0,38.5,38.833333333333336,0.0,0.2850678733031674,0.4545454545454546,0.0,0.3281853281853282,0.5,1.0,0.3453237410071942,0.41379310344827586,0.16666666666666663,0.7160883280757098,0.2142857142857144,-0.6666666666666667,0.7824427480916031,0.4,0.34615384615384603,0.6916167664670658,0.6366120218579234
Alexis Dufresne,Orthodox,No,No,No,Alexis Dufresne,0.0,0.5,0.0,0.16666666666666666,1.8527777777777779,2.0,1.3333333333333333,3.3333333333333335,5.166666666666667,0.3333333333333333,1.1666666666666667,6.666666666666667,24.0,16.333333333333332,34.666666666666664,1.0,16.666666666666668,2.1666666666666665,5.166666666666667,20.5,0.6666666666666666,2.8333333333333335,0.0,0.16666666666666666,0.0,0.16666666666666666,0.47222222222222215,12.666666666666666,1.8333333333333333,2.1666666666666665,14.0,2.1666666666666665,0.5,16.666666666666668,42.5,34.833333333333336,61.833333333333336,0.3333333333333333,36.0,4.166666666666667,2.3333333333333335,37.833333333333336,3.6666666666666665,1.0,0.16666666666666666,23.333333333333332,2.3333333333333335,0.16666666666666666,23.833333333333332,1.5,0.5,25.833333333333332,27.0,0.5,0.12,0.6153846153846154,0.0967741935483871,0.2520325203252033,0.5,0.4117647058823529,0.2777777777777778,0.47115384615384615,0.5,0.6481481481481481,0.56,0.9285714285714286,0.6299559471365639,0.40909090909090906,0.5,0.6078431372549019,0.43665768194070076
Rodrigo Damm,Orthodox,No,No,No,Rodrigo Damm,0.0,0.15873015873015872,0.10317460317460318,0.0,0.23928571428571424,13.166666666666666,2.119047619047619,3.1507936507936507,17.69047619047619,0.5793650793650794,0.16666666666666666,18.436507936507937,50.31746031746032,18.833333333333332,51.095238095238095,0.9126984126984127,42.230158730158735,3.6666666666666665,4.420634920634921,49.142857142857146,0.8968253968253969,0.2777777777777778,0.10317460317460318,0.05555555555555555,0.05555555555555555,0.05555555555555555,0.17949735449735446,17.658730158730158,5.246031746031746,5.119047619047619,26.753968253968253,0.9761904761904763,0.29365079365079366,28.023809523809522,66.3968253968254,29.21428571428571,67.7936507936508,0.6587301587301587,51.57936507936508,8.404761904761905,6.412698412698412,64.33333333333333,1.6746031746031746,0.3888888888888889,0.6031746031746031,33.92063492063492,3.158730158730158,1.2936507936507937,37.57936507936508,0.6984126984126985,0.09523809523809523,38.37301587301587,38.57936507936508,0.17391304347826086,0.3117834993422289,0.577922077922078,0.03590664272890484,0.35998062015503873,0.6460176991150443,0.6,0.36640378548895897,0.3685927306616962,0.9156626506024097,0.6576396368672104,0.37582625118035884,0.9913366336633663,0.5841352084875401,0.41706161137440756,0.2448979591836734,0.5779344967726513,0.569070475298525
Louis Gaudinot,Orthodox,No,No,No,Louis Gaudinot,0.0,0.15,0.3444444444444444,0.0,0.3063888888888889,5.727777777777778,1.5277777777777777,2.4055555555555554,7.688888888888889,1.0222222222222221,0.9500000000000001,9.661111111111111,26.722222222222225,14.877777777777778,32.88333333333333,0.4388888888888889,20.25,2.8444444444444446,3.6277777777777778,22.91111111111111,2.227777777777778,1.5833333333333333,0.1111111111111111,0.8888888888888888,0.15,0.0,1.8032407407407407,18.55,7.477777777777778,2.2944444444444443,13.866666666666667,3.805555555555556,10.65,28.322222222222223,54.92222222222222,51.205555555555556,82.28333333333333,1.2555555555555555,42.1,10.294444444444444,2.527777777777778,33.6,4.561111111111111,16.76111111111111,0.3666666666666667,23.55,2.8166666666666664,0.2333333333333333,19.733333333333334,0.7555555555555555,6.111111111111111,26.599999999999998,31.07777777777778,0.34177215189873417,0.28285322359396436,0.537109375,0.04134762633996937,0.3355965082444229,0.4588528678304239,0.6000000000000001,0.36153846153846153,0.4524412907585741,0.2920353982300885,0.5593824228028503,0.27361036157582297,0.6483516483516485,0.5873015873015873,0.1656516443361753,0.364600596619158,0.4843212623912603,0.3776922557558571
Mats Nilsson,Orthodox,No,No,No,Mats Nilsson,0.0,1.3333333333333333,1.0,0.0,0.7944444444444444,8.166666666666666,2.1666666666666665,3.5,12.0,1.6666666666666667,0.16666666666666666,13.833333333333334,34.666666666666664,21.833333333333332,43.166666666666664,1.6666666666666667,28.666666666666668,2.3333333333333335,3.6666666666666665,31.833333333333332,2.6666666666666665,0.16666666666666666,0.0,1.3333333333333333,0.0,0.0,1.4194444444444443,18.166666666666668,3.8333333333333335,1.5,16.5,3.0,4.0,23.5,66.66666666666667,32.5,77.33333333333333,2.3333333333333335,59.0,6.0,1.6666666666666667,56.833333333333336,4.666666666666667,5.166666666666667,1.0,40.833333333333336,2.1666666666666665,0.16666666666666666,40.333333333333336,1.6666666666666667,1.1666666666666667,43.166666666666664,44.833333333333336,0.7999999999999999,0.2848837209302325,0.9285714285714285,0.36363636363636365,0.3769633507853403,0.6250000000000001,1.0,0.39903846153846156,0.5057915057915058,0.4285714285714286,0.692090395480226,0.36111111111111105,0.20000000000000007,0.7096774193548387,0.3571428571428572,0.22580645161290325,0.6475,0.5797413793103448
Mike Rhodes,Orthodox,No,No,No,Mike Rhodes,0.0,0.27777777777777773,0.1111111111111111,0.0,0.45462962962962966,8.277777777777779,2.1666666666666665,5.166666666666667,14.5,1.111111111111111,0.0,15.611111111111109,38.44444444444444,17.333333333333332,40.666666666666664,0.8333333333333334,28.38888888888889,4.166666666666667,5.888888888888888,36.44444444444444,2.0,0.0,0.0,0.5,0.1111111111111111,0.0,0.7462962962962963,11.888888888888891,3.0555555555555554,4.444444444444444,17.61111111111111,1.611111111111111,0.16666666666666666,19.38888888888889,54.333333333333336,26.944444444444443,62.833333333333336,2.3333333333333335,44.22222222222223,4.611111111111112,5.5,51.666666666666664,2.2222222222222223,0.4444444444444444,1.8333333333333333,32.333333333333336,1.5555555555555554,1.0555555555555556,34.05555555555556,0.611111111111111,0.27777777777777773,34.94444444444444,35.88888888888889,0.33333333333333326,0.2915851272015656,0.5199999999999999,0.04716981132075471,0.3978658536585366,0.5555555555555555,,0.4060693641618497,0.4262295081967213,0.7857142857142857,0.7311557788944724,0.33734939759036153,0.9090909090909091,0.6591397849462366,0.27500000000000013,0.625,0.6431492842535788,0.5711759504862954
Tom Niinimaki,Orthodox,No,No,No,Tom Niinimaki,0.0,0.9166666666666666,0.08333333333333333,0.08333333333333333,1.886111111111111,2.3333333333333335,2.5,2.9166666666666665,4.916666666666667,0.5833333333333334,2.25,7.75,13.75,15.166666666666666,21.25,1.8333333333333333,7.25,3.0833333333333335,3.4166666666666665,10.083333333333334,0.6666666666666666,3.0,0.0,0.4166666666666667,1.1666666666666667,0.16666666666666666,1.1166666666666667,7.75,0.5,2.0833333333333335,7.25,0.75,2.3333333333333335,10.333333333333334,22.25,13.25,25.5,0.6666666666666666,19.25,0.9166666666666666,2.0833333333333335,18.0,1.5833333333333333,2.6666666666666665,0.25,11.5,0.4166666666666667,0.0,10.75,0.8333333333333334,0.3333333333333333,11.916666666666666,12.25,0.5,0.3218390804597701,0.8108108108108107,0.2682926829268293,0.48760330578512395,0.8750000000000001,0.75,0.5636363636363636,0.7137254901960784,0.3749999999999999,0.5974025974025974,0.4545454545454545,0.8,0.5972222222222222,0.5263157894736842,0.12499999999999989,0.5355805243445693,0.48039215686274506
Garett Whiteley,Orthodox,No,No,No,Garett Whiteley,0.0,0.0,0.27777777777777773,0.0,0.0898148148148148,9.11111111111111,5.722222222222221,3.0,10.388888888888888,3.6666666666666665,3.777777777777778,17.833333333333332,35.666666666666664,26.277777777777775,45.833333333333336,0.2222222222222222,25.0,7.166666666666667,3.5,25.166666666666668,5.111111111111112,5.388888888888888,0.1111111111111111,1.8333333333333333,0.16666666666666666,0.0,2.966666666666667,12.944444444444445,3.611111111111111,3.1111111111111107,9.277777777777779,3.8888888888888893,6.5,19.666666666666668,36.22222222222222,33.11111111111111,53.611111111111114,2.5555555555555554,27.722222222222225,4.888888888888889,3.6111111111111107,22.333333333333332,4.666666666666667,9.222222222222223,0.7222222222222222,14.777777777777779,1.277777777777778,0.5,13.055555555555557,0.7777777777777778,2.7222222222222228,16.555555555555557,20.5,0.0,0.3644444444444444,0.7984496124031006,0.0,0.41280353200882997,0.7173913043478259,0.7010309278350517,0.5,0.5733333333333333,0.28260869565217384,0.5330661322645291,0.26136363636363646,0.4923076923076922,0.5845771144278606,0.16666666666666663,0.2951807228915664,0.4570552147239263,0.38238341968911926
Dustin Kimura,Orthodox,No,No,No,Dustin Kimura,0.0,0.24444444444444446,0.6444444444444445,0.06666666666666667,0.3344444444444445,3.3777777777777778,1.9333333333333333,0.5111111111111111,4.488888888888888,0.6888888888888888,0.6444444444444444,5.822222222222223,28.866666666666664,8.088888888888889,31.46666666666667,0.6222222222222222,24.844444444444445,3.0888888888888886,0.9333333333333332,26.57777777777778,1.0222222222222224,1.2666666666666668,0.13333333333333333,0.4222222222222222,0.06666666666666667,0.06666666666666667,1.4799999999999998,11.488888888888889,3.8666666666666667,1.488888888888889,9.28888888888889,3.1111111111111107,4.444444444444445,16.844444444444445,34.733333333333334,19.88888888888889,38.68888888888889,0.9333333333333332,27.866666666666664,5.133333333333334,1.7333333333333334,22.333333333333332,5.377777777777777,7.022222222222222,0.5111111111111111,16.377777777777776,1.2666666666666666,0.24444444444444446,13.044444444444444,2.2666666666666666,2.577777777777778,17.88888888888889,18.8,0.3928571428571429,0.13595706618962433,0.6258992805755397,0.261904761904762,0.16889632107023408,0.6739130434782606,0.5087719298245613,0.20169361046959203,0.25706214689265533,0.5476190476190476,0.587719298245614,0.24675324675324684,0.7564102564102564,0.5840796019900497,0.42148760330578516,0.36708860759493667,0.5150351887396033,0.4859276278001149
Jamie Varner,Orthodox,No,No,No,Jamie Varner,0.07407407407407407,1.538888888888889,0.2814814814814815,0.15,1.2212654320987655,10.631481481481481,2.511111111111111,0.4666666666666666,8.700000000000001,1.9166666666666667,2.9925925925925925,13.609259259259261,35.199999999999996,21.496296296296297,45.78148148148148,2.524074074074074,31.009259259259256,3.516666666666667,0.674074074074074,24.25740740740741,3.614814814814815,7.327777777777778,0.06666666666666667,0.29074074074074074,0.3611111111111111,0.3537037037037037,0.7820987654320987,8.442592592592593,1.4407407407407409,1.5555555555555554,8.007407407407408,1.2092592592592593,2.2222222222222223,11.438888888888888,26.80925925925926,20.048148148148147,35.94074074074074,0.9481481481481481,22.92962962962963,2.175925925925926,1.7037037037037035,21.053703703703704,2.535185185185185,3.2203703703703703,0.6574074074074074,14.487037037037036,0.7351851851851853,0.14814814814814814,13.046296296296296,1.325925925925926,0.9981481481481481,15.370370370370372,15.892592592592592,0.6096845194424064,0.34284861152582863,0.7140600315955765,2.2829670329670333,0.35865333231544394,0.5302254098360656,0.4083901945918625,0.3866266835016836,0.4695412992476337,0.693359375,0.6318042319496042,0.33787234042553194,0.8293478260869565,0.6196675169320081,0.5230094959824689,0.30994824611845884,0.5733232023209229,0.44218878812860685
Joe Ellenberger,Orthodox,No,No,No,Joe Ellenberger,0.0,1.0,0.3333333333333333,0.0,1.4638888888888888,5.0,2.0,0.6666666666666666,3.0,2.3333333333333335,2.3333333333333335,7.666666666666667,16.166666666666668,14.166666666666666,24.0,2.5,13.166666666666666,2.3333333333333335,0.6666666666666666,8.833333333333334,4.333333333333333,3.0,0.3333333333333333,0.0,0.0,0.0,1.2416666666666667,13.5,1.8333333333333333,1.0,7.166666666666667,1.8333333333333333,7.333333333333333,16.333333333333332,31.5,37.5,55.833333333333336,0.0,28.166666666666668,1.8333333333333333,1.5,16.333333333333332,4.0,11.166666666666666,0.0,14.666666666666666,0.0,0.5,9.166666666666666,2.1666666666666665,3.8333333333333335,15.166666666666666,18.333333333333332,0.4,0.379746835443038,0.8571428571428571,1.5,0.33962264150943394,0.5384615384615385,0.7777777777777778,0.4742268041237113,0.5902777777777778,,0.5207100591715976,0.0,1.0,0.5612244897959183,0.5416666666666667,0.34328358208955223,0.4814814814814815,0.32835820895522394
Matt Hobar,Southpaw,No,No,No,Matt Hobar,0.1111111111111111,1.222222222222222,0.0,0.0,2.5083333333333333,10.888888888888888,2.888888888888889,1.5,5.277777777777778,4.111111111111112,5.888888888888889,15.277777777777779,36.388888888888886,26.666666666666668,49.77777777777778,2.8888888888888893,29.833333333333332,4.611111111111111,1.9444444444444446,20.88888888888889,5.222222222222222,10.277777777777779,0.0,0.2222222222222222,0.38888888888888884,0.0,0.3194444444444444,17.0,3.0,0.8333333333333334,12.555555555555555,4.611111111111112,3.6666666666666665,20.833333333333332,43.5,51.888888888888886,79.5,0.5,38.666666666666664,4.0,0.8333333333333334,33.11111111111111,5.388888888888888,5.0,0.27777777777777773,21.666666666666668,1.0,0.0,20.555555555555557,0.7777777777777777,1.3333333333333333,22.666666666666668,27.61111111111111,0.42307692307692296,0.36499068901303533,0.6265060240963856,0.6285714285714284,0.2526595744680851,0.7872340425531915,0.572972972972973,0.41984732824427484,0.5357142857142857,0.5555555555555556,0.5603448275862069,0.25,0.7333333333333334,0.6208053691275167,0.14432989690721632,0.2666666666666667,0.5210727969348659,0.3473095737246681
Brendan Schaub,Orthodox,No,No,No,Brendan Schaub,0.17424242424242423,0.7348484848484849,0.06060606060606061,0.030303030303030304,1.5684343434343433,9.5,2.2196969696969697,0.0909090909090909,5.68939393939394,3.143939393939394,2.977272727272727,11.81060606060606,32.40151515151515,23.560606060606062,46.86363636363637,1.5833333333333333,28.5530303030303,3.4393939393939394,0.4090909090909091,21.840909090909093,4.9772727272727275,5.583333333333333,0.0909090909090909,0.0909090909090909,0.08333333333333333,0.0,0.420959595959596,5.28030303030303,2.0303030303030303,1.7196969696969697,4.590909090909091,2.7878787878787876,1.6515151515151516,9.030303030303031,21.833333333333332,22.886363636363637,38.18181818181818,0.3863636363636364,16.954545454545453,2.515151515151515,2.3636363636363638,15.863636363636365,3.8636363636363633,2.106060606060606,0.29545454545454547,11.674242424242424,0.48484848484848486,0.6439393939393939,11.272727272727273,1.075757575757576,0.45454545454545453,12.803030303030303,15.295454545454547,0.4641148325358852,0.3327142478110905,0.6453744493392071,1.7962962962962963,0.26049254249046133,0.6316590563165906,0.5332428765264586,0.364507832592939,0.5027481409634659,0.7647058823529412,0.6885612153708669,0.19277108433734935,0.9615384615384616,0.7106017191977078,0.2784313725490196,0.21582733812949628,0.5863983344899375,0.400595238095238
Juan Manuel Puig,Orthodox,No,No,No,Juan Manuel Puig,0.0,0.0,0.0,0.0,0.0,2.0,0.5,4.0,6.5,0.0,0.0,6.5,27.5,6.5,27.5,0.0,20.0,0.5,7.0,27.5,0.0,0.0,1.0,0.0,0.0,0.0,0.07500000000000001,9.5,0.0,0.0,6.0,0.0,3.5,9.5,19.5,10.0,20.0,0.0,19.5,0.0,0.0,14.0,1.0,4.5,0.0,10.0,0.0,0.0,8.0,1.0,1.0,10.0,10.0,,0.1,1.0,0.0,0.23636363636363636,,,0.23636363636363636,0.23636363636363636,,0.5128205128205128,,,0.5714285714285714,1.0,0.2222222222222222,0.5128205128205128,0.5
Isaac Vallie-Flagg,Orthodox,No,No,No,Isaac Vallie-Flagg,0.0,0.08333333333333333,0.0,0.0,0.751388888888889,14.333333333333334,5.833333333333333,3.5,15.333333333333334,7.916666666666667,0.4166666666666667,23.666666666666668,51.583333333333336,41.416666666666664,70.5,0.6666666666666666,39.666666666666664,7.583333333333333,4.333333333333333,39.75,11.416666666666666,0.4166666666666667,0.08333333333333333,0.4166666666666667,0.0,0.08333333333333333,1.926388888888889,18.416666666666668,6.916666666666667,2.75,18.75,7.416666666666667,1.9166666666666667,28.083333333333332,49.083333333333336,38.083333333333336,60.583333333333336,0.8333333333333334,37.0,8.75,3.3333333333333335,37.5,8.916666666666666,2.6666666666666665,0.4166666666666667,18.583333333333332,1.8333333333333333,0.5833333333333334,18.75,1.5,0.75,21.0,22.5,0.125,0.3613445378151261,0.7692307692307693,0.019230769230769232,0.3857442348008386,0.6934306569343066,1.0,0.4588045234248788,0.5874704491725768,0.5,0.5022522522522522,0.20952380952380945,0.875,0.5,0.16822429906542047,0.2812499999999999,0.4278438030560272,0.3713892709766162
Yves Edwards,Southpaw,No,No,No,Yves Edwards,0.15238095238095237,0.10793650793650793,0.24761904761904763,0.09365079365079365,0.9355555555555556,6.653968253968254,2.541269841269841,2.882539682539683,7.955555555555556,1.9476190476190478,2.1746031746031744,12.077777777777778,28.044444444444448,18.4031746031746,35.31111111111111,0.30476190476190473,20.88730158730159,3.8873015873015873,3.26984126984127,21.534920634920635,2.8253968253968256,3.684126984126984,0.047619047619047616,0.5857142857142857,0.2841269841269841,0.13174603174603175,1.1344444444444444,5.787301587301587,2.692063492063492,1.9095238095238096,6.96031746031746,1.849206349206349,1.5793650793650793,10.38888888888889,32.13333333333333,19.56031746031746,42.576190476190476,2.134920634920635,25.236507936507934,4.314285714285714,2.5825396825396827,26.598412698412698,3.0444444444444443,2.4904761904761905,1.549206349206349,19.44920634920635,1.6222222222222225,0.673015873015873,19.638095238095236,1.1952380952380952,0.9111111111111111,21.744444444444444,23.015873015873016,0.3541666666666667,0.31856524051979634,0.6537362188648428,0.033009708737864074,0.36942581263359625,0.6893258426966292,0.5902628177509694,0.43066561014263066,0.5211723455902184,0.7256505576208179,0.7706774010944084,0.3760117733627668,0.7732022126613399,0.738318314734141,0.3925964546402503,0.36583811344805617,0.6766943291839558,0.5405808447973754
Chris Heatherly,Orthodox,No,No,No,Chris Heatherly,0.0,1.0,0.0,0.0,1.0166666666666666,4.0,1.5,0.5,4.5,1.0,0.5,6.0,12.5,8.5,15.5,2.0,10.0,1.5,1.0,8.5,3.5,0.5,0.0,0.0,1.0,0.0,1.0916666666666666,10.5,4.5,2.0,3.5,11.0,2.5,17.0,29.0,19.0,32.5,0.0,21.0,4.5,3.5,10.5,14.0,4.5,0.0,10.5,0.0,1.5,7.0,3.0,2.0,12.0,13.5,0.5,0.4,1.0,1.0,0.5294117647058824,0.2857142857142857,1.0,0.48,0.5483870967741935,,0.5,0.0,1.0,0.6666666666666667,0.2142857142857143,0.4444444444444444,0.4137931034482759,0.41538461538461535
Humberto Brown Morrison,,No,No,No,Humberto Brown Morrison,0.0,0.3333333333333333,0.0,0.0,2.038888888888889,4.333333333333333,0.3333333333333333,1.3333333333333333,2.6666666666666665,1.0,2.3333333333333335,6.0,12.0,11.666666666666666,18.333333333333332,1.3333333333333333,9.333333333333334,1.3333333333333333,1.3333333333333333,6.666666666666667,1.6666666666666667,3.6666666666666665,0.0,0.0,1.6666666666666667,0.0,0.13888888888888887,5.0,1.6666666666666667,1.0,6.333333333333333,1.3333333333333333,0.0,7.666666666666667,20.333333333333332,10.666666666666666,23.666666666666668,0.0,16.0,3.3333333333333335,1.0,17.666666666666668,2.6666666666666665,0.0,0.0,11.0,1.6666666666666667,0.0,11.333333333333334,1.3333333333333333,0.0,12.666666666666666,13.0,0.25,0.46428571428571425,0.25,0.25,0.39999999999999997,0.6,0.6363636363636365,0.5,0.6363636363636364,,0.6875,0.5,1.0,0.6415094339622642,0.5,,0.6229508196721312,0.5492957746478874
Rodolfo Rubio Perez,Orthodox,No,No,No,Rodolfo Rubio Perez,0.0,0.6666666666666666,0.0,0.3333333333333333,1.0722222222222222,2.3333333333333335,2.6666666666666665,0.6666666666666666,3.3333333333333335,0.6666666666666666,1.6666666666666667,5.666666666666667,15.666666666666666,17.666666666666668,28.666666666666668,2.0,11.666666666666666,3.3333333333333335,0.6666666666666666,13.0,1.0,1.6666666666666667,0.0,0.6666666666666666,0.0,1.0,2.261111111111111,3.3333333333333335,0.6666666666666666,1.0,2.6666666666666665,0.6666666666666666,1.6666666666666667,5.0,13.333333333333334,15.333333333333334,25.666666666666668,1.0,11.0,1.3333333333333333,1.0,9.0,1.0,3.3333333333333335,0.3333333333333333,7.666666666666667,0.6666666666666666,0.0,6.333333333333333,0.3333333333333333,1.6666666666666667,8.333333333333334,10.333333333333334,0.3333333333333333,0.2,0.7999999999999999,1.0,0.25641025641025644,0.6666666666666666,1.0,0.3617021276595745,0.6162790697674418,0.33333333333333337,0.696969696969697,0.5,0.33333333333333337,0.7037037037037037,0.33333333333333337,0.5,0.625,0.4025974025974026
Charlie Brenneman,Orthodox,No,No,No,Charlie Brenneman,0.0,1.1717171717171717,0.0,0.08333333333333333,2.709090909090909,2.507575757575758,2.3434343434343434,0.9141414141414143,1.4318181818181817,0.6212121212121212,3.7121212121212124,5.765151515151516,10.118686868686869,25.398989898989896,32.32575757575757,2.558080808080808,6.487373737373737,2.5505050505050506,1.0808080808080809,4.4318181818181825,1.4595959595959596,4.2272727272727275,0.25757575757575757,0.0909090909090909,0.8156565656565657,0.196969696969697,0.5626683501683502,3.3964646464646466,1.5328282828282827,0.5404040404040404,2.6994949494949494,1.128787878787879,1.6414141414141412,5.46969696969697,10.883838383838386,13.792929292929292,19.73989898989899,0.4116161616161616,8.027777777777777,1.921717171717172,0.9343434343434344,6.974747474747475,1.9166666666666667,1.9924242424242422,0.32070707070707066,4.6313131313131315,0.3888888888888889,0.393939393939394,4.275252525252525,0.787878787878788,0.351010101010101,5.414141414141414,5.946969696969696,0.45804540967423496,0.38653172440638384,0.9188118811881187,1.0841121495327102,0.323076923076923,0.42560553633217996,0.8781362007168458,0.5697529323683554,0.7857198656354972,0.7791411042944786,0.5769109782950612,0.20236530880420522,0.9027027027027027,0.6129616220130341,0.4110671936758893,0.1761723700887199,0.49744779582366594,0.3012664705129845
Tim Gorman,Southpaw,No,No,No,Tim Gorman,0.0,0.3333333333333333,0.0,0.0,1.5055555555555555,12.5,0.3333333333333333,0.8333333333333334,12.0,1.6666666666666667,0.0,13.666666666666666,43.0,20.166666666666668,50.166666666666664,3.5,40.666666666666664,0.8333333333333334,1.5,39.833333333333336,2.6666666666666665,0.5,0.0,0.3333333333333333,0.8333333333333334,0.0,0.5305555555555556,16.833333333333332,7.333333333333333,3.6666666666666665,21.5,4.833333333333333,1.5,27.833333333333332,52.5,35.833333333333336,60.5,0.5,40.0,8.166666666666666,4.333333333333333,43.166666666666664,7.333333333333333,2.0,0.16666666666666666,23.166666666666668,0.8333333333333334,0.6666666666666666,21.666666666666668,2.5,0.5,24.666666666666668,24.666666666666668,0.09523809523809523,0.3073770491803279,0.39999999999999997,0.2222222222222222,0.301255230125523,0.6250000000000001,0.0,0.3178294573643411,0.4019933554817276,0.33333333333333337,0.5791666666666667,0.10204081632653061,0.9230769230769231,0.5019305019305019,0.34090909090909094,0.25,0.46984126984126984,0.40771349862258954
Wagner Silva,Orthodox,No,No,No,Wagner Silva,0.0,0.0,0.0,0.0,0.00555555555555555,2.6666666666666665,1.0,2.1666666666666665,5.166666666666667,0.5,0.16666666666666666,5.833333333333333,19.833333333333332,7.666666666666667,21.833333333333332,0.16666666666666666,15.5,2.0,2.3333333333333335,19.166666666666668,0.5,0.16666666666666666,0.3333333333333333,1.0,0.5,0.0,2.1333333333333333,7.166666666666667,2.0,0.6666666666666666,5.5,1.5,2.8333333333333335,9.833333333333334,28.333333333333332,31.666666666666668,55.0,2.1666666666666665,24.0,3.6666666666666665,0.6666666666666666,22.166666666666668,2.3333333333333335,3.8333333333333335,1.1666666666666667,16.833333333333332,1.6666666666666667,0.0,16.666666666666668,0.8333333333333334,1.0,18.5,23.333333333333332,0.0,0.17204301075268816,0.5,0.0,0.26956521739130435,1.0,1.0,0.29411764705882354,0.35114503816793896,0.5384615384615384,0.7013888888888888,0.4545454545454545,-0.5,0.7518796992481203,0.3571428571428572,0.26086956521739124,0.6529411764705881,0.4242424242424242
Guto Inocente,Orthodox,No,No,No,Guto Inocente,0.0,0.0,0.0,0.0,0.0,0.5,2.5,0.5,2.0,1.5,0.0,3.5,5.5,4.5,6.5,0.0,2.5,2.5,0.5,4.0,1.5,0.0,0.0,1.0,0.5,0.0,2.1333333333333333,7.5,1.0,0.0,1.0,1.0,6.5,8.5,16.5,16.5,25.5,2.0,14.5,1.0,1.0,6.5,1.5,8.5,1.0,7.0,0.0,1.0,5.5,0.5,2.0,8.0,9.0,,0.2,1.0,0.0,0.5,1.0,,0.6363636363636364,0.6923076923076923,0.5,0.48275862068965514,0.0,0.0,0.8461538461538461,0.33333333333333337,0.23529411764705888,0.48484848484848486,0.3529411764705882
Vagner Rocha,Orthodox,No,No,No,Vagner Rocha,0.0,0.27777777777777773,0.38888888888888884,0.0,0.6962962962962962,8.222222222222223,1.5555555555555554,2.5277777777777777,11.138888888888891,0.1111111111111111,1.0555555555555556,12.305555555555555,28.055555555555557,15.916666666666666,31.86111111111111,1.388888888888889,21.666666666666668,3.1388888888888893,3.25,26.305555555555554,0.1111111111111111,1.6388888888888886,0.0,0.16666666666666666,0.19444444444444442,0.0,0.261574074074074,9.61111111111111,3.444444444444444,10.083333333333334,21.02777777777778,0.6944444444444443,1.4166666666666667,23.138888888888886,41.52777777777778,25.5,43.88888888888889,0.5833333333333334,24.861111111111114,4.75,11.916666666666666,38.80555555555556,0.861111111111111,1.861111111111111,0.4166666666666667,15.25,1.3055555555555556,1.8333333333333333,17.77777777777778,0.16666666666666666,0.4444444444444444,18.38888888888889,18.38888888888889,0.19999999999999996,0.3794871794871795,0.49557522123893794,0.08547008547008546,0.4234424498416052,1.0,0.6440677966101697,0.43861386138613856,0.4995640802092415,0.7142857142857143,0.6134078212290504,0.2748538011695907,0.986013986013986,0.45812455261274154,0.19354838709677424,0.23880597014925364,0.44280936454849507,0.4189873417721519
Jumabieke Tuerxun,Orthodox,No,No,No,Jumabieke Tuerxun,0.0,0.16666666666666666,0.3333333333333333,0.0,0.2796296296296296,4.666666666666667,1.5,1.0555555555555556,5.5,1.111111111111111,0.611111111111111,7.222222222222222,24.777777777777775,11.222222222222221,29.61111111111111,1.5,20.555555555555557,2.7222222222222228,1.5,21.166666666666668,3.0,0.611111111111111,0.1111111111111111,0.8888888888888888,0.5,0.16666666666666666,2.075925925925926,7.111111111111111,1.9444444444444446,5.0,8.833333333333334,2.8333333333333335,2.388888888888889,14.055555555555555,34.5,32.166666666666664,54.666666666666664,2.6666666666666665,25.61111111111111,2.7222222222222228,6.166666666666667,27.555555555555557,3.777777777777778,3.1666666666666665,1.7777777777777777,18.5,0.7777777777777777,1.1666666666666667,18.722222222222225,0.9444444444444445,0.7777777777777777,20.444444444444443,22.5,0.1111111111111111,0.227027027027027,0.5510204081632653,0.1111111111111111,0.25984251968503935,0.3703703703703703,1.0,0.29147982062780275,0.3789868667917448,0.6666666666666667,0.7223427331887202,0.2857142857142858,0.8558558558558559,0.6794354838709677,0.25,0.24561403508771928,0.5925925925925926,0.41158536585365857
Luke Zachrich,Orthodox,No,No,No,Luke Zachrich,0.0,0.3333333333333333,0.0,0.0,0.005555555555555533,14.444444444444445,1.7777777777777777,3.111111111111111,19.0,0.3333333333333333,0.0,19.333333333333332,63.666666666666664,19.444444444444443,63.77777777777778,0.5555555555555555,57.111111111111114,3.0,3.5555555555555554,62.44444444444445,1.2222222222222223,0.0,0.1111111111111111,0.1111111111111111,0.1111111111111111,0.0,0.09999999999999999,11.888888888888888,3.2222222222222228,3.5555555555555554,16.666666666666668,1.3333333333333333,0.6666666666666666,18.666666666666668,56.0,19.777777777777775,57.44444444444445,1.222222222222222,45.88888888888889,6.222222222222221,3.888888888888889,53.22222222222223,2.111111111111111,0.6666666666666666,1.1111111111111112,34.0,3.0,0.3333333333333333,36.55555555555556,0.7777777777777777,0.0,37.333333333333336,37.666666666666664,0.6000000000000001,0.2529182879377432,0.5925925925925926,0.09375,0.3042704626334519,0.2727272727272727,,0.3036649214659686,0.3048780487804878,0.9090909090909091,0.7409200968523003,0.482142857142857,0.9714285714285714,0.686847599164927,0.368421052631579,0.0,0.6666666666666666,0.6557059961315281
Fabricio Camoes,Orthodox,No,No,No,Fabricio Camoes,0.0,0.6111111111111112,0.3333333333333333,0.05555555555555555,0.5861111111111111,3.5,0.8333333333333334,1.5555555555555554,4.111111111111111,1.3333333333333333,0.4444444444444444,5.888888888888888,19.5,9.722222222222221,23.555555555555557,2.222222222222222,15.944444444444443,1.5,2.055555555555556,15.5,2.944444444444444,1.0555555555555556,0.0,0.6666666666666666,0.3888888888888889,0.16666666666666666,1.9555555555555557,6.166666666666667,1.3888888888888886,2.0555555555555554,5.333333333333333,1.0,3.2777777777777772,9.611111111111112,24.166666666666668,21.055555555555557,37.333333333333336,0.8888888888888888,19.555555555555557,1.722222222222222,2.8888888888888893,17.27777777777778,2.0,4.888888888888889,0.2222222222222222,13.388888888888888,0.3333333333333333,0.8333333333333334,11.944444444444445,1.0,1.6111111111111114,14.555555555555555,16.277777777777775,0.2750000000000001,0.21951219512195125,0.5555555555555556,0.29729729729729726,0.2652329749103942,0.4528301886792453,0.42105263157894735,0.301994301994302,0.4127358490566037,0.25,0.6846590909090909,0.19354838709677424,0.7692307692307693,0.6913183279742765,0.5,0.3295454545454547,0.6022988505747127,0.43601190476190477
Anthony Njokuani,Orthodox,No,No,No,Anthony Njokuani,0.041666666666666664,0.125,0.041666666666666664,0.041666666666666664,0.0853174603174603,8.654761904761905,5.398809523809523,4.565476190476191,15.636904761904761,2.767857142857143,0.21428571428571427,18.61904761904762,41.351190476190474,20.78571428571429,43.64880952380952,0.3452380952380952,26.797619047619047,8.69047619047619,5.863095238095238,36.964285714285715,3.964285714285714,0.4226190476190476,0.0,1.255952380952381,0.0,0.0,1.2365079365079366,6.214285714285714,2.5416666666666665,4.6726190476190474,8.196428571428571,3.535714285714286,1.6964285714285714,13.428571428571429,35.976190476190474,18.303571428571427,41.726190476190474,2.6964285714285716,24.72023809523809,4.964285714285714,6.291666666666667,29.178571428571427,4.636904761904762,2.160714285714286,1.4404761904761905,18.50595238095238,2.4226190476190474,1.6190476190476193,20.982142857142858,1.1011904761904763,0.46428571428571425,22.547619047619047,23.422619047619047,0.36206896551724144,0.32296756996890275,0.6212328767123287,0.02131979695431472,0.4230273752012882,0.6981981981981983,0.5070422535211268,0.45026630200086376,0.4762034637938089,0.5342163355408389,0.7486154587045508,0.48800959232613916,0.8003784295175024,0.719094247246022,0.23748395378690623,0.2148760330578514,0.6267372600926538,0.5613409415121255
Bruno Santos,Orthodox,No,No,No,Bruno Santos,0.0,1.0,0.1111111111111111,0.0,1.8388888888888888,2.8888888888888893,1.3333333333333333,1.6666666666666667,2.7777777777777772,2.777777777777778,0.3333333333333333,5.888888888888889,12.777777777777779,11.666666666666666,20.11111111111111,2.6666666666666665,9.111111111111112,2.0,1.6666666666666667,8.88888888888889,3.111111111111111,0.7777777777777778,0.0,0.4444444444444444,0.1111111111111111,0.1111111111111111,1.1722222222222223,5.666666666666667,4.0,1.6666666666666667,6.4444444444444455,3.0,1.8888888888888886,11.333333333333334,26.333333333333332,28.333333333333332,45.44444444444445,1.3333333333333333,19.444444444444443,5.111111111111112,1.777777777777778,19.77777777777778,4.444444444444444,2.111111111111111,0.8888888888888888,13.777777777777779,1.1111111111111112,0.1111111111111111,13.333333333333334,1.4444444444444444,0.2222222222222222,15.0,17.11111111111111,0.375,0.3170731707317073,0.6666666666666666,0.6,0.31249999999999994,0.8928571428571429,0.42857142857142855,0.4608695652173913,0.580110497237569,0.6666666666666667,0.7085714285714285,0.21739130434782616,0.75,0.6741573033707865,0.32499999999999984,0.10526315789473695,0.5696202531645569,0.3765281173594133
Tor Troeng,Orthodox,No,No,No,Tor Troeng,0.0,0.16666666666666666,0.08333333333333333,0.27777777777777773,1.5467592592592592,2.861111111111111,1.5555555555555554,0.8333333333333334,2.444444444444444,2.111111111111111,0.6944444444444445,5.25,11.527777777777779,13.583333333333334,20.916666666666668,2.5277777777777777,8.777777777777779,1.8333333333333333,0.9166666666666666,8.305555555555555,2.4166666666666665,0.8055555555555555,0.19444444444444442,0.3055555555555555,0.3333333333333333,0.3055555555555555,1.9601851851851853,8.055555555555555,5.055555555555556,2.972222222222222,4.055555555555556,6.5,5.527777777777778,16.083333333333332,23.361111111111114,28.86111111111111,37.0,0.9444444444444445,14.527777777777779,5.777777777777779,3.0555555555555554,8.722222222222223,7.25,7.388888888888888,0.6388888888888888,6.472222222222221,0.7222222222222222,0.08333333333333333,4.666666666666667,0.75,1.861111111111111,7.277777777777778,8.13888888888889,0.06593406593406594,0.32594936708860756,0.8484848484848484,0.18181818181818182,0.294314381270903,0.8735632183908046,0.8620689655172415,0.4554216867469879,0.649402390438247,0.6764705882352942,0.4455066921606119,0.125,0.9,0.535031847133758,0.10344827586206895,0.25187969924812026,0.31153388822829975,0.21996996996996998
Ernest Chavez,Orthodox,No,No,No,Ernest Chavez,0.0,0.27777777777777773,0.0,0.0,1.0527777777777778,7.0,2.4444444444444446,3.722222222222222,11.388888888888888,1.6111111111111114,0.16666666666666666,13.166666666666666,32.611111111111114,24.555555555555557,44.77777777777778,0.8888888888888888,23.38888888888889,4.222222222222222,5.0,30.055555555555557,2.277777777777778,0.27777777777777773,0.0,0.16666666666666666,0.16666666666666666,0.0,0.23425925925925925,11.833333333333334,2.9444444444444446,3.3333333333333335,14.833333333333334,2.722222222222222,0.5555555555555556,18.11111111111111,45.55555555555555,18.61111111111111,46.05555555555555,0.3333333333333333,35.22222222222222,6.0,4.333333333333333,41.0,3.8888888888888893,0.6666666666666666,0.16666666666666666,23.38888888888889,3.0555555555555554,1.0,26.166666666666668,1.1666666666666667,0.1111111111111111,27.444444444444443,27.444444444444443,0.31249999999999994,0.2992874109263658,0.5789473684210527,0.055555555555555546,0.3789279112754158,0.7073170731707317,0.6000000000000001,0.40374787052810895,0.5483870967741936,0.5,0.6640378548895899,0.5092592592592593,0.9615384615384616,0.6382113821138211,0.30000000000000016,0.16666666666666663,0.6024390243902439,0.5958986731001206
Takenori Sato,Southpaw,No,No,No,Takenori Sato,0.0,0.0,0.0,0.0,0.01666666666666665,0.0,0.0,0.5,0.5,0.0,0.0,0.5,1.5,1.0,2.0,2.0,0.0,0.5,1.0,1.5,0.0,0.0,0.5,0.0,0.0,0.0,0.10833333333333331,12.0,2.0,0.0,1.0,2.5,10.5,14.0,15.5,18.0,19.5,0.0,13.5,2.0,0.0,2.5,2.5,10.5,0.0,1.5,0.0,0.0,1.5,0.0,0.0,1.5,1.5,0.0,,0.0,0.0,0.3333333333333333,,,0.3333333333333333,0.5,,0.11111111111111116,0.0,,0.6,0.0,0.0,0.09677419354838712,0.07692307692307687
Kazuki Tokudome,Southpaw,No,No,No,Kazuki Tokudome,0.1111111111111111,0.6944444444444443,0.0,0.0,1.989814814814815,7.472222222222222,1.3055555555555556,1.8333333333333333,6.861111111111111,1.7777777777777777,1.9722222222222223,10.611111111111112,26.416666666666668,26.027777777777775,48.22222222222222,1.6944444444444446,22.61111111111111,1.6111111111111114,2.194444444444444,19.583333333333332,3.0833333333333335,3.75,0.3333333333333333,0.3611111111111111,0.08333333333333333,0.08333333333333333,1.0,12.777777777777779,2.361111111111111,1.7777777777777777,10.027777777777779,4.611111111111112,2.2777777777777777,16.916666666666668,36.22222222222222,24.5,45.416666666666664,1.8611111111111114,30.277777777777775,3.388888888888889,2.555555555555556,25.833333333333332,7.027777777777778,3.361111111111111,1.5,17.5,1.027777777777778,0.7777777777777778,15.805555555555555,2.4166666666666665,1.0833333333333333,19.305555555555554,20.916666666666668,0.4098360655737704,0.33046683046683045,0.8103448275862067,0.3164556962025316,0.350354609929078,0.5765765765765766,0.5259259259259259,0.4016824395373292,0.5397465437788018,0.8059701492537313,0.5779816513761467,0.30327868852459017,0.8586956521739131,0.6118279569892473,0.34387351778656117,0.3223140495867769,0.5329754601226994,0.4605504587155963
Amir Sadollah,Orthodox,No,No,No,Amir Sadollah,0.0,0.18097643097643099,0.09764309764309764,0.0,0.6700897867564534,10.519781144781145,5.7786195286195285,6.275252525252526,15.407828282828282,5.181397306397306,1.9844276094276092,22.5736531986532,48.44781144781145,27.443602693602696,53.839225589225585,0.6519360269360269,31.84175084175084,9.1506734006734,7.455387205387205,37.1729797979798,8.062710437710438,3.2121212121212124,0.030303030303030304,0.7167508417508417,0.0,0.0,1.7800154320987653,12.89141414141414,2.1856060606060606,1.5164141414141412,10.757996632996631,2.9494949494949494,2.8859427609427613,16.593434343434343,42.765572390572395,23.199915824915823,50.45117845117844,1.8417508417508417,37.18728956228956,3.878787878787879,1.6994949494949496,32.4212962962963,5.148148148148148,5.1961279461279455,1.125,24.29587542087542,1.6931818181818183,0.1830808080808081,21.663299663299664,2.1986531986531985,2.310185185185185,26.17213804713805,27.251262626262626,0.2775984506132989,0.330376969440626,0.6314966424431976,0.024274585073952807,0.41448999694303856,0.6426371561309182,0.617793501048218,0.465937521717979,0.509732493238067,0.6108318098720293,0.6533381622282332,0.4365234375,0.5782565626547796,0.6681811691093429,0.4270765206017004,0.4445974404665477,0.6119908277647106,0.5401511612386545
Dashon Johnson,Orthodox,No,No,No,Dashon Johnson,0.0,0.16666666666666666,0.16666666666666666,0.3333333333333333,0.26666666666666666,3.3333333333333335,0.8333333333333334,0.3333333333333333,2.1666666666666665,1.8333333333333333,0.5,4.5,6.5,8.333333333333334,10.333333333333334,0.6666666666666666,5.333333333333333,0.8333333333333334,0.3333333333333333,4.166666666666667,1.8333333333333333,0.5,0.0,1.3333333333333333,0.6666666666666666,0.16666666666666666,2.7083333333333335,14.166666666666666,1.5,1.3333333333333333,1.8333333333333333,3.1666666666666665,12.0,17.0,26.833333333333332,35.833333333333336,47.166666666666664,3.5,23.666666666666668,1.6666666666666667,1.5,9.666666666666666,3.1666666666666665,14.0,2.1666666666666665,9.5,0.16666666666666666,0.16666666666666666,7.833333333333333,0.0,2.0,9.833333333333334,11.333333333333334,0.25,0.6250000000000001,1.0,0.5,0.5199999999999999,1.0,1.0,0.6923076923076923,0.8064516129032259,0.6190476190476191,0.4014084507042254,0.10000000000000009,0.11111111111111116,0.8103448275862069,0.0,0.1428571428571429,0.36645962732919257,0.24028268551236742
Paulo Thiago,Orthodox,No,No,No,Paulo Thiago,0.12165242165242167,0.4202279202279202,0.38404558404558403,0.09999999999999999,0.7000997150997151,5.007122507122507,2.0444444444444447,0.9492877492877493,4.8247863247863245,2.185185185185185,0.9908831908831909,8.0008547008547,20.656695156695157,12.242165242165242,26.025641025641026,1.3729344729344728,16.97207977207977,2.701994301994302,0.9826210826210827,15.806837606837606,2.901994301994302,1.9478632478632478,0.07692307692307693,0.5507122507122507,0.22136752136752136,0.037037037037037035,2.0033333333333334,6.607122507122507,1.5549857549857549,1.4564102564102566,5.301994301994302,0.8965811965811966,3.41994301994302,9.618518518518519,25.976068376068373,22.696581196581196,40.202564102564104,1.4686609686609688,20.842450142450144,2.754415954415954,2.379202279202279,19.286894586894586,1.5549857549857549,5.134188034188035,0.9179487179487179,14.235327635327636,1.1994301994301992,0.9227920227920228,13.984900284900284,0.6584045584045585,1.714245014245014,16.35754985754986,17.505982905982904,0.30608009960572735,0.29502115087625064,0.7566427667650781,0.42766019135981437,0.30523412998810423,0.7529943059100725,0.5087026473599532,0.38732501206813325,0.47038861521620146,0.6250242483026189,0.6829968424074251,0.4354571783202317,0.7685307148844449,0.7250986011196952,0.423415170392085,0.33388824149603247,0.6297161533736948,0.4354444373578247
Johnny Bedford,Orthodox,No,No,No,Johnny Bedford,0.3055555555555555,0.3333333333333333,0.0,0.16666666666666666,1.2249999999999999,9.277777777777779,5.5555555555555545,0.9444444444444445,6.527777777777778,2.777777777777778,6.472222222222222,15.777777777777777,31.25,23.61111111111111,40.611111111111114,0.5555555555555555,23.444444444444443,6.75,1.0555555555555556,18.5,3.527777777777778,9.222222222222221,0.05555555555555555,0.4166666666666667,0.3611111111111111,0.0,0.7925925925925926,4.861111111111111,0.6666666666666666,0.638888888888889,5.5,0.5833333333333334,0.08333333333333333,6.166666666666667,16.63888888888889,15.5,27.277777777777775,1.4722222222222223,14.027777777777779,1.5277777777777777,1.0833333333333333,15.25,1.25,0.13888888888888887,1.0555555555555556,9.166666666666666,0.8611111111111112,0.4444444444444444,9.75,0.6666666666666666,0.05555555555555555,10.472222222222221,11.777777777777779,0.6000000000000001,0.39573459715639814,0.8230452674897117,0.3157894736842105,0.35285285285285284,0.7874015748031497,0.7018072289156627,0.5048888888888888,0.5813953488372092,0.7169811320754718,0.6534653465346535,0.5636363636363637,0.6153846153846154,0.639344262295082,0.5333333333333333,0.3999999999999999,0.6293823038397328,0.4317718940936863
Anying Wang,Orthodox,No,No,No,Anying Wang,0.0,0.0,0.0,0.0,0.26666666666666666,5.0,0.0,1.5,6.5,0.0,0.0,6.5,25.0,8.5,27.0,0.0,21.0,0.5,3.5,25.0,0.0,0.0,0.0,1.0,0.0,0.0,1.975,6.5,1.5,0.0,3.5,0.0,4.5,8.0,14.5,35.5,50.0,1.5,12.5,2.0,0.0,7.0,0.0,7.5,0.5,6.0,0.5,0.0,3.5,0.0,3.0,6.5,14.5,,0.23809523809523808,0.0,0.0,0.26,,,0.26,0.3148148148148148,0.33333333333333337,0.48,0.25,-inf,0.5,,0.4,0.4482758620689655,0.29000000000000004
Jianping Yang,Orthodox,No,No,No,Jianping Yang,0.0,0.3333333333333333,0.0,0.0,0.1722222222222222,1.3333333333333333,0.0,5.666666666666667,7.0,0.0,0.0,7.0,26.0,8.0,27.333333333333332,1.3333333333333333,15.666666666666666,1.3333333333333333,9.0,25.666666666666668,0.3333333333333333,0.0,0.0,0.6666666666666666,0.3333333333333333,0.0,0.6833333333333332,4.333333333333333,2.6666666666666665,3.3333333333333335,9.333333333333334,1.0,0.0,10.333333333333334,30.333333333333332,13.666666666666666,34.333333333333336,1.0,21.333333333333332,4.666666666666667,4.333333333333333,28.666666666666668,1.3333333333333333,0.3333333333333333,0.3333333333333333,17.0,2.0,1.0,19.333333333333332,0.3333333333333333,0.3333333333333333,20.0,20.666666666666668,0.25,0.0851063829787234,0.0,0.037037037037037035,0.2727272727272727,0.0,,0.2692307692307692,0.29268292682926833,0.33333333333333337,0.796875,0.4285714285714286,0.8461538461538461,0.6744186046511628,0.25,1.0,0.6593406593406593,0.6019417475728156
Cung Le,Southpaw,No,No,No,Cung Le,0.0625,0.25,0.0,0.0,0.13611111111111113,4.5,5.0625,1.875,10.4375,1.0,0.0,11.4375,27.729166666666664,11.729166666666668,28.020833333333336,0.3333333333333333,18.270833333333332,7.25,2.208333333333333,26.395833333333336,1.2083333333333333,0.125,0.3333333333333333,0.0,0.0,0.0,0.16666666666666666,13.291666666666666,4.333333333333333,2.5833333333333335,17.583333333333332,2.125,0.5,20.208333333333332,49.916666666666664,24.125,53.95833333333333,0.1875,40.333333333333336,5.9375,3.6458333333333335,45.854166666666664,3.229166666666667,0.8333333333333334,0.1875,27.041666666666664,1.6041666666666667,1.0625,28.270833333333336,1.1041666666666665,0.3333333333333333,29.708333333333336,29.833333333333336,0.75,0.24629418472063855,0.6982758620689655,0.11320754716981134,0.3954222573007103,0.8275862068965518,0.0,0.4124718256949662,0.41858736059479557,1.0,0.6704545454545454,0.2701754385964913,1.0,0.6165379373012267,0.34193548387096784,0.4,0.5951585976627713,0.5528957528957529
Roland Delorme,Orthodox,No,No,No,Roland Delorme,0.13095238095238096,0.7738095238095237,0.36904761904761907,0.17857142857142858,0.9482142857142858,5.428571428571428,3.1666666666666665,1.1904761904761905,6.666666666666667,1.3809523809523807,1.7380952380952381,9.785714285714286,22.03571428571429,18.75,31.976190476190478,2.2738095238095237,16.30952380952381,4.2023809523809526,1.5238095238095237,18.28571428571429,1.4285714285714286,2.3214285714285716,0.047619047619047616,0.2976190476190476,0.2976190476190476,0.35714285714285715,1.6378968253968254,15.63095238095238,1.607142857142857,2.0714285714285716,13.392857142857144,1.6785714285714286,4.238095238095238,19.30952380952381,32.38095238095238,27.15476190476191,41.833333333333336,0.5119047619047619,28.476190476190478,1.7380952380952381,2.1666666666666665,23.44047619047619,2.1666666666666665,6.773809523809523,0.21428571428571427,12.845238095238095,0.13095238095238096,0.09523809523809523,10.047619047619047,0.48809523809523814,2.535714285714286,13.071428571428571,14.678571428571429,0.3403141361256544,0.3328467153284671,0.7535410764872521,0.5078125,0.3645833333333333,0.9666666666666665,0.7487179487179487,0.44408427876823336,0.586373790022338,0.41860465116279066,0.45108695652173925,0.07534246575342474,0.8626373626373627,0.42864398171660734,0.22527472527472525,0.37434094903339177,0.4036764705882353,0.3508821855435401
Danny Mitchell,Orthodox,No,No,No,Danny Mitchell,0.0,0.0,1.0,0.0,1.1055555555555556,6.0,3.0,3.6666666666666665,9.0,2.5,1.1666666666666667,12.666666666666666,25.666666666666668,25.5,41.5,1.5,17.0,3.5,5.166666666666667,20.5,2.8333333333333335,2.3333333333333335,0.0,0.0,0.16666666666666666,0.16666666666666666,2.108333333333333,7.5,3.6666666666666665,1.5,6.166666666666667,3.1666666666666665,3.3333333333333335,12.666666666666666,26.833333333333332,41.5,63.666666666666664,0.8333333333333334,20.333333333333332,4.5,2.0,16.5,3.8333333333333335,6.5,0.8333333333333334,12.833333333333334,0.8333333333333334,0.5,10.333333333333334,0.6666666666666666,3.1666666666666665,14.166666666666666,22.166666666666668,0.0,0.35294117647058826,0.8571428571428571,0.0,0.43902439024390244,0.8823529411764706,0.5,0.49350649350649345,0.6144578313253012,1.0,0.6311475409836065,0.18518518518518523,1.0,0.6262626262626263,0.17391304347826098,0.4871794871794871,0.5279503105590062,0.3481675392670157
Sai Wang,Southpaw,No,No,No,Sai Wang,0.0,0.0,0.0,0.3333333333333333,1.8305555555555557,8.666666666666666,3.3333333333333335,3.8333333333333335,8.333333333333334,4.0,3.5,15.833333333333334,33.833333333333336,35.166666666666664,58.333333333333336,0.3333333333333333,23.333333333333332,4.833333333333333,5.666666666666667,22.5,5.666666666666667,5.666666666666667,0.0,0.6666666666666666,0.5,0.0,1.1055555555555556,5.166666666666667,2.3333333333333335,3.8333333333333335,9.333333333333334,1.8333333333333333,0.16666666666666666,11.333333333333334,24.166666666666668,20.0,34.5,3.0,15.666666666666666,3.1666666666666665,5.333333333333333,21.666666666666668,2.1666666666666665,0.3333333333333333,2.3333333333333335,10.5,0.8333333333333334,1.5,12.333333333333334,0.3333333333333333,0.16666666666666666,12.833333333333334,14.5,0.0,0.37142857142857144,0.6896551724137931,0.0,0.3703703703703704,0.7058823529411764,0.6176470588235293,0.46798029556650245,0.6028571428571428,0.7777777777777778,0.6702127659574468,0.26315789473684204,0.875,0.5692307692307692,0.15384615384615385,0.5,0.5310344827586206,0.42028985507246375
Francis Carmont,Orthodox,No,No,No,Francis Carmont,0.037037037037037035,0.5555555555555555,0.1851851851851852,0.07407407407407407,1.3996913580246915,5.611111111111112,2.462962962962963,1.3518518518518519,4.9259259259259265,1.962962962962963,2.5370370370370368,9.425925925925926,22.796296296296294,16.77777777777778,31.425925925925927,1.4074074074074074,17.24074074074074,3.9814814814814814,1.5740740740740742,16.64814814814815,2.574074074074074,3.574074074074074,0.07407407407407407,0.35185185185185186,0.38888888888888884,0.16666666666666666,1.4243827160493827,3.7592592592592595,0.9074074074074074,2.5185185185185186,4.796296296296297,1.5,0.888888888888889,7.185185185185184,17.537037037037038,13.592592592592593,25.259259259259256,1.2592592592592593,12.555555555555555,1.7962962962962965,3.185185185185185,13.888888888888888,2.277777777777778,1.3703703703703702,0.9074074074074074,8.796296296296296,0.8888888888888888,0.6666666666666666,9.092592592592593,0.7777777777777777,0.48148148148148145,10.351851851851853,11.666666666666666,0.3947368421052631,0.32545649838882923,0.6186046511627906,0.35294117647058815,0.2958843159065629,0.762589928057554,0.7098445595854922,0.41348497156783104,0.5338833235120801,0.7205882352941176,0.7005899705014749,0.4948453608247423,0.8895348837209303,0.6546666666666666,0.3414634146341464,0.3513513513513512,0.590285110876452,0.4618768328445747
Jack May,Switch,No,No,No,Jack May,0.0,0.16666666666666666,0.0,0.16666666666666666,0.30833333333333335,4.0,1.3333333333333333,0.6666666666666666,2.8333333333333335,2.6666666666666665,0.5,6.0,15.833333333333334,9.666666666666666,19.5,0.5,12.666666666666666,2.1666666666666665,1.0,11.0,4.333333333333333,0.5,0.0,1.0,0.0,0.0,1.8972222222222221,11.333333333333334,0.6666666666666666,0.0,1.6666666666666667,0.3333333333333333,10.0,12.0,18.666666666666668,26.833333333333332,37.666666666666664,1.1666666666666667,17.5,1.1666666666666667,0.0,4.333333333333333,1.0,13.333333333333334,0.16666666666666666,6.166666666666667,0.5,0.0,2.6666666666666665,0.6666666666666666,3.3333333333333335,6.666666666666667,10.833333333333334,0.3333333333333333,0.31578947368421056,0.6153846153846154,0.16666666666666666,0.25757575757575757,0.6153846153846154,1.0,0.37894736842105264,0.4957264957264957,0.1428571428571429,0.35238095238095235,0.4285714285714286,-inf,0.6153846153846154,0.6666666666666667,0.25,0.3571428571428572,0.28761061946902655
Hernani Perpetuo,Orthodox,No,No,No,Hernani Perpetuo,0.0,0.0,0.16666666666666666,0.0,0.12777777777777774,7.5,2.3333333333333335,3.8333333333333335,12.666666666666666,0.8333333333333334,0.16666666666666666,13.666666666666666,47.0,14.833333333333334,48.333333333333336,0.6666666666666666,35.833333333333336,6.0,5.166666666666667,44.833333333333336,1.8333333333333333,0.3333333333333333,0.0,0.8333333333333334,0.0,0.0,0.6249999999999999,11.5,5.833333333333333,4.5,19.5,1.0,1.3333333333333333,21.833333333333332,49.0,24.5,52.166666666666664,1.3333333333333333,34.166666666666664,10.0,4.833333333333333,45.166666666666664,2.0,1.8333333333333333,0.5,22.666666666666668,4.166666666666667,0.3333333333333333,25.666666666666668,1.0,0.5,27.166666666666668,27.666666666666668,0.0,0.20930232558139533,0.3888888888888889,0.0,0.28252788104089216,0.4545454545454546,0.5,0.2907801418439716,0.30689655172413793,0.3749999999999999,0.6634146341463414,0.41666666666666674,0.8275862068965517,0.5682656826568265,0.5,0.2727272727272727,0.554421768707483,0.5303514376996805
Kyle Kingsbury,Orthodox,No,No,No,Kyle Kingsbury,0.037037037037037035,0.8068783068783069,0.0,0.0,0.9489858906525573,6.097883597883598,3.021164021164021,4.502645502645502,9.47883597883598,3.5449735449735447,0.5978835978835978,13.621693121693122,34.11640211640212,23.296296296296294,44.14550264550265,1.9841269841269842,24.03968253968254,3.9735449735449735,6.103174603174604,28.320105820105823,4.902116402116403,0.8941798941798941,0.037037037037037035,1.1481481481481481,0.2169312169312169,0.09523809523809523,1.837477954144621,12.391534391534393,3.828042328042328,1.634920634920635,11.373015873015873,3.074074074074074,3.407407407407407,17.854497354497354,36.73015873015873,32.67195767195767,52.87566137566137,2.4021164021164023,28.98677248677249,5.550264550264551,2.193121693121693,26.153439153439155,5.0476190476190474,5.529100529100529,1.253968253968254,16.595238095238095,1.7222222222222223,0.5582010582010583,14.78042328042328,1.9735449735449737,2.121693121693122,18.875661375661377,20.203703703703706,0.4066666666666666,0.2536590734015627,0.7603195739014647,0.13220632856523623,0.3347034096216721,0.7231516459794926,0.6686390532544378,0.39927109181141435,0.5277161862527715,0.5220264317180617,0.5725107237382496,0.3102955195424214,0.4764776839565742,0.5651426259356667,0.3909853249475891,0.38373205741626804,0.5139008931143763,0.3820983639365587
Steven Siler,Orthodox,No,No,No,Steven Siler,0.037037037037037035,0.1111111111111111,0.4259259259259259,0.05555555555555555,0.6925925925925925,9.796296296296296,3.6851851851851856,1.462962962962963,8.888888888888888,4.833333333333333,1.2222222222222223,14.944444444444443,36.0,27.5,49.74074074074074,0.6481481481481481,30.12962962962963,4.12962962962963,1.7407407407407407,26.38888888888889,7.351851851851852,2.2592592592592595,0.037037037037037035,1.0925925925925926,0.7037037037037037,0.037037037037037035,1.9055555555555557,8.314814814814815,2.5555555555555554,2.8703703703703702,7.2407407407407405,3.3888888888888893,3.111111111111111,13.74074074074074,30.555555555555557,27.537037037037038,45.7037037037037,2.388888888888889,23.388888888888886,3.7037037037037037,3.4629629629629632,21.51851851851852,4.351851851851852,4.685185185185186,1.2962962962962963,15.074074074074074,1.1481481481481481,0.5925925925925927,14.277777777777777,0.9629629629629629,1.5740740740740742,16.814814814814813,18.166666666666668,0.17142857142857143,0.32513829133374306,0.8923766816143498,0.06382978723404255,0.33684210526315783,0.6574307304785894,0.540983606557377,0.4151234567901234,0.5528667163067759,0.5426356589147288,0.6444972288202692,0.31000000000000005,0.6844919786096257,0.6635111876075732,0.22127659574468084,0.3359683794466404,0.5503030303030303,0.3974878444084279
Mike King,,No,No,No,Mike King,0.5,0.5,1.0,0.0,1.1749999999999998,16.5,1.5,1.0,8.5,2.5,8.0,19.0,32.5,30.0,51.5,2.0,29.5,2.0,1.0,18.0,2.5,12.0,0.0,1.5,0.5,0.0,1.0166666666666666,3.5,1.5,0.5,4.5,0.5,0.5,5.5,20.0,8.0,23.0,2.5,16.5,2.5,1.0,18.5,1.0,0.5,1.0,13.0,1.0,0.5,14.0,0.5,0.0,14.5,15.0,0.25,0.559322033898305,0.75,0.5,0.4722222222222222,1.0,0.6666666666666666,0.5846153846153846,0.5825242718446602,0.4,0.7878787878787878,0.4,-0.5,0.7567567567567568,0.5,0.0,0.725,0.6521739130434783
Cody Donovan,Orthodox,No,No,No,Cody Donovan,0.25,0.25,0.25,0.0,0.5916666666666667,11.375,5.375,0.75,11.875,4.875,0.75,17.5,28.875,22.125,34.25,1.25,22.25,5.875,0.75,21.0,6.625,1.25,0.625,0.125,0.0,0.25,0.6145833333333334,14.125,2.625,1.5,11.25,2.875,4.125,18.25,33.125,27.75,43.875,0.125,27.625,3.875,1.625,23.5,4.5,5.125,0.0,13.5,1.25,0.125,12.25,1.625,1.0,14.875,16.125,0.2,0.5112359550561798,0.9148936170212766,0.3333333333333333,0.5654761904761905,0.7358490566037735,0.6,0.6060606060606061,0.6459854014598541,0.0,0.4886877828054299,0.32258064516129037,0.9230769230769231,0.5212765957446808,0.36111111111111116,0.19512195121951215,0.4490566037735849,0.36752136752136755
Phil Harris,Orthodox,No,No,No,Phil Harris,0.0,0.4222222222222222,0.0,0.0,0.37296296296296294,6.711111111111111,0.8777777777777778,2.6555555555555554,8.922222222222222,1.1444444444444446,0.17777777777777778,10.244444444444445,40.78888888888889,11.799999999999999,42.58888888888889,2.3444444444444446,35.52222222222222,1.9111111111111112,3.3555555555555556,38.46666666666667,1.8777777777777775,0.4444444444444444,0.26666666666666666,0.2222222222222222,0.24444444444444446,0.1111111111111111,0.4951851851851852,7.477777777777778,1.211111111111111,4.666666666666667,10.988888888888889,0.4222222222222222,1.9444444444444446,13.355555555555554,45.03333333333333,15.244444444444445,47.21111111111111,0.4666666666666666,34.13333333333333,3.255555555555555,7.644444444444445,39.78888888888889,1.2222222222222223,4.022222222222222,0.24444444444444446,26.655555555555555,2.0444444444444443,2.977777777777778,28.8,0.7999999999999999,2.077777777777778,31.677777777777777,31.96666666666667,0.18009478672985782,0.18892711917422586,0.45930232558139533,0.12582781456953643,0.231946851530907,0.6094674556213019,0.4,0.25115772269136477,0.2770675710931385,0.5238095238095237,0.7809244791666666,0.6279863481228669,0.9709302325581395,0.7238201619659312,0.6545454545454545,0.5165745856353591,0.7034295583518382,0.6771004942339374
Tina Lahdemaki,Orthodox,No,No,No,Tina Lahdemaki,0.0,0.0,0.0,0.0,0.0,7.0,1.6666666666666667,1.0,8.666666666666666,1.0,0.0,9.666666666666666,47.0,16.333333333333332,56.666666666666664,0.0,41.0,4.0,2.0,44.666666666666664,2.3333333333333335,0.0,0.0,1.6666666666666667,0.6666666666666666,0.0,2.4166666666666665,16.333333333333332,4.333333333333333,2.6666666666666665,13.666666666666666,1.3333333333333333,8.333333333333334,23.333333333333332,54.666666666666664,44.0,76.0,2.0,44.0,8.0,2.6666666666666665,40.0,2.6666666666666665,12.0,0.3333333333333333,27.666666666666668,3.6666666666666665,0.0,26.333333333333332,1.3333333333333333,3.6666666666666665,31.333333333333332,32.0,,0.17073170731707318,0.4166666666666667,0.0,0.19402985074626866,0.42857142857142855,,0.20567375886524822,0.28823529411764703,0.16666666666666663,0.6287878787878789,0.45833333333333337,0.3749999999999999,0.6583333333333333,0.5,0.30555555555555547,0.5731707317073171,0.42105263157894735
Pat Healy,Orthodox,No,No,No,Pat Healy,0.0,0.5666666666666668,0.13333333333333333,0.0,1.1705555555555556,9.766666666666667,4.788888888888889,1.5333333333333332,10.666666666666666,3.733333333333333,1.6888888888888889,16.08888888888889,45.82222222222222,31.78888888888889,63.666666666666664,2.233333333333333,35.87777777777778,8.28888888888889,1.6555555555555557,37.24444444444445,5.655555555555556,2.9222222222222225,0.0,0.8888888888888888,0.05555555555555555,0.05555555555555555,1.336666666666667,13.47777777777778,2.3111111111111113,1.8,12.822222222222223,2.711111111111111,2.0555555555555554,17.58888888888889,32.87777777777778,27.866666666666664,43.97777777777778,1.6000000000000003,27.677777777777777,3.1555555555555554,2.0444444444444447,26.177777777777777,4.211111111111111,2.488888888888889,0.7111111111111111,14.200000000000001,0.8444444444444444,0.24444444444444446,13.355555555555556,1.5,0.43333333333333335,15.28888888888889,16.11111111111111,0.25373134328358216,0.27222050170331374,0.5777479892761394,0.34228187919463093,0.28639618138424816,0.6601178781925343,0.5779467680608364,0.3511154219204656,0.49930191972076793,0.44444444444444453,0.5130469690887194,0.26760563380281677,0.5652173913043479,0.5101867572156197,0.3562005277044856,0.1741071428571429,0.46502196688070296,0.36634663971702897
Daniel Spohn,Southpaw,No,No,No,Daniel Spohn,0.0,0.0,0.6666666666666666,0.0,0.35555555555555557,6.666666666666667,0.3333333333333333,1.0,5.666666666666667,2.0,0.3333333333333333,8.0,17.0,17.333333333333332,26.666666666666668,0.3333333333333333,15.333333333333334,0.3333333333333333,1.3333333333333333,13.333333333333334,3.3333333333333335,0.3333333333333333,0.0,1.6666666666666667,1.0,0.0,3.6888888888888887,3.6666666666666665,0.0,0.0,1.3333333333333333,0.3333333333333333,2.0,3.6666666666666665,8.0,36.666666666666664,42.333333333333336,2.3333333333333335,8.0,0.0,0.0,4.0,0.3333333333333333,3.6666666666666665,0.6666666666666666,4.333333333333333,0.0,0.0,2.6666666666666665,0.0,1.6666666666666667,4.333333333333333,5.666666666666667,0.0,0.43478260869565216,1.0,0.0,0.425,0.6,1.0,0.47058823529411764,0.6499999999999999,0.2857142857142857,0.5416666666666667,,-inf,0.6666666666666667,0.0,0.4545454545454545,0.5416666666666667,0.13385826771653553
Robert Drysdale,Orthodox,No,No,No,Robert Drysdale,0.0,1.0,3.0,0.0,1.5,0.0,0.0,0.0,0.0,0.0,0.0,0.0,5.0,2.0,7.0,1.0,4.0,1.0,0.0,5.0,0.0,0.0,0.0,0.0,0.0,0.0,0.0,0.0,0.0,0.0,0.0,0.0,0.0,0.0,0.0,1.0,1.0,0.0,0.0,0.0,0.0,0.0,0.0,0.0,0.0,0.0,0.0,0.0,0.0,0.0,0.0,0.0,0.0,1.0,0.0,0.0,inf,0.0,,,0.0,0.2857142857142857,,,,,,,,,0.0
Guilherme Vasconcelos,Orthodox,No,No,No,Guilherme Vasconcelos,0.0,0.0,0.0,0.0,0.0,9.666666666666666,3.0,3.6666666666666665,16.0,0.3333333333333333,0.0,16.333333333333332,55.333333333333336,16.333333333333332,55.333333333333336,1.0,45.0,6.333333333333333,4.0,54.666666666666664,0.6666666666666666,0.0,0.0,0.3333333333333333,0.0,0.0,0.005555555555555533,16.333333333333332,2.6666666666666665,3.0,22.0,0.0,0.0,22.0,75.33333333333333,22.0,75.33333333333333,0.3333333333333333,68.33333333333333,3.6666666666666665,3.3333333333333335,74.33333333333333,1.0,0.0,0.0,52.0,1.0,0.3333333333333333,52.333333333333336,1.0,0.0,53.333333333333336,53.333333333333336,0.0,0.2148148148148148,0.4736842105263158,0.0,0.29268292682926833,0.5,,0.2951807228915662,0.2951807228915662,0.0,0.7609756097560976,0.2727272727272727,0.9,0.7040358744394619,1.0,,0.7079646017699115,0.7079646017699115
Colton Smith,Orthodox,No,No,No,Colton Smith,0.08333333333333333,0.8888888888888888,0.3333333333333333,0.0,1.8199074074074073,2.138888888888889,1.138888888888889,2.388888888888889,3.0555555555555554,1.8055555555555554,0.8055555555555555,5.666666666666667,13.75,16.22222222222222,27.055555555555557,2.472222222222222,8.888888888888888,1.8333333333333333,3.027777777777778,10.5,2.277777777777778,0.9722222222222222,0.27777777777777773,0.27777777777777773,0.27777777777777773,0.25,0.2398148148148148,7.25,0.6388888888888888,0.25,5.888888888888888,1.4166666666666667,0.8333333333333334,8.138888888888888,16.222222222222225,8.527777777777779,16.777777777777775,0.38888888888888884,15.055555555555557,0.8333333333333334,0.3333333333333333,12.388888888888891,2.6666666666666665,1.1666666666666667,0.1111111111111111,7.8055555555555545,0.19444444444444442,0.08333333333333333,6.5,1.25,0.3333333333333333,8.083333333333334,8.25,0.35955056179775285,0.24062500000000003,0.6212121212121213,0.2935779816513761,0.291005291005291,0.7926829268292681,0.8285714285714285,0.41212121212121217,0.5995893223819301,0.2857142857142857,0.518450184501845,0.2333333333333334,0.16666666666666674,0.524663677130045,0.4687499999999999,0.2857142857142857,0.49828767123287687,0.49172185430463566
Chris Indich,,No,No,No,Chris Indich,0.0,0.16666666666666666,0.3333333333333333,0.0,0.5611111111111111,1.3333333333333333,1.3333333333333333,3.0,3.5,2.1666666666666665,0.0,5.666666666666667,19.5,11.166666666666666,25.5,0.5,12.5,2.6666666666666665,4.333333333333333,15.166666666666666,4.333333333333333,0.0,0.0,1.3333333333333333,0.0,0.0,3.1277777777777778,18.0,4.5,2.0,6.833333333333333,13.0,4.666666666666667,24.5,41.333333333333336,51.666666666666664,70.66666666666667,2.3333333333333335,32.5,6.0,2.8333333333333335,18.833333333333332,17.5,5.0,1.0,14.5,1.5,0.8333333333333334,12.0,4.5,0.3333333333333333,16.833333333333332,19.0,0.3333333333333333,0.10666666666666666,0.5,0.038461538461538464,0.23076923076923078,0.5,,0.2905982905982906,0.43790849673202614,0.4285714285714286,0.4461538461538461,0.25,0.5294117647058825,0.6371681415929203,0.2571428571428571,0.06666666666666665,0.4072580645161291,0.268867924528302
Mike Easton,Southpaw,No,No,No,Mike Easton,0.047619047619047616,0.25396825396825395,0.0,0.05555555555555555,0.47791005291005284,7.277777777777779,4.8809523809523805,5.5,13.111111111111109,3.865079365079365,0.6825396825396824,17.658730158730158,47.6984126984127,25.222222222222225,56.063492063492056,1.119047619047619,33.5,7.6269841269841265,6.571428571428572,41.80952380952381,4.936507936507937,0.9523809523809524,0.0,0.5396825396825397,0.0,0.05555555555555555,1.1265873015873016,12.595238095238095,4.436507936507937,4.444444444444445,16.158730158730158,4.698412698412699,0.619047619047619,21.476190476190478,56.43650793650793,27.21428571428571,63.492063492063494,1.642857142857143,44.19841269841269,6.8730158730158735,5.365079365079365,48.06349206349207,7.214285714285715,1.1587301587301588,1.103174603174603,31.603174603174605,2.4365079365079363,0.9206349206349206,31.90476190476191,2.515873015873016,0.5396825396825397,34.96031746031746,36.27777777777778,0.22695035460992907,0.21724709784411278,0.6399583766909469,0.03864734299516907,0.313591495823842,0.7829581993569131,0.7166666666666666,0.37021630615640594,0.4498867497168744,0.6714975845410629,0.7150296282995151,0.3545034642032333,0.8994082840236687,0.6638044914134743,0.3487348734873488,0.46575342465753433,0.6194628041063142,0.5713750000000001
Bobby Voelker,Orthodox,No,No,No,Bobby Voelker,0.0,0.4166666666666667,0.0,0.19444444444444442,0.762962962962963,11.5,3.3055555555555554,2.9166666666666665,10.972222222222221,5.111111111111111,1.6388888888888886,17.722222222222225,50.75,29.138888888888886,64.97222222222223,0.8333333333333334,42.27777777777778,4.638888888888889,3.8333333333333335,39.77777777777778,7.9444444444444455,3.0277777777777772,0.08333333333333333,0.5277777777777778,0.0,0.0,1.2236111111111112,18.666666666666668,4.277777777777778,3.2777777777777772,18.527777777777775,5.638888888888889,2.0555555555555554,26.222222222222225,44.388888888888886,31.055555555555557,50.166666666666664,1.8611111111111114,35.52777777777778,5.472222222222222,3.3888888888888893,34.611111111111114,7.222222222222222,2.555555555555556,1.3333333333333333,16.86111111111111,1.1944444444444444,0.1111111111111111,16.083333333333332,1.5833333333333333,0.5,18.166666666666668,19.11111111111111,0.5,0.2720105124835742,0.712574850299401,0.10869565217391304,0.2758379888268156,0.6433566433566432,0.5412844036697247,0.34920634920634924,0.44848225737494646,0.7164179104477613,0.47458952306489444,0.2182741116751269,0.8442622950819673,0.4646869983948637,0.21923076923076923,0.19565217391304368,0.4092615769712139,0.38095238095238093
Lance Benoist,Southpaw,No,No,No,Lance Benoist,0.08333333333333333,0.5,0.0,0.08333333333333333,1.5986111111111112,11.0,5.25,2.1666666666666665,11.333333333333334,2.5,4.583333333333333,18.416666666666668,36.0,35.0,54.583333333333336,1.5,26.75,6.333333333333333,2.9166666666666665,27.083333333333332,3.25,5.666666666666667,0.0,0.4166666666666667,0.0,0.16666666666666666,1.323611111111111,8.25,4.166666666666667,1.0833333333333333,8.583333333333334,2.6666666666666665,2.25,13.5,31.166666666666668,27.666666666666668,48.5,1.0833333333333333,24.75,5.0,1.4166666666666667,23.916666666666668,3.4166666666666665,3.8333333333333335,0.6666666666666666,16.5,0.8333333333333334,0.3333333333333333,15.333333333333334,0.75,1.5833333333333333,17.666666666666668,20.833333333333332,0.3333333333333333,0.411214953271028,0.8289473684210527,0.17142857142857143,0.4184615384615385,0.7692307692307693,0.8088235294117646,0.5115740740740741,0.6412213740458015,0.6153846153846154,0.6666666666666667,0.16666666666666663,0.7058823529411764,0.6411149825783973,0.2195121951219512,0.4130434782608696,0.5668449197860963,0.429553264604811
Jason High,Southpaw,No,No,No,Jason High,0.0,0.6777777777777777,0.9888888888888889,0.3333333333333333,1.5133333333333334,3.3000000000000003,0.6,0.1111111111111111,2.8666666666666667,0.7666666666666666,0.37777777777777777,4.011111111111111,10.9,10.144444444444444,18.055555555555557,0.8555555555555555,9.177777777777777,1.2666666666666666,0.45555555555555555,8.844444444444443,1.2333333333333334,0.8222222222222223,0.1111111111111111,0.8666666666666667,0.3111111111111111,0.1111111111111111,1.9220370370370372,4.711111111111111,2.3111111111111113,0.39999999999999997,3.288888888888889,0.35555555555555557,3.7777777777777772,7.422222222222222,13.722222222222223,25.944444444444443,32.53333333333333,1.2666666666666666,10.255555555555555,2.733333333333333,0.7333333333333334,8.666666666666666,0.5333333333333333,4.522222222222222,0.39999999999999997,5.544444444444444,0.4222222222222222,0.3333333333333333,5.377777777777777,0.17777777777777778,0.7444444444444445,6.3,6.588888888888889,0.7922077922077921,0.35956416464891044,0.4736842105263158,1.4878048780487803,0.32412060301507545,0.6216216216216215,0.45945945945945943,0.36799184505606525,0.5618461538461538,0.3157894736842105,0.5406283856988081,0.154471544715447,-0.18181818181818166,0.6205128205128205,0.33333333333333326,0.1646191646191647,0.45910931174089076,0.20252732240437155
Chris Holdsworth,,No,No,No,Chris Holdsworth,0.0,1.0,0.6666666666666666,0.0,3.0083333333333333,5.333333333333333,1.6666666666666667,1.0,6.166666666666667,1.5,0.3333333333333333,8.0,25.833333333333332,35.5,59.5,1.5,21.333333333333332,3.3333333333333335,1.1666666666666667,22.5,2.5,0.8333333333333334,0.0,0.0,0.0,0.0,0.0722222222222222,5.5,2.0,1.1666666666666667,7.833333333333333,0.8333333333333334,0.0,8.666666666666666,20.666666666666668,11.166666666666666,23.166666666666668,0.5,15.166666666666666,3.6666666666666665,1.8333333333333333,18.833333333333332,1.6666666666666667,0.16666666666666666,0.5,9.666666666666666,1.6666666666666667,0.6666666666666666,11.0,0.8333333333333334,0.16666666666666666,12.0,12.0,0.6666666666666666,0.25,0.5,0.8571428571428571,0.2740740740740741,0.6,0.39999999999999997,0.3096774193548387,0.5966386554621849,1.0,0.6373626373626373,0.4545454545454545,1.0,0.584070796460177,0.5,1.0,0.5806451612903226,0.5179856115107915
Anthony Lapsley,Southpaw,No,No,No,Anthony Lapsley,0.0,0.0,0.0,0.3333333333333333,1.7333333333333332,2.1666666666666665,0.5,0.3333333333333333,1.3333333333333333,0.0,1.6666666666666667,3.0,7.333333333333333,24.333333333333332,29.333333333333332,0.8333333333333334,6.166666666666667,0.8333333333333334,0.3333333333333333,5.666666666666667,0.0,1.6666666666666667,0.3333333333333333,0.8333333333333334,1.0,0.0,2.0722222222222224,2.0,0.3333333333333333,0.0,1.8333333333333333,0.3333333333333333,0.16666666666666666,2.3333333333333335,6.666666666666667,11.5,17.666666666666668,1.1666666666666667,6.333333333333333,0.3333333333333333,0.0,5.0,0.8333333333333334,0.8333333333333334,0.3333333333333333,4.333333333333333,0.0,0.0,3.1666666666666665,0.5,0.6666666666666666,4.333333333333333,6.166666666666667,0.0,0.3513513513513513,0.6,0.0,0.2352941176470588,,1.0,0.4090909090909091,0.8295454545454546,0.2857142857142857,0.6842105263157894,0.0,-inf,0.6333333333333333,0.6000000000000001,0.8,0.6499999999999999,0.34905660377358494
Ben Wall,Orthodox,No,No,No,Ben Wall,0.0,0.0,0.0,0.0,0.0,1.5,1.0,0.0,1.0,1.5,0.0,2.5,8.5,3.0,9.0,0.5,6.5,1.5,0.5,7.0,1.5,0.0,1.0,0.0,0.0,0.0,0.36666666666666664,9.5,3.0,2.0,7.5,3.5,3.5,14.5,20.5,15.5,21.5,3.0,15.5,3.0,2.0,13.0,4.0,3.5,3.0,6.0,0.0,0.0,5.5,0.5,0.0,6.0,6.0,0.0,0.23076923076923078,0.6666666666666666,0.0,0.14285714285714285,1.0,,0.29411764705882354,0.3333333333333333,1.0,0.3870967741935484,0.0,1.0,0.42307692307692313,0.125,0.0,0.29268292682926833,0.2790697674418605
Estevan Payan,Orthodox,No,No,No,Estevan Payan,0.0,0.16666666666666666,0.1111111111111111,0.1111111111111111,0.5462962962962963,4.444444444444444,3.2777777777777772,1.5555555555555556,4.555555555555556,3.611111111111111,1.1111111111111112,9.277777777777779,25.5,16.277777777777775,32.94444444444445,0.16666666666666666,18.11111111111111,4.666666666666667,2.722222222222222,19.11111111111111,4.277777777777778,2.111111111111111,0.27777777777777773,1.111111111111111,0.16666666666666666,0.0,1.7953703703703703,6.388888888888889,3.5,4.833333333333333,8.333333333333334,1.6666666666666667,4.722222222222222,14.722222222222221,26.666666666666668,22.555555555555557,35.166666666666664,1.6666666666666667,16.72222222222222,4.0,5.944444444444444,18.166666666666668,2.611111111111111,5.888888888888888,0.5555555555555555,10.333333333333334,0.5,1.1111111111111112,9.833333333333334,0.9444444444444443,1.1666666666666667,11.944444444444445,12.611111111111112,1.0,0.24539877300613494,0.7023809523809522,0.06122448979591837,0.23837209302325585,0.8441558441558442,0.5263157894736842,0.36383442265795213,0.4940978077571668,0.3333333333333335,0.6179401993355481,0.125,0.8130841121495327,0.5412844036697247,0.36170212765957444,0.19811320754716977,0.44791666666666674,0.35860979462875187
Mark Bocek,Orthodox,No,No,No,Mark Bocek,0.0,1.1737891737891737,0.4358974358974359,0.09971509971509972,2.5909781576448245,6.564102564102565,2.341880341880342,1.9743589743589745,3.5014245014245016,3.2450142450142447,4.133903133903133,10.88034188034188,25.056980056980056,24.85185185185185,40.1082621082621,3.139601139601139,19.823361823361825,3.0199430199430197,2.2136752136752134,13.575498575498576,4.091168091168091,7.39031339031339,0.037037037037037035,0.3846153846153846,0.28774928774928776,0.12535612535612536,0.7676163342830008,7.763532763532763,2.1709401709401708,1.3247863247863247,6.01994301994302,3.301994301994302,1.9373219373219375,11.25925925925926,28.430199430199433,29.49002849002849,47.566951566951566,0.5698005698005698,23.783475783475783,3.1452991452991452,1.5014245014245013,20.632478632478634,4.612535612535613,3.185185185185185,0.1851851851851852,16.01994301994302,0.9743589743589745,0.17663817663817663,14.612535612535611,1.3105413105413104,1.2478632478632479,17.17094017094017,18.076923076923077,0.37386569872958264,0.3311296349525726,0.7754716981132076,0.5302445302445302,0.2579223504721931,0.793175487465181,0.559367771781033,0.4342239909039227,0.6196192641000142,0.32500000000000007,0.6735745088643987,0.3097826086956522,0.7438330170777989,0.7082297707815521,0.2841260037059914,0.3917710196779963,0.6039683335003507,0.38003114518447534
Ronny Markes,Orthodox,No,No,No,Ronny Markes,0.0,0.9166666666666666,0.15,0.0,2.160555555555556,3.8333333333333335,2.183333333333333,3.75,4.95,3.016666666666667,1.8,9.766666666666667,18.166666666666668,21.166666666666668,32.1,2.316666666666667,11.433333333333332,2.566666666666667,4.166666666666667,12.766666666666666,3.3000000000000003,2.1,0.21666666666666667,0.0,0.06666666666666667,0.06666666666666667,0.5605555555555556,6.416666666666667,2.3666666666666667,1.8499999999999999,6.3500000000000005,1.7666666666666666,2.5166666666666666,10.633333333333333,19.383333333333333,20.900000000000002,30.866666666666664,0.8666666666666667,14.033333333333333,2.716666666666667,2.6333333333333333,13.733333333333334,2.1333333333333333,3.516666666666667,0.8666666666666667,7.616666666666667,0.35000000000000003,0.7833333333333333,7.383333333333333,0.3666666666666667,1.0,8.75,9.966666666666667,0.39568345323741,0.3352769679300292,0.8506493506493505,0.21999999999999997,0.38772845953002616,0.9141414141414141,0.8571428571428571,0.5376146788990825,0.6593977154724818,1.0,0.5427553444180522,0.1288343558282209,1.0,0.537621359223301,0.171875,0.28436018957345977,0.4514187446259673,0.3228941684665225
Thiago Perpetuo,Orthodox,No,No,No,Thiago Perpetuo,0.4444444444444444,0.5555555555555555,0.0,0.0,1.5333333333333332,13.555555555555555,4.777777777777778,1.0,8.555555555555555,1.222222222222222,9.555555555555555,19.333333333333332,26.333333333333332,26.444444444444443,35.22222222222222,0.888888888888889,18.333333333333332,6.333333333333333,1.6666666666666667,13.0,1.5555555555555556,11.777777777777777,0.1111111111111111,0.2222222222222222,0.5555555555555555,0.0,0.35185185185185186,5.4444444444444455,1.0,1.5555555555555556,6.111111111111112,1.0,0.8888888888888888,8.0,19.0,13.222222222222223,25.555555555555554,0.6666666666666666,15.333333333333334,1.5555555555555554,2.111111111111111,16.11111111111111,1.3333333333333333,1.5555555555555556,0.4444444444444444,9.888888888888888,0.5555555555555555,0.5555555555555555,10.0,0.3333333333333333,0.6666666666666666,11.0,12.333333333333334,0.6249999999999999,0.7393939393939394,0.7543859649122807,0.33333333333333326,0.6581196581196581,0.7857142857142856,0.8113207547169812,0.7341772151898734,0.750788643533123,0.6666666666666667,0.644927536231884,0.3571428571428571,0.8947368421052632,0.6206896551724137,0.25,0.4285714285714286,0.5789473684210527,0.4826086956521738
Jake Shields,Orthodox,No,No,Yes,Jake Shields,0.0,0.2785714285714286,0.02857142857142857,0.02857142857142857,1.1698214285714286,5.514285714285714,4.557142857142857,2.85,10.103571428571428,2.032142857142857,0.7857142857142857,12.921428571428573,47.42857142857143,23.32857142857143,59.0,2.939285714285714,35.082142857142856,7.103571428571428,5.242857142857143,43.13928571428571,3.360714285714286,0.9285714285714286,0.025,0.425,0.08571428571428572,0.0,0.8196428571428571,6.657142857142857,3.682142857142857,0.8821428571428571,7.1,3.185714285714286,0.9357142857142857,11.221428571428572,30.18571428571429,20.725,40.542857142857144,0.6857142857142857,23.232142857142854,6.042857142857143,0.9107142857142858,24.496428571428574,4.1607142857142865,1.5285714285714285,0.26071428571428573,16.575,2.3607142857142858,0.02857142857142857,17.396428571428572,0.975,0.5928571428571429,18.964285714285715,19.817857142857143,0.09477521263669503,0.15718212358749872,0.6415284062342886,0.05313351498637602,0.23420812981207054,0.6046758767268862,0.8461538461538461,0.2724397590361446,0.3953995157384988,0.38020833333333337,0.7134511913912375,0.390661938534279,0.5333333333333334,0.7101618311707246,0.23433476394849795,0.3878504672897196,0.6282536677709418,0.4888125440451022
Renee Forte,Orthodox,No,No,No,Renee Forte,0.1111111111111111,0.6944444444444443,0.0,0.0,1.6439814814814815,6.833333333333333,1.722222222222222,1.222222222222222,4.944444444444444,2.1666666666666665,2.6666666666666665,9.777777777777777,29.444444444444446,14.638888888888888,34.94444444444445,1.2222222222222223,24.694444444444443,3.25,1.5,20.083333333333332,3.8333333333333335,5.527777777777778,0.08333333333333333,0.611111111111111,0.1111111111111111,0.0,0.7513888888888888,6.0555555555555545,1.8055555555555556,2.027777777777778,6.25,2.3333333333333335,1.3055555555555556,9.888888888888888,26.416666666666668,12.694444444444445,29.5,1.8611111111111114,19.083333333333332,3.8333333333333335,3.5,20.694444444444446,3.5277777777777772,2.194444444444444,1.25,13.027777777777779,2.027777777777778,1.4722222222222223,14.444444444444443,1.1944444444444444,0.8888888888888888,16.52777777777778,16.805555555555554,0.568181818181818,0.2767154105736783,0.5299145299145299,0.46296296296296285,0.2461964038727524,0.5652173913043478,0.4824120603015075,0.33207547169811313,0.4189189189189188,0.6716417910447763,0.6826783114992723,0.5289855072463768,0.8253968253968254,0.6979865771812082,0.3385826771653542,0.40506329113924044,0.6256572029442693,0.5696798493408664
Robert McDaniel,Southpaw,No,No,No,Robert McDaniel,0.0,0.27777777777777773,0.4444444444444444,0.2222222222222222,1.7481481481481478,5.111111111111112,1.3333333333333333,1.2222222222222223,4.833333333333333,1.0555555555555556,1.777777777777778,7.666666666666667,17.61111111111111,20.11111111111111,30.38888888888889,0.5,12.833333333333334,2.5,2.277777777777778,13.833333333333334,1.3333333333333333,2.4444444444444446,0.0,0.4444444444444444,0.27777777777777773,0.16666666666666666,0.9907407407407408,4.0,2.111111111111111,2.777777777777778,5.944444444444444,1.1111111111111112,1.8333333333333333,8.888888888888888,20.666666666666668,11.666666666666666,23.555555555555557,1.0555555555555556,14.222222222222221,3.444444444444444,3.0,16.61111111111111,1.5555555555555554,2.5,0.611111111111111,10.222222222222221,1.3333333333333333,0.2222222222222222,10.666666666666666,0.4444444444444444,0.6666666666666666,11.777777777777779,11.888888888888888,0.5555555555555555,0.39826839826839827,0.5333333333333333,0.12195121951219508,0.34939759036144574,0.7916666666666667,0.7272727272727273,0.4353312302839117,0.6617915904936015,0.5789473684210527,0.71875,0.3870967741935484,0.8518518518518519,0.6421404682274248,0.2857142857142856,0.2666666666666667,0.5698924731182797,0.5047169811320755
Will Campuzano,Orthodox,No,No,No,Will Campuzano,0.0,0.4166666666666667,0.08333333333333333,0.16666666666666666,0.7305555555555555,6.25,3.4166666666666665,0.5833333333333334,8.75,0.6666666666666666,0.8333333333333334,10.25,28.5,17.583333333333332,37.166666666666664,0.9166666666666666,23.416666666666668,4.25,0.8333333333333334,25.666666666666668,1.0833333333333333,1.75,0.0,1.25,0.3333333333333333,0.08333333333333333,1.7166666666666668,13.166666666666666,2.8333333333333335,2.9166666666666665,14.5,1.0833333333333333,3.3333333333333335,18.916666666666668,36.75,24.75,43.833333333333336,2.25,30.083333333333332,3.4166666666666665,3.25,31.166666666666668,1.3333333333333333,4.25,1.0,16.916666666666668,0.5833333333333334,0.3333333333333333,16.666666666666668,0.25,0.9166666666666666,17.833333333333332,19.083333333333332,0.4545454545454546,0.2669039145907473,0.8039215686274509,0.5,0.3409090909090909,0.6153846153846154,0.4761904761904762,0.35964912280701755,0.4730941704035874,0.4444444444444444,0.5623268698060941,0.1707317073170731,0.6153846153846154,0.5347593582887701,0.1875,0.21568627450980393,0.4852607709750567,0.435361216730038
Cyrille Diabate,Southpaw,No,No,No,Cyrille Diabate,0.125,0.3333333333333333,0.041666666666666664,0.20833333333333334,0.9486111111111111,15.416666666666666,5.5,3.3333333333333335,17.458333333333332,1.5416666666666667,5.25,24.25,32.166666666666664,32.5,41.041666666666664,0.375,22.25,6.083333333333333,3.8333333333333335,24.541666666666668,1.9583333333333333,5.666666666666667,0.08333333333333333,0.625,0.6666666666666666,0.25,1.3277777777777777,3.7083333333333335,2.0,1.4583333333333333,4.208333333333333,0.7916666666666666,2.1666666666666665,7.166666666666667,20.0,10.458333333333334,24.25,1.7083333333333333,14.833333333333334,3.5416666666666665,1.625,15.666666666666666,1.0833333333333333,3.25,1.0833333333333333,11.125,1.5416666666666667,0.16666666666666666,11.458333333333334,0.2916666666666667,1.0833333333333333,12.833333333333334,13.791666666666666,0.8888888888888888,0.6928838951310862,0.904109589041096,0.08695652173913043,0.7113752122241086,0.7872340425531915,0.926470588235294,0.7538860103626943,0.7918781725888325,0.6341463414634146,0.75,0.43529411764705883,0.6153846153846154,0.7313829787234043,0.26923076923076916,0.33333333333333337,0.6416666666666666,0.5687285223367697
Melvin Guillard,Orthodox,No,No,No,Melvin Guillard,0.2333333333333333,0.28484848484848485,0.0707070707070707,0.0707070707070707,0.31865319865319863,8.123232323232324,2.61010101010101,1.3313131313131314,8.654545454545454,1.2262626262626262,2.183838383838384,12.064646464646465,30.41212121212121,13.809090909090907,32.25050505050505,0.4858585858585858,25.204040404040402,3.7191919191919194,1.488888888888889,24.820202020202018,2.1272727272727274,3.464646464646465,0.030303030303030304,0.9060606060606061,0.20303030303030303,0.030303030303030304,1.0452693602693603,3.7121212121212124,1.5,2.613131313131313,6.413131313131313,1.0686868686868687,0.3434343434343434,7.825252525252526,24.553535353535352,15.986868686868688,34.37878787878788,2.475757575757576,17.88080808080808,2.942424242424243,3.7303030303030305,21.294949494949496,2.3444444444444446,0.914141414141414,1.5696969696969696,14.16868686868687,1.4424242424242424,1.1171717171717173,14.881818181818183,1.2757575757575756,0.5707070707070707,16.72828282828283,18.39191919191919,0.5862785862785863,0.322298813722347,0.7017925040738728,0.19131614654002713,0.3486895653589452,0.5764482431149097,0.6303206997084547,0.3967051946326558,0.4281821598596843,0.6340269277845778,0.7923963393966783,0.4902162718846551,0.7571080422420796,0.698842614552699,0.5441619991383024,0.6243093922651933,0.6812983379957216,0.5349786983987073
Albert Cheng,Orthodox,No,No,No,Albert Cheng,0.0,0.0,0.0,0.0,0.1,4.0,1.0,0.0,5.0,0.0,0.0,5.0,12.0,5.0,12.0,1.0,10.0,2.0,0.0,12.0,0.0,0.0,0.0,0.0,0.0,0.0,0.5333333333333333,10.0,0.0,3.0,13.0,0.0,0.0,13.0,45.0,15.0,47.0,0.0,37.0,1.0,7.0,45.0,0.0,0.0,0.0,27.0,1.0,4.0,32.0,0.0,0.0,32.0,32.0,0.0,0.4,0.5,,0.4166666666666667,,,0.4166666666666667,0.4166666666666667,,0.7297297297297297,1.0,1.0,0.7111111111111111,,,0.7111111111111111,0.6808510638297872
John Hathaway,Orthodox,No,No,No,John Hathaway,0.07407407407407407,0.8240740740740741,0.26851851851851855,0.037037037037037035,1.8487654320987652,11.055555555555555,3.4305555555555554,1.962962962962963,8.412037037037036,1.972222222222222,6.064814814814814,16.449074074074073,40.550925925925924,42.675925925925924,71.44444444444444,1.8935185185185184,33.24074074074074,5.106481481481482,2.2037037037037037,26.550925925925924,3.138888888888889,10.861111111111112,0.0787037037037037,0.6342592592592592,0.28703703703703703,0.1574074074074074,1.066898148148148,5.50462962962963,1.8796296296296298,1.2546296296296295,4.99537037037037,1.4398148148148149,2.2037037037037037,8.638888888888888,22.74537037037037,18.921296296296294,34.0787037037037,1.6296296296296298,18.666666666666668,2.5879629629629632,1.4907407407407407,17.060185185185187,2.3055555555555554,3.3796296296296298,0.9953703703703703,13.162037037037038,0.7083333333333334,0.23611111111111108,12.064814814814815,0.8657407407407408,1.1759259259259258,14.106481481481481,15.157407407407407,0.4352078239608802,0.3325905292479109,0.6718041704442429,0.3739495798319328,0.3168265039232781,0.6283185840707964,0.558397271952259,0.40563991323210413,0.5973302229134266,0.6107954545454546,0.705109126984127,0.2737030411449016,0.5745341614906833,0.7071913161465401,0.3755020080321284,0.34794520547945207,0.6201913291268064,0.44477652492867825
Ivan Menjivar,Orthodox,No,No,No,Ivan Menjivar,0.1037037037037037,0.07407407407407407,0.3111111111111111,0.0,0.18469135802469136,4.7407407407407405,3.488888888888889,2.9925925925925925,8.177777777777777,1.5407407407407405,1.5037037037037038,11.222222222222221,31.52592592592593,21.985185185185184,42.91851851851852,0.31851851851851853,20.42962962962963,5.940740740740741,5.155555555555555,27.118518518518517,2.303703703703704,2.1037037037037036,0.0,0.9925925925925926,0.31851851851851853,0.037037037037037035,1.9177777777777776,5.592592592592593,2.903703703703704,2.6,7.348148148148148,1.5333333333333332,2.214814814814815,11.096296296296297,33.48888888888889,20.52592592592593,45.007407407407406,1.348148148148148,25.074074074074076,5.185185185185185,3.22962962962963,26.585185185185185,2.2222222222222223,4.681481481481481,0.35555555555555557,19.48148148148148,2.2814814814814817,0.6296296296296297,19.237037037037037,0.6888888888888888,2.466666666666667,22.392592592592592,24.48148148148148,0.2325581395348837,0.2320522117476432,0.587281795511222,0.014367816091954025,0.3015569516525539,0.6688102893890674,0.7147887323943662,0.3559680451127819,0.5122540559199171,0.2637362637362637,0.7769571639586411,0.43999999999999995,0.6926605504587156,0.7235998885483421,0.31000000000000005,0.5268987341772151,0.6686573766865738,0.5439433838051349
Nam Phan,Orthodox,No,No,No,Nam Phan,0.0,0.041666666666666664,0.041666666666666664,0.0,0.20972222222222223,18.708333333333332,5.583333333333333,1.0,24.791666666666668,0.16666666666666666,0.3333333333333333,25.291666666666668,70.41666666666667,27.833333333333332,73.04166666666667,0.25,60.416666666666664,8.583333333333334,1.4166666666666667,69.54166666666667,0.25,0.625,0.041666666666666664,0.9583333333333334,0.08333333333333333,0.0,1.2895833333333333,25.541666666666668,6.958333333333333,3.75,29.5,1.375,5.375,36.25,95.91666666666667,50.041666666666664,112.0,2.375,79.95833333333333,11.416666666666666,4.541666666666667,87.25,1.875,6.791666666666667,1.4166666666666667,54.416666666666664,4.458333333333333,0.7916666666666666,57.75,0.5,1.4166666666666667,59.666666666666664,61.958333333333336,0.16666666666666666,0.3096551724137931,0.6504854368932038,0.02941176470588235,0.35650089874176155,0.6666666666666666,0.5333333333333333,0.3591715976331361,0.38106103822019394,0.5964912280701754,0.6805627931214173,0.3905109489051095,0.7889908256880734,0.66189111747851,0.2666666666666667,0.20858895705521474,0.6220677671589923,0.5531994047619048
TJ Waldburger,Orthodox,No,No,No,TJ Waldburger,0.125,0.7638888888888888,1.3055555555555556,0.16666666666666666,1.4155092592592593,5.847222222222221,1.1666666666666667,1.4722222222222223,4.013888888888889,1.1944444444444444,3.2777777777777772,8.486111111111112,17.152777777777775,13.208333333333334,23.013888888888886,1.5277777777777777,14.083333333333334,1.4305555555555556,1.638888888888889,10.25,1.8194444444444446,5.083333333333333,0.08333333333333333,0.611111111111111,0.5138888888888888,0.041666666666666664,1.3226851851851853,8.277777777777779,1.361111111111111,0.986111111111111,3.3611111111111107,2.125,5.138888888888888,10.625,17.041666666666668,22.236111111111114,29.930555555555554,1.0,13.736111111111109,2.027777777777778,1.2777777777777777,8.013888888888888,3.2222222222222228,5.8055555555555545,0.38888888888888884,5.458333333333333,0.6666666666666666,0.2916666666666667,4.652777777777778,1.0972222222222223,0.6666666666666666,6.416666666666667,7.6944444444444455,0.5,0.41518737672583816,0.8155339805825244,0.46610169491525416,0.3915989159891599,0.6564885496183205,0.6448087431693988,0.4947368421052633,0.5739287869643935,0.38888888888888895,0.39737108190090986,0.32876712328767144,0.5217391304347826,0.5805892547660312,0.3405172413793105,0.1148325358851674,0.3765281173594133,0.25707656612528984
Rafaello Oliveira,Orthodox,No,No,No,Rafaello Oliveira,0.0,0.8154761904761904,0.5238095238095238,0.13095238095238096,1.759920634920635,5.875,1.8214285714285714,1.8690476190476193,6.660714285714286,0.7440476190476191,2.160714285714286,9.56547619047619,28.898809523809522,26.208333333333332,47.410714285714285,1.9345238095238095,23.053571428571427,3.130952380952381,2.714285714285714,23.44047619047619,2.0595238095238098,3.3988095238095237,0.23214285714285712,0.43452380952380953,0.5654761904761905,0.0,0.4575396825396825,8.208333333333334,3.630952380952381,2.7083333333333335,9.464285714285714,1.9523809523809526,3.130952380952381,14.547619047619046,36.13095238095238,22.43452380952381,44.654761904761905,0.4761904761904762,27.517857142857142,5.261904761904762,3.3511904761904763,29.273809523809522,2.6547619047619047,4.2023809523809526,0.041666666666666664,19.30952380952381,1.6309523809523807,0.6428571428571429,19.80952380952381,0.7023809523809524,1.0714285714285714,21.583333333333332,22.22023809523809,0.4215384615384615,0.2548412083656081,0.5817490494296578,0.30043859649122806,0.2841543930929406,0.361271676300578,0.6357267950963224,0.3309989701338826,0.5527934714375392,0.08750000000000002,0.7017088470690027,0.30995475113122173,0.8703374777975134,0.6766978446522978,0.26457399103139,0.25495750708215303,0.5973640856672158,0.49760063982937885
Cristiano Marcello,Orthodox,No,No,No,Cristiano Marcello,0.0,0.16666666666666666,0.08333333333333333,0.0,0.37546296296296294,10.777777777777779,3.0,2.0,14.0,1.6111111111111114,0.16666666666666666,15.777777777777777,47.05555555555555,20.972222222222225,53.72222222222222,1.5833333333333333,37.72222222222222,6.0,3.3333333333333335,43.44444444444445,3.1666666666666665,0.4444444444444444,0.1111111111111111,0.47222222222222215,0.08333333333333333,0.0,1.0685185185185186,15.75,2.611111111111111,1.1944444444444444,15.611111111111109,2.555555555555556,1.388888888888889,19.555555555555557,46.05555555555555,27.083333333333332,58.36111111111111,0.5555555555555555,40.75,3.361111111111111,1.9444444444444446,39.0,3.75,3.3055555555555554,0.08333333333333333,25.0,0.75,0.75,23.38888888888889,1.1944444444444444,1.9166666666666667,26.5,31.277777777777782,0.10526315789473684,0.28571428571428575,0.5,0.049999999999999996,0.3222506393861892,0.5087719298245615,0.375,0.3353010625737899,0.3903826266804551,0.15000000000000002,0.6134969325153374,0.22314049586776863,0.7571428571428572,0.5997150997150997,0.3185185185185184,0.5798319327731092,0.5753920386007236,0.5359352689195621
Nick Catone,Southpaw,No,No,No,Nick Catone,0.0,1.1083333333333334,0.15,0.041666666666666664,1.6147222222222222,5.683333333333334,1.5083333333333335,1.625,3.716666666666667,2.1333333333333333,2.966666666666667,8.816666666666666,20.391666666666666,18.025000000000002,30.683333333333334,2.5416666666666665,16.391666666666666,2.25,1.75,13.183333333333332,3.5,3.7083333333333335,0.041666666666666664,0.19166666666666665,0.5666666666666667,0.06666666666666667,0.43180555555555555,6.1000000000000005,2.15,2.35,6.075,3.25,1.2750000000000001,10.6,28.833333333333332,14.5,33.43333333333333,1.0999999999999999,23.058333333333334,3.1666666666666665,2.6083333333333334,22.383333333333336,4.633333333333334,1.8166666666666667,0.9083333333333333,16.958333333333332,1.0166666666666666,0.25833333333333336,16.308333333333334,1.3833333333333335,0.5416666666666666,18.233333333333334,18.933333333333334,0.4360655737704919,0.3467208947635994,0.6703703703703705,0.6333333333333334,0.2819216182048041,0.6095238095238095,0.8,0.4323661626481406,0.5874524714828898,0.8257575757575757,0.7354535598120708,0.32105263157894737,0.9265175718849841,0.7285927029039464,0.2985611510791367,0.2981651376146788,0.6323699421965319,0.5663010967098703
Mike Rio,Orthodox,No,No,No,Mike Rio,0.0,0.8333333333333334,0.5,0.0,1.2819444444444446,3.8333333333333335,1.25,1.1666666666666667,4.25,1.9166666666666667,0.08333333333333333,6.25,15.916666666666666,14.916666666666666,25.75,2.4166666666666665,12.75,1.5833333333333333,1.5833333333333333,12.666666666666666,3.0833333333333335,0.16666666666666666,0.25,0.25,0.25,0.5833333333333334,0.9597222222222221,8.416666666666666,2.75,1.5833333333333333,7.333333333333333,4.25,1.1666666666666667,12.75,25.333333333333332,18.083333333333332,31.333333333333332,0.25,20.166666666666668,3.3333333333333335,1.8333333333333333,17.583333333333332,6.5,1.25,0.0,11.75,0.5833333333333334,0.25,10.25,2.25,0.08333333333333333,12.583333333333334,13.25,0.3448275862068966,0.3006535947712418,0.7894736842105263,0.5263157894736843,0.3355263157894737,0.6216216216216216,0.5,0.39267015706806285,0.5792880258899676,0.0,0.5826446280991736,0.17500000000000004,0.8636363636363636,0.5829383886255923,0.34615384615384615,0.06666666666666665,0.4967105263157895,0.4228723404255319
Ramiro Hernandez,Orthodox,No,No,No,Ramiro Hernandez,0.0,0.0,0.0,0.0,0.0,10.833333333333334,1.1666666666666667,0.6666666666666666,12.666666666666666,0.0,0.0,12.666666666666666,44.833333333333336,13.0,45.333333333333336,0.0,41.833333333333336,2.3333333333333335,0.6666666666666666,44.166666666666664,0.6666666666666666,0.0,0.3333333333333333,0.0,0.16666666666666666,0.0,0.08333333333333331,17.0,5.666666666666667,1.5,23.666666666666668,0.3333333333333333,0.16666666666666666,24.166666666666668,69.0,24.166666666666668,69.0,0.0,58.5,8.666666666666666,1.8333333333333333,67.5,0.8333333333333334,0.6666666666666666,0.0,41.5,3.0,0.3333333333333333,43.833333333333336,0.5,0.5,44.833333333333336,44.833333333333336,,0.2589641434262948,0.5,0.0,0.28679245283018867,0.0,,0.28252788104089216,0.2867647058823529,,0.7094017094017093,0.34615384615384603,1.0,0.6493827160493827,0.6000000000000001,0.75,0.6497584541062802,0.6497584541062802
Brian Houston,Orthodox,No,No,No,Brian Houston,0.0,0.16666666666666666,0.0,0.0,0.375,5.833333333333333,0.6666666666666666,2.1666666666666665,7.333333333333333,1.3333333333333333,0.0,8.666666666666666,24.666666666666668,9.333333333333334,25.333333333333332,0.16666666666666666,21.166666666666668,1.3333333333333333,2.1666666666666665,23.333333333333332,1.3333333333333333,0.0,0.16666666666666666,0.16666666666666666,0.3333333333333333,0.0,0.34722222222222227,7.833333333333333,3.0,5.166666666666667,12.666666666666666,2.3333333333333335,1.0,16.0,35.666666666666664,16.666666666666668,36.333333333333336,2.3333333333333335,25.833333333333332,4.166666666666667,5.666666666666667,31.333333333333332,2.6666666666666665,1.6666666666666667,2.1666666666666665,18.0,1.1666666666666667,0.5,18.666666666666668,0.3333333333333333,0.6666666666666666,19.666666666666668,19.666666666666668,1.0,0.2755905511811023,0.5,0.07692307692307693,0.3142857142857143,1.0,,0.3513513513513513,0.368421052631579,0.9285714285714286,0.6967741935483871,0.28,0.9705882352941176,0.5957446808510638,0.12499999999999989,0.4,0.5514018691588785,0.5412844036697247
Quinn Mulhern,Orthodox,No,No,No,Quinn Mulhern,0.0,0.0,0.0,0.0,0.005555555555555533,3.5,1.0,0.5,4.666666666666667,0.3333333333333333,0.0,5.0,23.5,7.666666666666667,26.333333333333332,2.5,17.5,4.5,1.5,22.166666666666668,1.0,0.3333333333333333,0.16666666666666666,1.1666666666666667,0.0,0.0,2.525,6.5,2.5,0.8333333333333334,7.166666666666667,1.0,1.6666666666666667,9.833333333333334,21.166666666666668,26.666666666666668,40.0,1.5,16.333333333333332,3.5,1.3333333333333333,16.5,2.0,2.6666666666666665,0.3333333333333333,9.833333333333334,1.0,0.5,9.333333333333334,1.0,1.0,11.333333333333334,13.333333333333334,0.0,0.2,0.2222222222222222,0.0,0.21052631578947367,0.3333333333333333,0.0,0.2127659574468085,0.2911392405063291,0.2222222222222222,0.6020408163265305,0.2857142857142857,0.12499999999999989,0.5656565656565656,0.5,0.3749999999999999,0.5354330708661417,0.33333333333333326
Shunichi Shimizu,Orthodox,No,No,No,Shunichi Shimizu,0.0,0.0,0.0,0.3333333333333333,0.6055555555555556,0.0,0.0,0.6666666666666666,0.6666666666666666,0.0,0.0,0.6666666666666666,2.0,1.6666666666666667,5.0,2.0,0.3333333333333333,0.6666666666666666,1.0,2.0,0.0,0.0,0.0,0.6666666666666666,1.3333333333333333,0.3333333333333333,2.75,19.666666666666668,0.3333333333333333,1.6666666666666667,2.3333333333333335,0.3333333333333333,19.0,21.666666666666668,31.333333333333332,48.0,58.333333333333336,0.6666666666666666,28.666666666666668,0.3333333333333333,2.3333333333333335,7.333333333333333,0.3333333333333333,23.666666666666668,0.0,9.0,0.0,0.6666666666666666,5.0,0.0,4.666666666666667,9.666666666666666,10.333333333333334,0.0,0.0,0.0,0.0,0.3333333333333333,,,0.3333333333333333,0.33333333333333337,0.0,0.313953488372093,0.0,0.7142857142857143,0.6818181818181818,0.0,0.19718309859154937,0.3085106382978723,0.17714285714285716
Will Chope,Switch,No,No,No,Will Chope,0.0,0.0,0.0,0.0,0.5083333333333333,11.5,1.0,4.0,14.0,2.5,0.0,16.5,60.5,17.0,61.0,2.5,52.0,3.5,5.0,55.5,5.0,0.0,1.0,0.0,0.0,0.0,0.1333333333333333,29.0,7.0,1.0,15.0,20.5,1.5,37.0,69.5,39.5,72.5,0.0,59.5,9.0,1.0,36.5,30.5,2.5,0.0,30.5,2.0,0.0,21.5,10.0,1.0,32.5,33.0,0.0,0.22115384615384615,0.2857142857142857,0.0,0.25225225225225223,0.5,,0.2727272727272727,0.2786885245901639,,0.5126050420168067,0.2222222222222222,1.0,0.589041095890411,0.3278688524590164,0.4,0.4676258992805755,0.45517241379310347
Dave Galera,Orthodox,No,No,No,Dave Galera,0.0,0.0,0.6666666666666666,0.3333333333333333,0.027777777777777766,5.0,2.0,1.3333333333333333,2.6666666666666665,1.6666666666666667,4.0,8.333333333333334,12.0,29.666666666666668,36.333333333333336,0.0,7.666666666666667,3.0,1.3333333333333333,5.666666666666667,2.0,4.333333333333333,0.0,2.0,0.0,0.0,4.638888888888888,2.3333333333333335,0.0,0.3333333333333333,0.0,0.3333333333333333,2.3333333333333335,2.6666666666666665,4.0,28.0,34.666666666666664,2.3333333333333335,3.6666666666666665,0.0,0.3333333333333333,0.6666666666666666,0.3333333333333333,3.0,0.3333333333333333,1.3333333333333333,0.0,0.0,0.6666666666666666,0.0,0.6666666666666666,1.3333333333333333,6.666666666666667,,0.6521739130434783,0.6666666666666666,0.0,0.4705882352941176,0.8333333333333334,0.9230769230769231,0.6944444444444445,0.8165137614678899,0.1428571428571429,0.36363636363636354,,-5.0,1.0,0.0,0.2222222222222222,0.33333333333333337,0.1923076923076923
Chris Leben,Southpaw,No,No,No,Chris Leben,0.10259740259740259,0.37359307359307364,0.21385281385281385,0.0,1.1975180375180374,7.553679653679654,1.848051948051948,2.98008658008658,6.6103896103896105,3.1437229437229437,2.6277056277056277,12.381818181818181,29.219480519480516,42.23419913419914,61.264502164502154,0.8108225108225109,21.786580086580088,3.0588744588744583,4.374025974025974,19.25194805194805,5.966666666666666,4.0008658008658005,0.0909090909090909,0.6987012987012987,0.14805194805194805,0.03333333333333333,1.2858080808080807,8.92987012987013,2.3831168831168834,1.1878787878787878,7.463203463203463,2.8043290043290043,2.2333333333333334,12.500865800865801,27.008658008658006,20.53982683982684,35.95194805194805,1.5562770562770563,22.15974025974026,3.23982683982684,1.6090909090909091,18.244588744588743,4.7727272727272725,3.9913419913419914,0.8575757575757575,13.22987012987013,0.8567099567099566,0.4212121212121212,10.781385281385282,1.9683982683982684,1.7580086580086582,14.507792207792207,15.412121212121212,0.46075814201815274,0.34671250024837563,0.6041607698839514,0.0854117181314331,0.3433621154883972,0.5268809402887615,0.6567842458342351,0.4237521667629673,0.6893747217727406,0.5510431154381085,0.5970227978667292,0.264430785676109,0.5657788539144472,0.5909360540989441,0.4124263038548752,0.44045553145336225,0.5371533899663408,0.4286866789485725
Roger Bowling,Orthodox,No,No,No,Roger Bowling,0.0,0.8333333333333333,0.5,0.0,0.6416666666666666,8.5,2.166666666666667,2.5,11.166666666666666,0.8333333333333333,1.1666666666666667,13.166666666666666,35.5,15.833333333333334,38.5,1.1666666666666665,28.166666666666668,3.5,3.833333333333333,33.0,1.3333333333333333,1.1666666666666667,0.16666666666666666,1.0,0.0,0.0,0.6388888888888888,14.333333333333334,3.5,2.0,12.0,3.6666666666666665,4.166666666666667,19.833333333333336,38.83333333333333,22.166666666666668,41.16666666666667,1.3333333333333335,32.66666666666667,4.166666666666667,2.0,29.666666666666664,4.333333333333333,4.833333333333334,0.3333333333333333,18.333333333333336,0.6666666666666666,0.0,17.666666666666668,0.6666666666666666,0.6666666666666666,19.0,19.0,0.7142857142857143,0.30177514792899407,0.6190476190476192,0.21739130434782608,0.33838383838383834,0.625,1.0,0.3708920187793427,0.41125541125541126,0.2500000000000001,0.5612244897959184,0.16000000000000003,0.5,0.595505617977528,0.15384615384615385,0.13793103448275867,0.4892703862660943,0.46153846153846156
Darren Uyenoyama,Orthodox,No,No,No,Darren Uyenoyama,0.0,0.3333333333333333,0.25,0.16666666666666666,0.7861111111111111,4.083333333333333,1.9166666666666667,1.4166666666666667,4.916666666666667,1.0,1.5,7.416666666666667,17.5,15.916666666666666,27.916666666666668,1.3333333333333333,12.333333333333334,3.5,1.6666666666666667,14.416666666666666,1.1666666666666667,1.9166666666666667,0.16666666666666666,0.8333333333333334,0.0,0.08333333333333333,1.6083333333333334,6.0,2.1666666666666665,2.9166666666666665,8.833333333333334,1.25,1.0,11.083333333333334,35.833333333333336,15.25,41.333333333333336,1.3333333333333333,28.166666666666668,4.083333333333333,3.5833333333333335,30.333333333333332,1.8333333333333333,3.6666666666666665,0.5,22.166666666666668,1.9166666666666667,0.6666666666666666,21.5,0.5833333333333334,2.6666666666666665,24.75,26.083333333333332,0.25,0.33108108108108103,0.5476190476190477,0.19999999999999998,0.3410404624277457,0.8571428571428571,0.7826086956521738,0.4238095238095238,0.5701492537313433,0.3749999999999999,0.7869822485207101,0.4693877551020408,0.7674418604651163,0.7087912087912087,0.3181818181818181,0.7272727272727273,0.6906976744186046,0.6310483870967742
Mac Danzig,Orthodox,No,No,No,Mac Danzig,0.0846153846153846,0.39487179487179486,0.20128205128205132,0.10833333333333334,0.9982051282051282,11.008333333333333,3.117948717948718,1.941025641025641,11.158333333333333,3.055769230769231,1.853205128205128,16.067307692307693,31.830128205128204,37.05128205128205,54.810256410256414,1.0256410256410255,25.885256410256414,3.775,2.169871794871795,24.773076923076925,4.158974358974359,2.898076923076923,0.075,0.7993589743589743,0.3211538461538461,0.14230769230769233,1.574059829059829,9.605128205128205,3.2692307692307687,2.7076923076923074,7.721153846153847,4.516025641025641,3.344871794871795,15.582051282051282,35.64102564102564,25.09102564102564,45.83717948717949,1.5705128205128205,28.62628205128205,4.114102564102564,2.9006410256410255,24.63974358974359,6.028205128205129,4.973076923076923,0.7711538461538462,19.021153846153847,0.8448717948717949,0.19294871794871793,16.918589743589745,1.5121794871794874,1.6282051282051284,20.058974358974357,20.746153846153845,0.385,0.4252742626482751,0.825946680251316,0.18197932053175772,0.4504217771567562,0.7347410604192355,0.6394602963946029,0.5047830027187595,0.6759917664670658,0.4910204081632653,0.6644646975838054,0.20535992521034596,0.7244198895027625,0.6866382225922264,0.2508507018290089,0.32740397009538535,0.5628057553956836,0.45260537577266247
Cody McKenzie,Switch,No,No,No,Cody McKenzie,0.0,0.6547619047619048,0.4285714285714286,0.14285714285714285,1.0365079365079366,6.726190476190477,1.0357142857142858,0.6190476190476191,6.2976190476190474,1.0,1.0833333333333333,8.380952380952381,23.892857142857142,17.678571428571427,33.55952380952381,3.130952380952381,21.13095238095238,1.7976190476190474,0.9642857142857143,21.0,1.5595238095238095,1.3333333333333333,0.047619047619047616,0.44047619047619047,0.5595238095238095,0.047619047619047616,0.8065476190476191,6.071428571428572,4.583333333333333,1.4523809523809526,9.642857142857144,0.6547619047619048,1.8095238095238095,12.107142857142856,41.32142857142858,16.166666666666668,45.547619047619044,0.5238095238095238,31.357142857142858,7.988095238095238,1.9761904761904763,37.75,1.0,2.5714285714285716,0.08333333333333333,25.28571428571429,3.404761904761905,0.5238095238095238,28.107142857142858,0.3452380952380952,0.7619047619047619,29.21428571428571,29.38095238095238,0.20912547528517111,0.31830985915492965,0.576158940397351,0.6790123456790124,0.2998866213151927,0.6412213740458015,0.8125,0.3507722969606378,0.5267825470024831,0.15909090909090917,0.806378132118451,0.42622950819672134,0.7771084337349398,0.7445600756859034,0.34523809523809523,0.2962962962962964,0.7070008643042351,0.6450601150026136
Julie Kedzie,Orthodox,No,No,No,Julie Kedzie,0.0,0.3333333333333333,0.0,0.0,0.8194444444444445,6.166666666666667,4.833333333333333,2.6666666666666665,11.0,2.6666666666666665,0.0,13.666666666666666,43.666666666666664,25.666666666666668,56.833333333333336,1.5,35.0,5.833333333333333,2.8333333333333335,40.333333333333336,3.3333333333333335,0.0,0.0,0.16666666666666666,0.0,0.0,1.1861111111111111,6.166666666666667,6.0,7.0,12.166666666666666,7.0,0.0,19.166666666666668,33.333333333333336,27.666666666666668,42.166666666666664,0.6666666666666666,18.5,7.0,7.833333333333333,25.666666666666668,7.666666666666667,0.0,0.5,12.333333333333334,1.0,0.8333333333333334,13.5,0.6666666666666666,0.0,14.166666666666666,14.5,0.2222222222222222,0.1761904761904762,0.8285714285714285,0.1176470588235294,0.2727272727272727,0.7999999999999999,,0.31297709923664124,0.45161290322580644,0.75,0.6666666666666666,0.1428571428571429,0.9787234042553191,0.525974025974026,0.08695652173913049,,0.42500000000000004,0.34387351778656117
Nick Ring,Southpaw,No,No,No,Nick Ring,0.0,0.4444444444444444,0.1111111111111111,0.0,0.8592592592592592,7.833333333333333,3.444444444444444,6.0555555555555545,13.666666666666666,2.0,1.6666666666666667,17.333333333333332,40.611111111111114,24.555555555555557,49.5,1.2222222222222223,27.777777777777775,4.888888888888888,7.9444444444444455,36.166666666666664,2.5,1.9444444444444444,0.05555555555555555,0.5555555555555556,0.1111111111111111,0.05555555555555555,0.8083333333333332,11.277777777777779,2.9444444444444446,2.8888888888888893,13.833333333333334,2.611111111111111,0.6666666666666666,17.11111111111111,45.944444444444436,28.0,58.5,1.1666666666666667,37.77777777777778,4.388888888888888,3.7777777777777772,41.44444444444445,3.5555555555555554,0.9444444444444445,0.6111111111111112,26.5,1.4444444444444446,0.8888888888888888,27.61111111111111,0.9444444444444443,0.27777777777777773,28.833333333333332,30.5,0.3636363636363636,0.28200000000000003,0.7045454545454546,0.05594405594405593,0.37788018433179726,0.8,0.8571428571428572,0.42681258549931594,0.49607182940516276,0.5238095238095238,0.7014705882352941,0.3291139240506328,0.8529411764705882,0.6662198391420913,0.265625,0.2941176470588236,0.6275695284159613,0.5213675213675213
Pat Barry,Orthodox,No,No,No,Pat Barry,0.4388888888888889,0.0,0.027777777777777776,0.0,0.2765740740740741,5.338888888888889,0.6666666666666666,5.977777777777778,10.700000000000001,0.47222222222222227,0.8111111111111112,11.983333333333334,23.305555555555557,14.066666666666668,25.472222222222225,0.05555555555555555,15.28888888888889,0.8833333333333333,7.133333333333333,21.633333333333336,0.6944444444444445,0.9777777777777777,0.25,0.1388888888888889,0.41111111111111115,0.0,1.0141666666666667,9.072222222222223,2.433333333333333,3.1166666666666667,8.672222222222222,4.983333333333333,0.9666666666666667,14.622222222222222,39.483333333333334,28.53333333333333,54.69444444444445,1.0166666666666666,31.816666666666666,3.533333333333333,4.133333333333334,30.894444444444446,7.594444444444444,0.9944444444444445,0.8777777777777778,22.744444444444444,1.0999999999999999,1.0166666666666666,22.222222222222218,2.611111111111111,0.027777777777777776,24.861111111111114,26.16111111111111,0.0,0.3492005813953488,0.7547169811320754,0.0,0.4946070878274268,0.6799999999999999,0.8295454545454547,0.5141835518474375,0.5522355507088331,0.8633879781420765,0.714859437751004,0.3113207547169812,0.9663978494623656,0.7192950908110052,0.3438185808339429,0.027932960893854775,0.6296608977064866,0.4783138649060438
Peggy Morgan,,No,No,No,Peggy Morgan,0.0,0.0,0.0,0.0,1.9555555555555555,11.333333333333334,0.0,0.0,10.333333333333334,0.0,1.0,11.333333333333334,49.0,15.0,52.666666666666664,0.0,48.0,0.6666666666666666,0.3333333333333333,45.666666666666664,2.0,1.3333333333333333,0.0,0.3333333333333333,1.0,0.0,0.4888888888888889,26.666666666666668,11.666666666666666,2.6666666666666665,29.0,9.666666666666666,2.3333333333333335,41.0,61.666666666666664,67.0,88.33333333333333,0.6666666666666666,43.0,16.0,2.6666666666666665,47.666666666666664,11.666666666666666,2.3333333333333335,0.3333333333333333,16.333333333333332,4.333333333333333,0.0,18.666666666666668,2.0,0.0,20.666666666666668,21.333333333333332,,0.23611111111111113,0.0,0.0,0.22627737226277375,0.0,0.75,0.23129251700680273,0.2848101265822785,0.5,0.3798449612403101,0.27083333333333337,0.875,0.39160839160839156,0.17142857142857149,0.0,0.33513513513513515,0.2415094339622641
Edwin Figueroa,Orthodox,No,No,No,Edwin Figueroa,0.1111111111111111,0.05555555555555555,0.16666666666666666,0.3333333333333333,0.8481481481481481,8.777777777777777,2.4444444444444446,1.0833333333333333,7.5555555555555545,0.5,4.25,12.305555555555557,31.0,17.63888888888889,37.11111111111111,0.05555555555555555,26.13888888888889,3.4166666666666665,1.4444444444444444,22.75,1.4166666666666667,6.833333333333333,0.1111111111111111,1.4444444444444444,0.7222222222222222,0.0,1.9393518518518518,8.694444444444445,2.638888888888889,2.638888888888889,10.444444444444445,1.111111111111111,2.4166666666666665,13.972222222222221,29.416666666666668,23.361111111111114,40.05555555555556,2.222222222222222,21.972222222222225,4.055555555555555,3.3888888888888893,23.916666666666668,1.7777777777777777,3.7222222222222228,0.7777777777777778,13.277777777777779,1.4166666666666667,0.75,13.472222222222223,0.6666666666666666,1.3055555555555556,15.444444444444445,16.694444444444443,1.0,0.3358129649309245,0.7154471544715448,0.03846153846153846,0.33211233211233204,0.3529411764705882,0.6219512195121951,0.3969534050179212,0.47529940119760483,0.34999999999999987,0.6042983565107459,0.34931506849315064,0.5737704918032788,0.5632984901277585,0.3750000000000001,0.35074626865671654,0.5250236071765817,0.4167822468793342
Chael Sonnen,Southpaw,No,No,Yes,Chael Sonnen,0.0,0.7380952380952381,0.24857142857142858,0.2,3.3213492063492063,8.126666666666667,1.7533333333333332,1.9847619047619047,2.864761904761905,1.3285714285714285,7.671428571428573,11.864761904761904,27.289523809523807,48.72666666666667,69.60285714285715,1.9123809523809523,22.265714285714285,2.3676190476190477,2.6561904761904764,11.558095238095238,1.8752380952380954,13.856190476190477,0.02,0.18190476190476193,0.7390476190476191,0.03333333333333333,0.39076190476190475,4.605714285714286,1.4657142857142857,0.13714285714285715,2.720952380952381,0.6047619047619047,2.882857142857143,6.208571428571429,14.652380952380952,14.719999999999999,23.884761904761906,0.42095238095238097,12.362857142857143,1.9323809523809523,0.3571428571428571,9.735238095238095,0.9885714285714287,3.9285714285714284,0.23904761904761904,7.757142857142857,0.4666666666666666,0.22000000000000003,7.014285714285714,0.3838095238095238,1.0457142857142858,8.443809523809524,9.164761904761905,0.3859561752988048,0.3649856709012362,0.740547063555913,0.2778773754033704,0.2478576137112723,0.7084814626714068,0.5536462987146883,0.43477350457178754,0.7000670470560869,0.5678733031674208,0.6274555119020107,0.24149827501232135,0.4906666666666665,0.7205047935824692,0.3882466281310213,0.2661818181818181,0.5762755931101722,0.3837074843494558
Jose Maria,Orthodox,No,No,No,Jose Maria,0.0,0.5,0.5,0.0,0.35833333333333334,3.6666666666666665,1.5,5.666666666666667,7.833333333333333,2.5,0.5,10.833333333333334,20.0,14.833333333333334,24.333333333333332,1.8333333333333333,10.5,3.0,6.5,16.833333333333332,2.6666666666666665,0.5,0.0,1.1666666666666667,0.0,0.0,1.5805555555555557,9.5,4.833333333333333,1.8333333333333333,4.5,3.8333333333333335,7.833333333333333,16.166666666666668,30.333333333333332,31.0,45.666666666666664,1.8333333333333333,22.5,5.833333333333333,2.0,16.166666666666668,4.5,9.666666666666666,0.6666666666666666,13.0,1.0,0.16666666666666666,11.666666666666666,0.6666666666666666,1.8333333333333333,14.166666666666666,14.666666666666666,0.27272727272727276,0.3492063492063492,0.5,0.07692307692307693,0.46534653465346537,0.9375,1.0,0.5416666666666667,0.6095890410958905,0.36363636363636354,0.5777777777777777,0.17142857142857149,0.41666666666666663,0.7216494845360826,0.14814814814814814,0.18965517241379304,0.46703296703296693,0.3211678832116788
Alessio Sakara,Orthodox,No,No,No,Alessio Sakara,0.08888888888888889,0.6944444444444443,0.0,0.16666666666666666,1.1318518518518519,9.527777777777779,2.3333333333333335,0.32222222222222224,5.877777777777777,1.6055555555555554,4.7,12.183333333333332,28.188888888888886,19.91111111111111,36.96111111111111,0.7611111111111111,24.905555555555555,2.9388888888888887,0.3444444444444444,16.211111111111112,2.4166666666666665,9.561111111111112,0.08888888888888889,0.9499999999999998,0.06666666666666667,0.0,1.0644444444444445,6.588888888888889,0.5555555555555555,1.9666666666666668,4.883333333333334,0.9555555555555556,3.272222222222222,9.11111111111111,23.377777777777776,26.849999999999998,43.58888888888888,1.738888888888889,20.477777777777778,0.6222222222222222,2.277777777777778,16.255555555555556,1.8055555555555554,5.316666666666666,0.7888888888888889,13.888888888888888,0.06666666666666667,0.3111111111111111,11.372222222222222,0.85,2.0444444444444443,14.266666666666666,16.73888888888889,0.9124087591240875,0.3825563238902521,0.7939508506616259,2.0161290322580645,0.3625771076079506,0.664367816091954,0.4915746658919233,0.43220338983050843,0.5387043439050053,0.4536741214057509,0.6782419967444384,0.10714285714285732,0.5829268292682928,0.6995898838004101,0.4707692307692307,0.38453500522466033,0.6102661596958174,0.3840173336732092
Michael Kuiper,Orthodox,No,No,No,Michael Kuiper,0.5555555555555555,0.4166666666666667,0.0,0.08333333333333333,1.1810185185185185,11.527777777777777,1.0833333333333333,1.6388888888888886,5.972222222222221,1.7777777777777777,6.5,14.25,23.527777777777775,27.555555555555554,37.22222222222222,0.75,19.777777777777775,1.5555555555555556,2.1944444444444446,11.666666666666666,3.25,8.61111111111111,0.0,0.7777777777777777,0.6944444444444443,0.0,1.677314814814815,8.305555555555555,1.7222222222222223,1.5833333333333333,8.888888888888888,2.388888888888889,0.3333333333333333,11.611111111111112,25.361111111111114,17.694444444444443,31.611111111111114,3.111111111111111,21.166666666666668,2.3055555555555554,1.888888888888889,21.166666666666668,3.5277777777777772,0.6666666666666666,2.3333333333333335,12.861111111111109,0.5833333333333334,0.3055555555555555,12.277777777777777,1.1388888888888888,0.3333333333333333,13.75,13.916666666666666,0.5555555555555556,0.5828651685393259,0.6964285714285714,0.18987341772151897,0.5119047619047619,0.547008547008547,0.7548387096774194,0.6056670602125148,0.7402985074626866,0.75,0.6076115485564304,0.253012048192771,0.5882352941176472,0.5800524934383202,0.3228346456692912,0.5,0.5421686746987953,0.44024604569420045
Rosi Sexton,Orthodox,No,No,No,Rosi Sexton,0.0,0.3333333333333333,0.0,0.16666666666666666,1.1027777777777776,15.833333333333334,1.1666666666666667,3.3333333333333335,18.166666666666668,0.5,1.6666666666666667,20.333333333333332,51.0,37.666666666666664,71.66666666666667,1.6666666666666667,45.5,1.3333333333333333,4.166666666666667,48.666666666666664,0.6666666666666666,1.6666666666666667,0.0,0.16666666666666666,0.5,0.3333333333333333,1.4083333333333332,35.333333333333336,4.833333333333333,1.5,36.5,3.3333333333333335,1.8333333333333333,41.666666666666664,69.5,62.666666666666664,96.5,0.8333333333333334,62.5,5.5,1.5,63.5,3.6666666666666665,2.3333333333333335,0.6666666666666666,27.166666666666668,0.6666666666666666,0.0,27.0,0.3333333333333333,0.5,27.833333333333332,33.833333333333336,0.19999999999999998,0.347985347985348,0.8750000000000001,0.07999999999999999,0.37328767123287676,0.75,1.0,0.3986928104575163,0.5255813953488372,0.8,0.43466666666666665,0.12121212121212122,0.8888888888888888,0.4251968503937008,0.09090909090909083,0.2142857142857144,0.4004796163069545,0.3506044905008636
Dustin Pague,Orthodox,No,No,No,Dustin Pague,0.0,0.27777777777777773,0.6388888888888888,0.13888888888888887,1.0050925925925924,3.8333333333333335,1.388888888888889,1.75,4.111111111111112,0.9722222222222223,1.8888888888888886,6.972222222222222,13.027777777777777,12.555555555555555,19.833333333333332,0.8055555555555555,9.277777777777777,1.6666666666666667,2.0833333333333335,9.638888888888888,1.0833333333333333,2.305555555555556,0.13888888888888887,0.3333333333333333,0.1111111111111111,0.3611111111111111,2.4259259259259256,9.13888888888889,1.0833333333333333,3.1944444444444446,5.833333333333333,2.25,5.333333333333333,13.416666666666666,22.25,27.527777777777775,38.94444444444445,0.7222222222222222,17.583333333333332,1.4166666666666667,3.25,11.722222222222221,2.361111111111111,8.166666666666666,0.38888888888888884,8.444444444444445,0.3333333333333333,0.05555555555555555,5.888888888888889,0.1111111111111111,2.8333333333333335,8.833333333333334,11.416666666666666,0.3448275862068965,0.4131736526946108,0.8333333333333334,0.1333333333333333,0.4265129682997119,0.8974358974358976,0.8192771084337347,0.535181236673774,0.6330532212885155,0.5384615384615385,0.4802527646129541,0.23529411764705888,0.8974358974358975,0.5023696682464455,0.04705882352941182,0.346938775510204,0.39700374531835214,0.2931526390870187
George Sotiropoulos,Orthodox,No,No,No,George Sotiropoulos,0.030303030303030304,0.635016835016835,0.41750841750841755,0.06734006734006734,1.0966329966329966,9.236363636363636,1.284848484848485,1.1063973063973063,9.39057239057239,0.42693602693602695,1.8101010101010102,11.627609427609428,43.9030303030303,18.717171717171716,52.076094276094274,2.2303030303030305,39.27272727272727,3.092255892255892,1.538047138047138,40.03771043771044,1.1865319865319865,2.678787878787879,0.2612794612794613,0.29764309764309765,0.06734006734006734,0.0909090909090909,0.5272390572390572,7.384511784511784,2.655892255892256,1.8464646464646464,10.178451178451178,1.1683501683501685,0.54006734006734,11.886868686868688,34.878787878787875,15.97037037037037,39.29023569023568,0.5521885521885522,28.331313131313134,4.140740740740741,2.406734006734007,31.993939393939396,1.707070707070707,1.1777777777777778,0.2545454545454546,20.946801346801347,1.484848484848485,0.5602693602693603,21.815488215488216,0.5387205387205387,0.6377104377104377,22.99191919191919,23.31986531986532,0.2847222222222222,0.2351851851851852,0.41550522648083626,0.4128721541155867,0.2345431916038751,0.3598183881952327,0.6757164404223227,0.26484753665869076,0.3594196526709167,0.4609756097560975,0.739351587754326,0.3585948934786144,0.876329043088976,0.6818631474816359,0.31558185404339234,0.5414522584333905,0.6591949029829134,0.5935282624344427
Jeremy Larsen,Orthodox,No,No,No,Jeremy Larsen,0.1111111111111111,0.3333333333333333,0.0,0.0,0.6398148148148148,11.0,1.1111111111111112,0.7777777777777778,10.777777777777779,1.5555555555555556,0.5555555555555556,12.888888888888888,25.166666666666668,14.444444444444443,26.944444444444446,1.1666666666666667,22.722222222222225,1.5,0.9444444444444445,21.277777777777775,3.111111111111111,0.7777777777777778,0.4444444444444444,0.1111111111111111,0.0,0.0,0.09999999999999998,11.611111111111109,1.277777777777778,1.4444444444444446,10.777777777777779,1.5,2.0555555555555554,14.333333333333334,33.22222222222222,16.222222222222225,35.111111111111114,0.1111111111111111,30.388888888888886,1.277777777777778,1.5555555555555554,27.833333333333332,3.1111111111111107,2.277777777777778,0.0,18.777777777777775,0.0,0.1111111111111111,17.055555555555557,1.6111111111111114,0.2222222222222222,18.88888888888889,18.88888888888889,0.2857142857142857,0.48410757946210264,0.7407407407407408,0.3529411764705882,0.5065274151436032,0.5,0.7142857142857143,0.5121412803532008,0.536082474226804,0.0,0.6179159049360147,0.0,0.9285714285714286,0.6127744510978044,0.5178571428571428,0.0975609756097563,0.568561872909699,0.5379746835443038
Adlan Amagov,Orthodox,No,No,No,Adlan Amagov,0.16666666666666666,1.8333333333333333,0.0,0.0,1.4999999999999998,5.333333333333333,2.0,6.166666666666667,7.666666666666667,4.166666666666667,1.6666666666666667,13.5,33.5,21.166666666666668,41.166666666666664,3.3333333333333335,20.0,3.6666666666666665,9.833333333333334,23.666666666666668,6.5,3.3333333333333335,0.0,0.0,0.0,0.0,0.10555555555555556,0.3333333333333333,0.3333333333333333,1.5,1.8333333333333333,0.3333333333333333,0.0,2.1666666666666665,18.0,8.5,24.333333333333332,0.5,13.666666666666666,1.1666666666666667,3.1666666666666665,16.666666666666668,1.3333333333333333,0.0,0.5,13.333333333333334,0.8333333333333334,1.6666666666666667,14.833333333333334,1.0,0.0,15.833333333333334,15.833333333333334,0.5499999999999999,0.26666666666666666,0.5454545454545455,0.18644067796610167,0.323943661971831,0.6410256410256411,0.5,0.40298507462686567,0.51417004048583,1.0,0.975609756097561,0.7142857142857143,1.0,0.89,0.75,,0.8796296296296297,0.6506849315068493
Joey Beltran,Orthodox,No,No,No,Joey Beltran,0.0,0.1953703703703704,0.0,0.041666666666666664,1.2690277777777776,14.773148148148147,3.776851851851852,2.891666666666667,13.074074074074074,6.749074074074074,1.6185185185185187,21.441666666666666,58.237037037037034,38.41111111111111,77.72407407407407,1.0092592592592593,49.57962962962963,5.281481481481482,3.3759259259259253,47.000925925925934,9.142592592592592,2.0935185185185183,0.10833333333333334,0.38611111111111107,0.03333333333333333,0.0,0.6703703703703704,17.271296296296295,3.640740740740741,3.4925925925925925,19.329629629629633,3.6611111111111114,1.413888888888889,24.40462962962963,49.18055555555555,32.88703703703704,58.78333333333333,1.3537037037037036,40.55833333333333,4.751851851851852,3.8703703703703702,42.04259259259259,5.209259259259259,1.9287037037037038,0.9675925925925926,23.287037037037038,1.111111111111111,0.37777777777777777,22.712962962962962,1.5481481481481483,0.5148148148148147,24.77592592592593,25.8962962962963,0.19357798165137616,0.29796810219250736,0.7151122019635343,0.057871640153592994,0.27816630878036286,0.7382013368442374,0.7731092436974791,0.36817921648435514,0.49419837506849973,0.7147742818057456,0.574161587105906,0.23382696804364778,0.9002392344497607,0.5402369730872572,0.29719161038037667,0.26692270763322135,0.5037748282029558,0.44053807138581724
Iliarde Santos,Orthodox,No,No,No,Iliarde Santos,0.0,0.38888888888888884,0.0,0.0,0.45833333333333326,10.11111111111111,3.0,1.5,13.111111111111109,0.9444444444444445,0.5555555555555555,14.611111111111112,51.666666666666664,16.72222222222222,54.166666666666664,2.5,45.333333333333336,4.611111111111112,1.722222222222222,48.88888888888889,2.2222222222222223,0.5555555555555555,0.0,0.3333333333333333,0.0,0.0,0.3185185185185185,15.055555555555555,4.666666666666667,8.777777777777777,24.555555555555557,1.9444444444444444,2.0,28.5,68.33333333333333,31.61111111111111,72.38888888888889,1.5,49.111111111111114,8.055555555555555,11.166666666666666,61.72222222222222,3.444444444444444,3.1666666666666665,1.1666666666666667,34.05555555555556,3.3888888888888893,2.388888888888889,37.166666666666664,1.5,1.1666666666666667,39.833333333333336,40.77777777777778,0.15555555555555553,0.2230392156862745,0.6506024096385542,0.22580645161290322,0.26818181818181813,0.42500000000000004,1.0,0.2827956989247312,0.3087179487179487,0.7777777777777778,0.6934389140271493,0.42068965517241375,0.9701492537313433,0.6021602160216022,0.4354838709677419,0.36842105263157887,0.5829268292682926,0.5633154259401381
Rousimar Palhares,Orthodox,No,No,No,Rousimar Palhares,0.027777777777777776,0.7944444444444444,0.561111111111111,0.18888888888888888,1.399074074074074,6.2555555555555555,0.9388888888888888,1.4444444444444444,6.283333333333334,0.6555555555555556,1.7,8.63888888888889,17.0,21.53333333333333,32.74444444444445,2.2222222222222223,14.194444444444445,1.2111111111111112,1.5944444444444443,13.033333333333333,1.111111111111111,2.855555555555556,0.1111111111111111,0.21666666666666667,0.25555555555555554,0.027777777777777776,0.5396296296296296,9.261111111111111,0.5333333333333333,0.2888888888888889,7.194444444444444,0.25,2.638888888888889,10.083333333333334,23.277777777777782,13.777777777777777,27.055555555555557,0.21666666666666667,22.116666666666664,0.7111111111111111,0.45,18.094444444444445,0.7000000000000001,4.483333333333333,0.0,12.855555555555554,0.17777777777777778,0.16111111111111112,10.9,0.45,1.8444444444444443,13.194444444444445,13.277777777777779,0.3575,0.4407045009784736,0.7752293577981649,0.49825783972125437,0.48209718670076734,0.5900000000000001,0.5953307392996108,0.5081699346405228,0.6576179165252798,0.0,0.5812609897010801,0.25,0.5185185185185185,0.6023948418790298,0.6428571428571429,0.41140024783147466,0.5668257756563246,0.49075975359342927
Matt Hamill,Orthodox,No,No,No,Matt Hamill,0.022222222222222223,0.9641414141414142,0.0,0.0,1.1400126262626262,12.915909090909091,0.6275252525252525,2.1755050505050506,10.755555555555555,1.4810606060606062,3.4823232323232323,15.718939393939394,37.36616161616161,26.239646464646466,49.88131313131313,2.925757575757576,33.52424242424242,0.9156565656565657,2.9262626262626266,29.982828282828283,2.4659090909090913,4.917424242424242,0.13257575757575757,0.022222222222222223,0.041666666666666664,0.0,0.1152483164983165,9.89469696969697,3.20530303030303,3.842929292929293,13.406565656565656,2.0042929292929297,1.532070707070707,16.942929292929293,43.49015151515152,21.074242424242424,48.15580808080808,0.30227272727272725,34.36388888888889,4.548484848484848,4.577777777777778,37.33409090909091,3.5628787878787875,2.5931818181818183,0.28005050505050505,24.469191919191918,1.343181818181818,0.7348484848484849,23.927525252525253,1.5585858585858585,1.0611111111111111,26.54722222222222,27.081565656565658,0.32953564646987743,0.38527072222724396,0.6853281853281852,0.32947877114256124,0.3587238486675875,0.6006144393241167,0.7081600164330099,0.42067310941407043,0.5260416139320611,0.9264828738512949,0.7120611988448057,0.29530313124583607,0.9951456310679612,0.6409028496445555,0.43745127223757874,0.40919271594118223,0.6104191707166955,0.562373818151308
Thiago Silva,Orthodox,No,No,No,Thiago Silva,0.16666666666666666,0.2722222222222222,0.15,0.0,0.9198148148148148,10.588888888888889,3.4888888888888885,4.855555555555555,11.28888888888889,4.1000000000000005,3.5444444444444443,18.933333333333334,38.66111111111111,29.133333333333336,50.333333333333336,0.4666666666666666,27.605555555555554,4.988888888888889,6.066666666666666,26.01111111111111,6.833333333333333,5.816666666666666,0.16666666666666666,0.6777777777777779,0.027777777777777776,0.0,0.8390740740740741,7.949999999999999,1.7277777777777779,3.0944444444444446,10.083333333333334,2.161111111111111,0.5277777777777778,12.772222222222224,39.016666666666666,14.933333333333335,41.705555555555556,2.1055555555555556,32.711111111111116,2.6333333333333333,3.672222222222222,33.916666666666664,4.116666666666666,0.9833333333333334,1.4277777777777778,24.76111111111111,0.9055555555555556,0.5777777777777778,23.833333333333332,1.9555555555555557,0.45555555555555555,26.244444444444444,26.772222222222222,0.5833333333333334,0.3835781847454216,0.6993318485523384,0.04487179487179487,0.4340025630072619,0.6000000000000001,0.609360076408787,0.4897255352780572,0.5788079470198676,0.6781002638522426,0.7569633152173914,0.3438818565400843,0.8154311649016641,0.7027027027027026,0.47503373819163286,0.46327683615819215,0.6726470169443257,0.6419341947515651
David Mitchell,Orthodox,No,No,No,David Mitchell,0.0,0.21666666666666667,0.65,0.06666666666666667,0.5388888888888889,5.716666666666666,1.9166666666666667,0.7999999999999999,4.983333333333333,1.9333333333333333,1.5166666666666666,8.433333333333334,25.833333333333332,25.150000000000002,44.1,0.43333333333333335,21.616666666666664,2.6666666666666665,1.55,20.166666666666668,3.266666666666667,2.4,0.13333333333333333,1.2,0.65,0.20000000000000004,2.6111111111111107,7.833333333333333,1.0,1.2333333333333334,4.75,1.5333333333333332,3.783333333333333,10.066666666666668,22.766666666666666,16.900000000000002,30.75,1.6666666666666667,19.783333333333335,1.55,1.4333333333333333,13.333333333333334,2.9,6.533333333333334,0.4666666666666666,11.950000000000001,0.5499999999999999,0.20000000000000004,8.583333333333334,1.3666666666666665,2.75,12.700000000000001,13.85,0.5,0.26445643793369317,0.7187500000000001,0.13978494623655915,0.2471074380165289,0.5918367346938774,0.6319444444444444,0.32645161290322583,0.5702947845804989,0.28,0.6040438079191239,0.3548387096774194,0.16279069767441867,0.64375,0.47126436781609193,0.4209183673469389,0.5578330893118594,0.45040650406504057
Mike Ricci,Southpaw,No,No,No,Mike Ricci,0.0,0.2222222222222222,0.0,0.3333333333333333,0.5537037037037037,5.888888888888889,2.444444444444444,0.6666666666666666,6.111111111111111,0.4444444444444444,2.4444444444444446,9.0,27.777777777777775,10.666666666666666,29.666666666666668,0.2222222222222222,20.22222222222222,5.666666666666667,1.888888888888889,24.0,0.6666666666666666,3.1111111111111107,0.0,1.222222222222222,0.1111111111111111,0.1111111111111111,2.1703703703703705,2.444444444444444,1.4444444444444444,4.333333333333333,6.222222222222222,1.0,1.0,8.222222222222223,24.11111111111111,19.777777777777775,38.77777777777778,2.6666666666666665,12.888888888888891,3.777777777777778,7.444444444444444,21.777777777777775,1.111111111111111,1.222222222222222,1.4444444444444444,10.444444444444445,2.3333333333333335,3.111111111111111,15.555555555555557,0.1111111111111111,0.2222222222222222,15.888888888888888,19.0,1.0,0.29120879120879123,0.43137254901960775,0.1176470588235294,0.2546296296296296,0.6666666666666666,0.7857142857142859,0.324,0.3595505617977528,0.5416666666666667,0.810344827586207,0.6176470588235294,0.835820895522388,0.7142857142857142,0.09999999999999987,0.18181818181818177,0.6589861751152073,0.4899713467048712
Nandor Guelmino,,No,No,No,Nandor Guelmino,0.0,0.0,0.0,0.0,1.2666666666666666,5.333333333333333,9.666666666666666,3.6666666666666665,9.666666666666666,5.666666666666667,3.3333333333333335,18.666666666666668,33.0,25.0,41.0,1.0,16.0,13.0,4.0,22.666666666666668,6.333333333333333,4.0,0.3333333333333333,0.6666666666666666,0.3333333333333333,0.0,1.4555555555555555,7.333333333333333,2.3333333333333335,6.666666666666667,9.333333333333334,6.0,1.0,16.333333333333332,24.333333333333332,19.0,27.333333333333332,1.6666666666666667,13.666666666666666,3.3333333333333335,7.333333333333333,16.666666666666668,6.333333333333333,1.3333333333333333,1.0,6.333333333333333,1.0,0.6666666666666666,7.333333333333333,0.3333333333333333,0.3333333333333333,8.0,8.333333333333334,0.0,0.3333333333333333,0.7435897435897435,0.0,0.42647058823529405,0.8947368421052633,0.8333333333333334,0.5656565656565657,0.6097560975609756,0.6000000000000001,0.46341463414634143,0.29999999999999993,0.9090909090909091,0.44000000000000006,0.05263157894736836,0.25,0.3287671232876712,0.30487804878048774
Joao Zeferino,Orthodox,No,No,No,Joao Zeferino,0.0,0.16666666666666666,0.3333333333333333,0.0,1.0777777777777777,3.0,0.8333333333333334,0.3333333333333333,3.3333333333333335,0.5,0.3333333333333333,4.166666666666667,11.333333333333334,7.0,14.5,3.0,9.0,1.3333333333333333,1.0,10.333333333333334,0.6666666666666666,0.3333333333333333,0.0,0.3333333333333333,0.0,0.0,1.5888888888888888,5.833333333333333,4.833333333333333,2.3333333333333335,5.333333333333333,3.3333333333333335,4.333333333333333,13.0,25.166666666666668,40.333333333333336,56.666666666666664,0.6666666666666666,14.333333333333334,6.5,4.333333333333333,14.833333333333334,4.0,6.333333333333333,0.3333333333333333,8.5,1.6666666666666667,2.0,9.5,0.6666666666666666,2.0,12.166666666666666,16.333333333333332,0.05555555555555555,0.3333333333333333,0.6250000000000001,0.16666666666666666,0.3225806451612903,0.75,1.0,0.36764705882352944,0.4827586206896552,0.5,0.5930232558139535,0.2564102564102565,0.9230769230769231,0.6404494382022472,0.16666666666666663,0.3157894736842105,0.48344370860927155,0.28823529411764703
Keith Wisniewski,Orthodox,No,No,No,Keith Wisniewski,0.0,0.5,0.08333333333333333,0.1111111111111111,1.247222222222222,7.166666666666667,3.6666666666666665,0.19444444444444442,5.083333333333333,4.75,1.1944444444444444,11.027777777777779,22.13888888888889,15.25,26.694444444444443,1.222222222222222,17.75,4.111111111111112,0.27777777777777773,14.638888888888888,6.138888888888889,1.361111111111111,0.19444444444444442,0.27777777777777773,0.38888888888888884,0.27777777777777773,1.5509259259259258,13.75,8.027777777777779,4.222222222222222,12.666666666666666,9.527777777777779,3.805555555555556,26.0,44.416666666666664,38.416666666666664,57.833333333333336,1.1666666666666667,29.944444444444443,9.694444444444445,4.777777777777778,27.194444444444443,12.555555555555557,4.666666666666667,0.8888888888888888,16.194444444444446,1.6666666666666667,0.5555555555555555,14.527777777777779,3.0277777777777772,0.8611111111111112,18.416666666666668,19.416666666666668,0.4090909090909091,0.40375586854460094,0.8918918918918918,1.8000000000000003,0.3472485768500949,0.7737556561085972,0.8775510204081634,0.4981179422835634,0.571279916753382,0.761904761904762,0.5408163265306123,0.17191977077363896,0.9418604651162791,0.5342185903983656,0.2411504424778761,0.18452380952380953,0.41463414634146334,0.335734870317003
Marcos Vinicius,Orthodox,No,No,No,Marcos Vinicius,0.0,0.0,0.1111111111111111,0.0,0.3037037037037037,4.666666666666667,1.722222222222222,1.611111111111111,5.0,1.888888888888889,1.111111111111111,8.0,15.5,12.277777777777777,20.444444444444446,0.0,10.611111111111112,2.611111111111111,2.277777777777778,11.833333333333334,2.0,1.6666666666666667,0.5,0.6666666666666666,0.1111111111111111,0.0,1.6074074074074076,7.111111111111112,1.5,1.6666666666666667,5.166666666666667,1.1111111111111112,4.0,10.277777777777779,19.666666666666668,17.055555555555554,28.444444444444443,0.9444444444444443,15.0,2.4444444444444446,2.2222222222222223,12.111111111111112,1.4444444444444444,6.111111111111112,0.27777777777777773,7.888888888888889,0.9444444444444443,0.5555555555555555,6.944444444444444,0.3333333333333333,2.111111111111111,9.388888888888888,11.388888888888891,,0.43979057591623033,0.6595744680851063,0.0,0.4225352112676056,0.9444444444444445,0.6666666666666665,0.5161290322580645,0.6005434782608695,0.2941176470588235,0.5259259259259259,0.38636363636363646,0.7,0.573394495412844,0.23076923076923073,0.34545454545454546,0.4774011299435028,0.400390625
Yuri Villefort,Orthodox,No,No,No,Yuri Villefort,0.0,0.6666666666666666,0.16666666666666666,0.16666666666666666,0.5777777777777778,9.333333333333334,3.3333333333333335,6.833333333333333,18.166666666666668,0.8333333333333334,0.5,19.5,47.166666666666664,19.833333333333332,47.833333333333336,2.1666666666666665,34.0,6.0,7.166666666666667,44.166666666666664,2.5,0.5,0.0,0.0,0.16666666666666666,0.16666666666666666,0.38611111111111124,30.666666666666668,3.8333333333333335,2.1666666666666665,28.333333333333332,3.5,4.833333333333333,36.666666666666664,82.83333333333333,37.666666666666664,84.0,0.0,75.33333333333333,5.333333333333333,2.1666666666666665,73.16666666666667,4.166666666666667,5.5,0.0,44.666666666666664,1.5,0.0,44.833333333333336,0.6666666666666666,0.6666666666666666,46.166666666666664,46.333333333333336,0.3076923076923077,0.27450980392156865,0.5555555555555556,0.09302325581395347,0.4113207547169812,0.33333333333333337,1.0,0.4134275618374558,0.4146341463414634,,0.5929203539823009,0.2812499999999999,1.0,0.6127562642369021,0.16000000000000003,0.12121212121212122,0.5573440643863179,0.5515873015873016
Brandon Vera,Orthodox,No,No,No,Brandon Vera,0.14488636363636365,0.18481691919191917,0.03125,0.0,0.5690051557239058,5.410827020202021,5.028093434343434,4.545612373737374,9.254419191919192,4.888888888888889,0.8412247474747474,14.984532828282829,25.24100378787879,19.267203282828284,30.085700757575758,0.579229797979798,14.012310606060606,6.023989898989899,5.204703282828283,17.848958333333332,6.190340909090909,1.2017045454545454,0.3211805555555556,0.3546401515151515,0.07118055555555555,0.0,1.8828151304713803,9.0552398989899,2.4345012626262625,2.519570707070707,6.822127525252525,5.4267676767676765,1.7604166666666665,14.009311868686869,26.797348484848484,26.758680555555557,40.94728535353535,1.210385101010101,20.60006313131313,2.9529671717171717,3.2443181818181817,16.091382575757578,7.657354797979798,3.048611111111111,0.8557449494949495,11.544823232323232,0.5184659090909091,0.7247474747474747,9.26925505050505,2.230587121212121,1.2881944444444444,12.788036616161616,14.1886047979798,0.31907356948228877,0.3861480930819311,0.8346782645147768,0.0355095975983261,0.5184851137579471,0.789760848503391,0.7000262674021539,0.5936583566252103,0.6404106534888235,0.7070022167166514,0.5604265947503102,0.17557455905932662,0.8906888499708114,0.5760384483350498,0.29129995671620257,0.4225512528473805,0.47721275944118546,0.3465090463379097
Jared Hamman,Orthodox,No,No,No,Jared Hamman,0.047619047619047616,0.13095238095238096,0.0,0.4166666666666667,1.154563492063492,18.261904761904763,5.0,2.261904761904762,16.11904761904762,1.7380952380952381,7.666666666666667,25.523809523809522,59.67857142857142,45.595238095238095,82.30952380952381,0.6190476190476191,50.67857142857142,6.023809523809523,2.9761904761904763,42.226190476190474,4.142857142857143,13.30952380952381,0.35714285714285715,1.8809523809523807,0.30952380952380953,0.13095238095238096,0.983531746031746,11.666666666666666,1.4166666666666667,2.904761904761905,13.023809523809524,1.8452380952380951,1.119047619047619,15.988095238095239,38.94047619047619,18.71428571428571,42.476190476190474,2.75,33.11904761904762,2.3214285714285716,3.5,33.666666666666664,2.845238095238095,2.4285714285714284,0.8690476190476191,21.452380952380953,0.9047619047619048,0.5952380952380952,20.642857142857142,1.0,1.3095238095238095,22.952380952380953,23.76190476190476,0.21153846153846154,0.36034766267324414,0.8300395256916997,0.044000000000000004,0.38173104031575983,0.41954022988505746,0.5760286225402504,0.4276880111709555,0.5539485102690194,0.3160173160173161,0.6477354421279655,0.3897435897435898,0.4625850340136055,0.6131541725601131,0.35146443514644343,0.5392156862745098,0.5894221950473861,0.5594170403587444
Pascal Krauss,Orthodox,No,No,No,Pascal Krauss,0.0,0.47222222222222215,0.3055555555555555,0.0,1.4194444444444445,17.63888888888889,4.527777777777778,4.75,17.555555555555554,6.138888888888888,3.2222222222222228,26.916666666666668,55.52777777777777,50.75,81.08333333333333,0.9722222222222222,44.55555555555555,5.972222222222222,5.0,42.77777777777778,8.722222222222223,4.027777777777778,0.25,0.8055555555555555,0.19444444444444442,0.1111111111111111,1.1092592592592594,13.416666666666666,2.972222222222222,2.7222222222222228,14.0,2.4722222222222223,2.638888888888889,19.11111111111111,45.77777777777777,30.055555555555557,58.666666666666664,1.9722222222222223,37.888888888888886,5.0,2.8888888888888893,37.5,4.166666666666667,4.111111111111111,1.1666666666666667,24.472222222222225,2.027777777777778,0.16666666666666666,23.5,1.6944444444444446,1.472222222222222,26.666666666666668,28.61111111111111,0.48571428571428565,0.39588528678304247,0.7581395348837209,0.09444444444444443,0.41038961038961036,0.7038216560509553,0.8000000000000002,0.4847423711855929,0.6258992805755396,0.591549295774648,0.6458944281524927,0.40555555555555567,0.7211538461538463,0.6266666666666667,0.40666666666666673,0.358108108108108,0.5825242718446602,0.4876893939393939
Ryan Couture,Orthodox,No,No,No,Ryan Couture,0.0,0.16666666666666666,0.0,0.0,0.8111111111111112,5.666666666666667,4.666666666666667,4.666666666666667,11.0,4.0,0.0,15.0,47.833333333333336,16.5,49.666666666666664,2.6666666666666665,33.833333333333336,7.0,7.0,41.333333333333336,6.5,0.0,0.16666666666666666,1.0,0.0,0.0,0.25,16.333333333333332,5.5,1.5,17.166666666666668,4.5,1.6666666666666667,23.333333333333332,46.666666666666664,28.333333333333332,51.833333333333336,1.0,38.833333333333336,6.333333333333333,1.5,37.666666666666664,6.166666666666667,2.8333333333333335,0.0,22.5,0.8333333333333334,0.0,20.5,1.6666666666666667,1.1666666666666667,23.333333333333332,23.5,0.0625,0.16748768472906403,0.6666666666666667,0.023809523809523808,0.2661290322580645,0.6153846153846154,,0.313588850174216,0.33221476510067116,0.0,0.5793991416309013,0.13157894736842102,0.33333333333333337,0.5442477876106194,0.2702702702702703,0.4117647058823529,0.5,0.4533762057877814
Martin Kampmann,Orthodox,No,No,No,Martin Kampmann,0.10036764705882353,0.6345588235294117,0.4224264705882353,0.07095588235294117,1.0653247549019607,9.749264705882354,2.088602941176471,0.41911764705882354,7.484558823529412,2.6455882352941176,2.1268382352941178,12.256985294117648,28.578676470588235,16.371323529411764,33.11323529411764,1.5084558823529413,25.435294117647057,2.6257352941176473,0.5176470588235295,21.63014705882353,4.098897058823529,2.8496323529411764,0.3235294117647059,0.31323529411764706,0.18970588235294117,0.039705882352941174,0.5358026960784313,10.607720588235294,2.8503676470588237,1.1588235294117646,11.464338235294118,2.6294117647058823,0.5231617647058824,14.616911764705883,36.01911764705882,18.673897058823528,40.571323529411764,1.738235294117647,30.222058823529412,4.164705882352941,1.6323529411764706,30.374632352941177,4.78125,0.8632352941176471,1.425,19.614338235294117,1.3143382352941178,0.47352941176470587,18.91029411764706,2.1518382352941177,0.3400735294117647,21.40220588235294,21.897426470588236,0.4206678040458201,0.3832967160037003,0.7954354522542706,1.2258522727272725,0.34602440765543735,0.6454390528298503,0.7463553089923881,0.4288856870867317,0.4944042279166852,0.8197969543147208,0.6490073475743273,0.31558968926553654,0.8081081081081081,0.6225686585410135,0.45005767012687425,0.3939522998296422,0.5941901767852039,0.5397266977182522
Papy Abedi,Southpaw,No,No,No,Papy Abedi,0.0,0.8333333333333334,0.4166666666666667,0.0,1.570833333333333,5.0,6.166666666666667,0.8333333333333334,4.083333333333333,4.416666666666667,3.5,12.0,20.916666666666668,16.083333333333332,25.333333333333332,1.5833333333333333,11.916666666666666,7.333333333333333,1.6666666666666667,10.5,5.583333333333333,4.833333333333333,0.08333333333333333,0.5,0.16666666666666666,0.0,0.9222222222222222,7.916666666666667,4.0,1.4166666666666667,5.0,6.5,1.8333333333333333,13.333333333333334,25.666666666666668,29.583333333333332,42.916666666666664,1.0833333333333333,19.166666666666668,4.25,2.25,12.916666666666666,10.166666666666666,2.5833333333333335,0.5833333333333334,11.25,0.25,0.8333333333333334,7.916666666666667,3.6666666666666665,0.75,12.333333333333334,13.333333333333334,0.5263157894736843,0.4195804195804196,0.8409090909090909,0.5,0.38888888888888884,0.791044776119403,0.7241379310344828,0.5737051792828685,0.6348684210526315,0.5384615384615384,0.5869565217391304,0.05882352941176472,0.7777777777777778,0.6129032258064515,0.360655737704918,0.29032258064516137,0.48051948051948057,0.3106796116504854
James Head,Orthodox,No,No,No,James Head,0.06666666666666667,0.16666666666666666,0.13333333333333333,0.16666666666666666,0.5483333333333333,6.0,2.9333333333333336,0.39999999999999997,5.1000000000000005,3.966666666666667,0.26666666666666666,9.333333333333334,19.966666666666665,15.066666666666668,25.7,0.16666666666666666,15.866666666666667,3.6333333333333333,0.4666666666666666,14.633333333333333,5.0,0.3333333333333333,0.06666666666666667,0.9333333333333332,0.3,0.0,1.8994444444444445,6.533333333333334,2.466666666666667,3.6999999999999997,7.466666666666666,0.7666666666666666,4.466666666666667,12.700000000000001,26.133333333333336,27.2,43.800000000000004,3.0,17.466666666666665,3.6333333333333333,5.033333333333333,18.266666666666666,1.6666666666666667,6.2,2.066666666666667,10.933333333333332,1.1666666666666667,1.3333333333333333,10.799999999999999,0.9,1.7333333333333334,13.433333333333332,16.599999999999998,1.0,0.37815126050420167,0.8073394495412844,0.35714285714285715,0.3485193621867882,0.7933333333333333,0.8,0.4674457429048415,0.5862516212710766,0.6888888888888889,0.6259541984732824,0.3211009174311926,0.8145695364238411,0.5912408759124088,0.54,0.27956989247311825,0.514030612244898,0.3789954337899544
Brian Melancon,Orthodox,No,No,No,Brian Melancon,0.5,0.5,0.0,0.0,0.8333333333333331,11.0,2.5,2.0,10.0,0.5,5.0,15.5,31.5,19.5,35.5,0.5,25.5,3.0,3.0,24.0,0.5,7.0,0.5,0.5,0.5,0.0,0.3833333333333333,9.0,2.0,2.5,10.5,2.5,0.5,13.5,38.5,14.0,39.5,1.5,32.5,3.0,3.0,35.0,3.0,0.5,1.0,23.5,1.0,0.5,24.5,0.5,0.0,25.0,25.5,1.0,0.43137254901960786,0.8333333333333334,0.16666666666666666,0.4166666666666667,1.0,0.7142857142857143,0.49206349206349204,0.5492957746478874,0.6666666666666667,0.7230769230769231,0.33333333333333337,0.8333333333333334,0.7,0.16666666666666663,0.0,0.6493506493506493,0.6455696202531646
Ben Alloway,Orthodox,No,No,No,Ben Alloway,0.1111111111111111,0.3333333333333333,0.0,0.0,0.5407407407407406,3.3333333333333335,0.8888888888888888,0.7777777777777777,3.555555555555556,0.5555555555555556,0.888888888888889,5.0,12.111111111111112,10.111111111111112,18.0,0.6666666666666666,9.111111111111112,1.4444444444444446,1.5555555555555556,9.666666666666666,1.5555555555555554,0.888888888888889,0.0,1.8888888888888886,0.4444444444444444,0.3333333333333333,3.0500000000000003,6.888888888888889,3.3333333333333335,0.8888888888888888,4.666666666666667,4.555555555555555,1.888888888888889,11.111111111111109,27.666666666666668,16.88888888888889,34.77777777777778,2.777777777777778,20.11111111111111,6.333333333333333,1.222222222222222,11.555555555555557,11.555555555555557,4.555555555555555,0.8888888888888888,13.222222222222221,3.0,0.3333333333333333,6.888888888888889,7.0,2.6666666666666665,16.555555555555554,17.88888888888889,0.5,0.3658536585365853,0.6153846153846153,0.21428571428571427,0.36781609195402304,0.3571428571428572,1.0,0.4128440366972477,0.5617283950617284,0.3200000000000002,0.6574585635359116,0.4736842105263157,-0.5454545454545454,0.5961538461538463,0.6057692307692308,0.5853658536585366,0.5983935742971889,0.5143769968051118
Mike Brown,Orthodox,No,No,No,Mike Brown,0.0,0.888888888888889,0.0,0.0,1.929166666666667,7.5,2.611111111111111,3.555555555555556,4.361111111111112,4.972222222222222,4.333333333333333,13.666666666666666,25.555555555555557,32.611111111111114,48.97222222222222,3.0555555555555554,17.777777777777775,3.8611111111111107,3.9166666666666665,14.25,5.944444444444444,5.361111111111112,0.05555555555555555,0.3333333333333333,0.36111111111111116,0.2222222222222222,0.9888888888888889,7.5,3.972222222222222,2.277777777777778,8.833333333333334,2.694444444444444,2.2222222222222223,13.75,29.777777777777775,22.138888888888886,40.25,1.138888888888889,21.861111111111114,5.333333333333333,2.5833333333333335,22.75,3.9444444444444446,3.0833333333333335,0.8055555555555555,14.361111111111109,1.3611111111111114,0.3055555555555555,13.916666666666666,1.25,0.8611111111111112,16.02777777777778,18.11111111111111,0.29090909090909095,0.42187500000000006,0.6762589928057555,0.2269503546099291,0.30604288499025345,0.8364485981308413,0.8082901554404144,0.5347826086956521,0.665910380034033,0.7073170731707318,0.6569250317662008,0.25520833333333337,0.8709677419354839,0.6117216117216118,0.31690140845070436,0.2792792792792793,0.5382462686567164,0.44996549344375436
Sheila Gaff,Orthodox,No,No,No,Sheila Gaff,0.0,0.0,0.0,0.0,0.10833333333333331,1.0,4.0,0.0,1.0,4.0,0.0,5.0,10.0,10.0,15.0,0.0,4.0,5.5,0.5,4.5,5.5,0.0,0.0,2.0,0.0,0.0,2.708333333333333,8.0,1.0,0.0,1.0,0.0,8.0,9.0,12.5,44.0,49.0,2.5,11.0,1.5,0.0,2.5,0.0,10.0,0.5,3.0,0.5,0.0,1.5,0.0,2.0,3.5,5.0,,0.25,0.7272727272727273,0.0,0.2222222222222222,0.7272727272727273,,0.5,0.6666666666666666,0.19999999999999996,0.2727272727272727,0.33333333333333337,-inf,0.6,,0.19999999999999996,0.28,0.10204081632653061
Ednaldo Oliveira,Orthodox,No,No,No,Ednaldo Oliveira,0.0,0.0,0.0,0.0,1.0611111111111111,3.5,1.6666666666666667,0.3333333333333333,2.1666666666666665,1.6666666666666667,1.6666666666666667,5.5,20.666666666666668,9.166666666666666,25.0,0.3333333333333333,17.5,2.8333333333333335,0.3333333333333333,15.333333333333334,2.6666666666666665,2.6666666666666665,0.0,1.0,0.16666666666666666,0.0,1.4472222222222222,3.0,2.3333333333333335,3.3333333333333335,4.5,3.3333333333333335,0.8333333333333334,8.666666666666666,17.333333333333332,21.166666666666668,30.5,2.0,11.166666666666666,2.6666666666666665,3.5,12.5,4.0,0.8333333333333334,1.0,8.166666666666666,0.3333333333333333,0.16666666666666666,8.0,0.6666666666666666,0.0,8.666666666666666,9.333333333333334,0.0,0.2,0.5882352941176471,0.0,0.14130434782608695,0.6250000000000001,0.6250000000000001,0.2661290322580645,0.36666666666666664,0.5,0.7313432835820896,0.12499999999999989,0.7142857142857143,0.64,0.16666666666666663,0.0,0.5,0.30601092896174864
Josh Clopton,Orthodox,No,No,No,Josh Clopton,0.0,0.6666666666666666,0.0,0.0,1.8444444444444443,3.6666666666666665,2.3333333333333335,2.0,3.3333333333333335,3.3333333333333335,1.3333333333333333,8.0,12.5,23.5,29.0,1.0,8.0,2.3333333333333335,2.1666666666666665,7.0,3.6666666666666665,1.8333333333333333,0.0,0.3333333333333333,0.5,0.16666666666666666,1.4611111111111112,8.166666666666666,5.166666666666667,1.0,4.333333333333333,8.333333333333334,1.6666666666666667,14.333333333333334,28.833333333333332,44.666666666666664,59.833333333333336,1.3333333333333333,20.833333333333332,5.833333333333333,2.1666666666666665,16.333333333333332,10.166666666666666,2.3333333333333335,1.0,12.666666666666666,0.6666666666666666,1.1666666666666667,12.0,1.8333333333333333,0.6666666666666666,14.5,15.166666666666666,0.6666666666666666,0.4583333333333333,1.0,0.3076923076923077,0.4761904761904762,0.9090909090909092,0.7272727272727273,0.64,0.8103448275862069,0.75,0.608,0.11428571428571421,0.8461538461538461,0.7346938775510203,0.18032786885245888,0.2857142857142857,0.5028901734104045,0.2534818941504179
Vinny Magalhaes,Orthodox,No,No,No,Vinny Magalhaes,0.0,0.41111111111111115,0.2222222222222222,0.0,0.2783333333333333,4.366666666666666,2.3222222222222224,2.077777777777778,6.633333333333333,0.8888888888888888,1.2444444444444445,8.766666666666667,36.166666666666664,9.833333333333334,37.43333333333333,0.9333333333333332,29.166666666666668,3.511111111111111,3.488888888888889,31.866666666666664,1.3,3.0,0.13333333333333333,0.1111111111111111,0.0,0.0,0.34388888888888886,11.988888888888889,1.7,2.3777777777777778,14.866666666666667,0.39999999999999997,0.7999999999999999,16.066666666666666,53.355555555555554,17.677777777777777,55.23333333333333,0.28888888888888886,47.65555555555556,3.3222222222222224,2.3777777777777778,51.57777777777778,0.39999999999999997,1.3777777777777775,0.17777777777777778,35.666666666666664,1.6222222222222225,0.0,36.71111111111111,0.0,0.5777777777777777,37.28888888888889,37.55555555555555,0.4404761904761906,0.1497142857142857,0.6613924050632912,0.11783439490445861,0.20815899581589958,0.6837606837606837,0.4148148148148148,0.24239631336405534,0.2626892252894034,0.6153846153846154,0.7484262065749592,0.4882943143812709,0.9532710280373832,0.7117621714778113,0.0,0.4193548387096774,0.6988754685547689,0.67994367330517
Bristol Marunde,Orthodox,No,No,No,Bristol Marunde,0.0,0.6666666666666666,0.0,0.0,0.5750000000000001,4.833333333333333,0.5,0.6666666666666666,4.833333333333333,1.1666666666666667,0.0,6.0,26.5,7.833333333333333,29.666666666666668,2.6666666666666665,25.333333333333332,0.5,0.6666666666666666,23.666666666666668,2.8333333333333335,0.0,0.6666666666666666,0.0,0.0,0.0,0.686111111111111,15.666666666666666,3.0,1.6666666666666667,12.166666666666666,4.166666666666667,4.0,20.333333333333332,42.333333333333336,24.166666666666668,46.5,0.3333333333333333,35.5,4.5,2.3333333333333335,30.0,6.333333333333333,6.0,0.3333333333333333,19.833333333333332,1.5,0.6666666666666666,17.833333333333332,2.1666666666666665,2.0,22.0,22.333333333333332,0.25,0.19078947368421054,1.0,1.0,0.20422535211267603,0.4117647058823529,,0.22641509433962265,0.2640449438202247,1.0,0.5586854460093897,0.33333333333333337,1.0,0.5944444444444444,0.3421052631578947,0.33333333333333337,0.5196850393700788,0.48028673835125446
Aaron Riley,Southpaw,No,No,No,Aaron Riley,0.0,0.4407407407407407,0.06666666666666667,0.0,1.0552469135802467,7.888888888888889,4.485185185185185,3.651851851851852,9.474074074074073,5.203703703703703,1.348148148148148,16.02592592592593,46.285185185185185,31.392592592592592,62.800000000000004,1.1703703703703703,33.84444444444444,7.114814814814815,5.325925925925926,36.17037037037037,8.277777777777779,1.837037037037037,0.07407407407407407,0.6,0.0,0.0,0.3529012345679012,11.814814814814815,4.651851851851852,1.3703703703703702,12.325925925925924,4.825925925925926,0.6851851851851851,17.83703703703704,45.78148148148148,24.751851851851853,52.92962962962963,1.5407407407407405,37.388888888888886,5.748148148148148,2.6444444444444444,36.385185185185186,8.185185185185185,1.2111111111111112,0.9407407407407408,25.574074074074076,1.0962962962962963,1.2740740740740741,24.05925925925926,3.359259259259259,0.525925925925926,27.944444444444446,28.177777777777777,0.37658227848101267,0.23309258043335526,0.6304008328995314,0.08275382475660639,0.2619291419209502,0.6286353467561521,0.7338709677419355,0.3462430983436025,0.49988204765274824,0.610576923076923,0.6840019811788014,0.19072164948453596,0.773109243697479,0.6612377850162867,0.4104072398190045,0.434250764525994,0.6103875091012053,0.5323630256804982
John Albert,Orthodox,No,No,No,John Albert,0.1,0.0,1.7,0.1,0.345,4.4,1.6,1.1,3.8,1.5,1.8,7.1,14.7,12.9,20.9,0.3,11.1,2.5,1.1,9.9,2.4,2.4,0.0,0.2,1.6,0.1,2.4466666666666663,4.0,1.5,1.1,2.6,0.2,3.8,6.6,11.2,17.2,23.8,0.8,7.8,1.8,1.6,6.3,0.5,4.4,0.6,3.8,0.3,0.5,3.7,0.3,0.6,4.6,6.6,0.0,0.39639639639639646,0.64,0.0,0.3838383838383838,0.625,0.75,0.48299319727891155,0.6172248803827752,0.75,0.4871794871794871,0.16666666666666674,0.875,0.5873015873015872,0.6,0.13636363636363646,0.4107142857142857,0.2773109243697479
Dave Herman,Orthodox,No,No,No,Dave Herman,0.16666666666666666,0.3666666666666667,0.0,0.0,0.2811111111111111,7.2666666666666675,3.9333333333333336,4.5,11.166666666666668,1.9333333333333331,2.6,15.7,26.5,16.5,27.3,0.3666666666666667,16.3,4.8,5.4,19.0,3.3666666666666663,4.133333333333334,0.5333333333333333,0.43333333333333335,0.5,0.0,0.9472222222222222,10.833333333333332,1.2666666666666666,2.566666666666667,11.133333333333333,1.5,2.033333333333333,14.666666666666666,27.833333333333332,23.9,39.96666666666667,1.0,23.7,1.4666666666666668,2.666666666666667,22.3,2.166666666666667,3.3666666666666667,0.5666666666666667,12.866666666666667,0.2,0.1,11.166666666666668,0.6666666666666666,1.3333333333333333,13.166666666666668,16.066666666666666,1.0,0.4458077709611452,0.8194444444444445,0.06790123456790123,0.5877192982456141,0.5742574257425742,0.6290322580645161,0.5924528301886792,0.6043956043956044,0.5666666666666667,0.5428973277074542,0.13636363636363646,0.8375,0.5007473841554559,0.3076923076923078,0.39603960396039606,0.4730538922155688,0.402001668056714
Roger Gracie,Orthodox,No,No,No,Roger Gracie,0.0,0.6666666666666666,0.0,0.0,1.1444444444444444,2.6666666666666665,1.0,0.3333333333333333,1.6666666666666667,2.0,0.3333333333333333,4.0,9.666666666666666,4.666666666666667,10.333333333333334,1.3333333333333333,7.333333333333333,1.6666666666666667,0.6666666666666666,7.333333333333333,2.0,0.3333333333333333,0.0,0.6666666666666666,0.0,0.3333333333333333,2.0611111111111113,7.0,3.3333333333333335,7.666666666666667,8.333333333333334,6.0,3.6666666666666665,18.0,30.666666666666668,33.666666666666664,48.333333333333336,1.3333333333333333,16.333333333333332,4.333333333333333,10.0,18.333333333333332,6.666666666666667,5.666666666666667,0.6666666666666666,9.333333333333334,1.0,2.3333333333333335,10.0,0.6666666666666666,2.0,12.666666666666666,14.666666666666666,0.5,0.36363636363636365,0.6,1.0,0.2272727272727273,1.0,1.0,0.4137931034482759,0.45161290322580644,0.5,0.5714285714285714,0.23076923076923073,0.9333333333333333,0.5454545454545454,0.10000000000000009,0.3529411764705883,0.4130434782608696,0.303448275862069
John Maguire,Southpaw,No,No,No,John Maguire,0.0,0.9166666666666666,0.3666666666666667,0.08333333333333333,1.7427777777777778,5.366666666666667,0.8666666666666667,0.8333333333333334,4.583333333333333,1.1333333333333333,1.3499999999999999,7.066666666666666,17.033333333333335,17.183333333333334,28.099999999999998,2.0166666666666666,15.049999999999999,1.0166666666666666,0.9666666666666667,13.883333333333333,1.4333333333333333,1.7166666666666668,0.06666666666666667,0.13333333333333333,0.13333333333333333,0.15,0.9575,5.7,2.2333333333333334,4.1499999999999995,7.166666666666667,2.8666666666666667,2.0500000000000003,12.083333333333334,35.266666666666666,28.016666666666666,53.1,0.6333333333333333,25.05,4.3500000000000005,5.866666666666667,27.183333333333334,3.8000000000000003,4.283333333333333,0.5,19.349999999999998,2.1166666666666667,1.7166666666666668,20.016666666666666,0.9333333333333332,2.2333333333333334,23.183333333333334,25.083333333333332,0.45454545454545453,0.3565891472868218,0.8524590163934427,0.9482758620689655,0.33013205282112845,0.7906976744186046,0.7864077669902911,0.4148727984344422,0.6115065243179123,0.7894736842105263,0.7724550898203593,0.48659003831417624,0.9772727272727273,0.73635806253832,0.2456140350877194,0.5214007782101167,0.6573724007561437,0.47237915881983683
Sean Pierson,Southpaw,No,No,No,Sean Pierson,0.05555555555555555,0.1111111111111111,0.1111111111111111,0.12222222222222223,0.8372222222222222,13.122222222222222,3.3888888888888893,2.022222222222222,14.388888888888888,2.8333333333333335,1.3111111111111111,18.533333333333335,46.96666666666667,28.58888888888889,58.17777777777778,0.7111111111111111,39.93333333333334,4.4111111111111105,2.6222222222222222,41.1,3.8444444444444446,2.0222222222222226,0.18888888888888888,0.4222222222222222,0.06666666666666667,0.0,0.8662962962962965,11.833333333333334,3.522222222222222,3.0444444444444443,14.377777777777778,2.211111111111111,1.8111111111111111,18.400000000000002,52.05555555555555,26.01111111111111,61.63333333333333,1.3,43.02222222222222,5.055555555555556,3.977777777777778,45.833333333333336,3.1888888888888887,3.033333333333333,0.8777777777777779,31.188888888888886,1.5333333333333332,0.9333333333333332,31.45555555555556,0.9777777777777779,1.222222222222222,33.65555555555556,35.62222222222223,0.15624999999999997,0.32860322760155813,0.7682619647355166,0.0423728813559322,0.35009462016761284,0.7369942196531792,0.6483516483516483,0.39460610361958837,0.49140565317035906,0.6752136752136753,0.724948347107438,0.30329670329670344,0.8938547486033519,0.6863030303030303,0.3066202090592335,0.40293040293040294,0.6465314834578442,0.5779700739138274
Karlos Vemola,Orthodox,No,No,No,Karlos Vemola,0.0,0.39999999999999997,0.45555555555555555,0.06666666666666667,0.7283333333333334,3.9,1.3,0.9,2.011111111111111,1.3,2.788888888888889,6.1000000000000005,14.555555555555557,13.988888888888889,25.022222222222222,1.722222222222222,11.744444444444445,1.7444444444444445,1.0666666666666667,7.722222222222221,1.9777777777777779,4.855555555555555,0.0,0.8888888888888888,0.5222222222222223,0.0,2.761111111111111,3.9555555555555557,2.8000000000000003,2.3111111111111113,1.6333333333333335,4.3999999999999995,3.033333333333333,9.066666666666666,14.4,31.733333333333334,42.13333333333333,1.2777777777777777,8.644444444444444,3.1999999999999997,2.5555555555555554,4.9222222222222225,5.155555555555556,4.322222222222222,0.38888888888888884,4.688888888888889,0.39999999999999997,0.24444444444444446,3.288888888888889,0.7555555555555555,1.288888888888889,5.333333333333333,10.4,0.23225806451612904,0.3320719016083254,0.7452229299363058,0.375,0.260431654676259,0.6573033707865169,0.5743707093821512,0.41908396946564885,0.5590586145648313,0.30434782608695654,0.5424164524421593,0.12499999999999989,0.6521739130434783,0.6681715575620768,0.14655172413793116,0.29820051413881743,0.37037037037037035,0.24683544303797467
Eddie Mendez,,No,No,No,Eddie Mendez,0.0,0.0,0.0,0.0,0.3666666666666666,3.0,0.0,1.0,4.0,0.0,0.0,4.0,12.0,5.0,13.0,0.0,10.0,1.0,1.0,12.0,0.0,0.0,0.0,1.0,1.0,0.0,1.1,5.0,3.0,0.0,8.0,0.0,0.0,8.0,9.0,19.0,20.0,1.0,6.0,3.0,0.0,9.0,0.0,0.0,0.0,1.0,0.0,0.0,1.0,0.0,0.0,1.0,1.0,,0.3,0.0,0.0,0.3333333333333333,,,0.3333333333333333,0.38461538461538464,0.0,0.16666666666666663,0.0,-inf,0.11111111111111116,,,0.11111111111111116,0.050000000000000044
Brian Bowles,Orthodox,No,No,No,Brian Bowles,0.08333333333333333,0.4166666666666667,0.16666666666666666,0.08333333333333333,1.4550925925925926,5.361111111111111,3.7222222222222228,0.08333333333333333,6.083333333333333,2.5833333333333335,0.5,9.166666666666666,29.833333333333332,13.305555555555557,34.416666666666664,0.4166666666666667,25.333333333333332,4.416666666666667,0.08333333333333333,25.833333333333332,2.75,1.25,0.2222222222222222,0.08333333333333333,0.1111111111111111,0.1111111111111111,0.3810185185185185,8.722222222222221,1.3055555555555556,1.4166666666666667,7.972222222222222,0.4444444444444444,3.027777777777778,11.444444444444445,34.22222222222222,17.166666666666668,40.55555555555555,0.08333333333333333,29.36111111111111,2.4166666666666665,2.4444444444444446,27.944444444444443,2.2777777777777777,4.0,0.0,20.63888888888889,1.111111111111111,1.0277777777777777,19.97222222222222,1.8333333333333333,0.9722222222222222,22.777777777777775,23.38888888888889,1.0,0.21162280701754385,0.8427672955974843,5.000000000000001,0.23548387096774193,0.9393939393939394,0.4,0.30726256983240224,0.38660209846650534,0.0,0.7029328287606433,0.45977011494252873,0.9659090909090909,0.7147117296222664,0.8048780487804879,0.24305555555555547,0.6655844155844155,0.5767123287671232
TJ Grant,Orthodox,No,No,No,TJ Grant,0.15151515151515152,0.537878787878788,0.20833333333333334,0.196969696969697,1.1882575757575757,10.768939393939393,5.541666666666667,2.053030303030303,11.590909090909092,4.875,1.8977272727272727,18.363636363636363,34.24242424242424,26.609848484848484,43.40530303030303,1.2310606060606062,25.204545454545453,6.768939393939394,2.268939393939394,24.52272727272727,6.780303030303031,2.9393939393939394,0.030303030303030304,0.9090909090909092,0.196969696969697,0.3106060606060606,1.7972853535353535,12.117424242424242,1.6553030303030303,1.7916666666666667,10.715909090909092,1.1515151515151516,3.696969696969697,15.56439393939394,35.81060606060606,23.731060606060606,45.06439393939394,1.446969696969697,31.09469696969697,2.71969696969697,1.996212121212121,27.0,2.106060606060606,6.704545454545454,0.537878787878788,18.97727272727273,1.0643939393939394,0.20454545454545456,16.28409090909091,0.9545454545454545,3.007575757575758,20.24621212121212,21.333333333333332,0.4369230769230769,0.42726179741508863,0.8186905428091775,0.23706176961602674,0.47265987025023176,0.7189944134078211,0.6456185567010309,0.536283185840708,0.6130552404223754,0.3717277486910995,0.610305761968571,0.3913649025069639,0.5445920303605312,0.6031144781144782,0.4532374100719424,0.4485875706214689,0.5653691559128411,0.4733966546188114
Nah-Shon Burrell,Orthodox,No,No,No,Nah-Shon Burrell,0.0,0.0,0.16666666666666666,0.16666666666666666,0.49722222222222223,20.166666666666668,7.5,1.8333333333333333,17.333333333333332,7.5,4.666666666666667,29.5,56.166666666666664,34.0,61.0,0.16666666666666666,44.666666666666664,9.666666666666666,1.8333333333333333,40.833333333333336,10.0,5.333333333333333,0.0,0.8333333333333334,0.16666666666666666,0.16666666666666666,1.5250000000000001,9.0,6.0,3.8333333333333335,15.333333333333334,3.0,0.5,18.833333333333332,41.0,22.666666666666668,45.333333333333336,1.6666666666666667,28.666666666666668,7.833333333333333,4.5,35.333333333333336,5.166666666666667,0.5,0.8333333333333334,19.666666666666668,1.8333333333333333,0.6666666666666666,20.0,2.1666666666666665,0.0,22.166666666666668,22.666666666666668,0.0,0.45149253731343286,0.7758620689655172,0.0,0.4244897959183673,0.75,0.8750000000000001,0.5252225519287834,0.5573770491803278,0.5,0.686046511627907,0.23404255319148937,0.8148148148148148,0.5660377358490566,0.4193548387096775,0.0,0.5406504065040652,0.5
Roger Hollett,Orthodox,No,No,No,Roger Hollett,0.0,0.3333333333333333,0.0,0.0,0.7416666666666667,3.8333333333333335,4.0,1.3333333333333333,6.166666666666667,2.6666666666666665,0.3333333333333333,9.166666666666666,19.333333333333332,10.666666666666666,21.0,1.1666666666666667,11.5,6.5,1.3333333333333333,16.0,3.0,0.3333333333333333,0.0,1.1666666666666667,0.0,0.0,1.5555555555555554,21.666666666666668,9.333333333333334,1.3333333333333333,8.166666666666666,11.166666666666666,13.0,32.333333333333336,49.166666666666664,51.166666666666664,71.16666666666667,1.6666666666666667,35.833333333333336,11.5,1.8333333333333333,20.666666666666668,13.5,15.0,0.5,14.166666666666666,2.1666666666666665,0.5,12.5,2.3333333333333335,2.0,16.833333333333332,20.0,0.2857142857142857,0.33333333333333337,0.6153846153846154,0.25,0.3854166666666667,0.8888888888888888,1.0,0.47413793103448276,0.5079365079365079,0.29999999999999993,0.39534883720930236,0.18840579710144922,0.36363636363636354,0.6048387096774195,0.1728395061728395,0.1333333333333333,0.34237288135593213,0.2810304449648713
John Cholish,Orthodox,No,No,No,John Cholish,0.0,0.2222222222222222,0.0,0.2222222222222222,0.4277777777777778,8.666666666666666,0.888888888888889,2.777777777777778,9.666666666666666,0.7777777777777777,1.888888888888889,12.333333333333334,28.444444444444443,14.333333333333334,30.555555555555554,1.4444444444444446,23.777777777777782,1.777777777777778,2.888888888888889,24.777777777777775,1.222222222222222,2.444444444444444,0.0,0.3333333333333333,0.1111111111111111,0.0,0.9444444444444443,8.0,2.222222222222222,4.0,8.555555555555555,4.555555555555556,1.1111111111111112,14.222222222222221,48.0,17.777777777777775,51.888888888888886,1.3333333333333333,40.22222222222222,2.8888888888888893,4.888888888888889,39.77777777777778,6.111111111111111,2.111111111111111,1.0,32.22222222222222,0.6666666666666666,0.8888888888888888,31.222222222222225,1.5555555555555556,1.0,33.77777777777778,34.11111111111111,0.15384615384615383,0.36448598130841114,0.5,0.07692307692307691,0.3901345291479821,0.6363636363636364,0.7727272727272729,0.43359375000000006,0.4690909090909091,0.75,0.8011049723756907,0.23076923076923095,0.9318181818181819,0.7849162011173184,0.2545454545454544,0.4736842105263158,0.7037037037037037,0.657387580299786
Azamat Gashimov,Orthodox,No,No,No,Azamat Gashimov,0.0,0.25,0.0,0.0,0.5041666666666667,2.25,0.25,0.5,2.0,0.0,1.0,3.0,15.5,6.75,19.5,1.0,13.5,1.5,0.5,13.5,0.25,1.75,1.0,0.0,0.25,0.0,0.4624999999999999,8.0,5.75,0.75,9.0,1.0,4.5,14.5,29.0,22.0,37.75,0.0,20.25,7.25,1.5,19.5,1.25,8.25,0.0,12.25,1.5,0.75,10.5,0.25,3.75,14.5,15.75,0.25,0.16666666666666666,0.16666666666666666,0.5,0.14814814814814814,0.0,0.5714285714285714,0.1935483870967742,0.34615384615384615,,0.6049382716049383,0.2068965517241379,1.0,0.5384615384615384,0.19999999999999996,0.4545454545454546,0.5,0.41721854304635764
Leonard Garcia,Orthodox,No,No,No,Leonard Garcia,0.047619047619047616,0.17857142857142858,0.1111111111111111,0.19576719576719573,0.3441247795414462,9.246693121693122,2.4047619047619047,2.435846560846561,12.192460317460316,1.1415343915343916,0.7533068783068783,14.087301587301587,58.58796296296296,21.443121693121693,67.5,0.5264550264550264,51.220899470899475,4.146825396825396,3.220238095238095,55.345899470899475,2.1296296296296298,1.1124338624338623,0.037037037037037035,0.826058201058201,0.7156084656084656,0.1263227513227513,2.0568011463844793,20.799603174603174,4.636904761904762,1.0866402116402116,18.996031746031747,1.3902116402116402,6.136904761904762,26.52314814814815,57.47156084656084,39.34920634920635,72.30026455026456,1.4464285714285714,49.69775132275132,6.375661375661376,1.3981481481481481,44.33994708994709,2.6507936507936507,10.480820105820106,0.6203703703703703,28.89814814814815,1.7387566137566137,0.3115079365079365,25.34391534391534,1.2605820105820105,4.343915343915344,30.9484126984127,32.9510582010582,0.3391959798994975,0.18052578570875188,0.5799043062200957,0.05545286506469502,0.2202956394966719,0.5360248447204969,0.6771700356718193,0.24044702827792516,0.3176758769351362,0.4288980338363054,0.5814779819810229,0.2727178423236515,0.4091769157994324,0.5715819933772859,0.47554890219560875,0.4144633053574809,0.5384996029782385,0.4557529409612324
Alan Belcher,Orthodox,No,No,No,Alan Belcher,0.09999999999999999,0.10000000000000002,0.22222222222222224,0.07777777777777778,0.7574074074074074,6.777777777777778,1.8111111111111111,3.1555555555555554,8.71111111111111,1.511111111111111,1.5222222222222221,11.744444444444445,28.95555555555556,16.366666666666667,33.9,0.4444444444444444,22.099999999999998,2.8777777777777778,3.977777777777778,24.21111111111111,2.1888888888888887,2.5555555555555554,0.0,0.7444444444444445,0.24444444444444446,0.022222222222222223,1.307037037037037,11.111111111111112,1.3555555555555554,1.4777777777777779,10.433333333333334,1.711111111111111,1.8,13.944444444444443,34.78888888888889,24.5,46.21111111111111,1.6333333333333335,30.666666666666668,2.2777777777777777,1.8444444444444443,29.066666666666666,2.744444444444444,2.977777777777778,0.888888888888889,19.555555555555557,0.9222222222222222,0.3666666666666667,18.633333333333333,1.0333333333333334,1.1777777777777778,20.844444444444445,21.71111111111111,0.22500000000000006,0.3066867772750126,0.6293436293436293,0.02513966480446928,0.35979807251032586,0.6903553299492386,0.5956521739130435,0.40560245587106675,0.48279252704031467,0.54421768707483,0.6376811594202898,0.40487804878048783,0.5963855421686747,0.6410550458715596,0.37651821862348167,0.3955223880597015,0.5991695943787928,0.46982447703774943
Cheick Kongo,Orthodox,No,No,No,Cheick Kongo,0.07407407407407407,0.6518518518518519,0.08888888888888889,0.05555555555555555,1.7042592592592591,6.970370370370371,4.5814814814814815,4.42962962962963,5.977777777777778,6.0814814814814815,3.922222222222222,15.981481481481481,27.737037037037037,28.814814814814813,41.74074074074074,1.0999999999999999,16.62962962962963,5.329629629629629,5.777777777777778,15.214814814814815,7.114814814814815,5.407407407407407,0.1111111111111111,0.7481481481481481,0.1111111111111111,0.05185185185185185,1.4006172839506172,2.77037037037037,2.6925925925925926,1.0037037037037038,2.2814814814814817,0.9333333333333335,3.251851851851852,6.466666666666666,14.1,20.792592592592595,29.933333333333334,1.6148148148148147,9.388888888888888,3.5851851851851855,1.125925925925926,7.203703703703703,2.062962962962963,4.833333333333333,0.8666666666666667,6.618518518518518,0.8925925925925927,0.12222222222222223,4.922222222222222,1.1296296296296295,1.5814814814814815,7.633333333333334,9.14074074074074,0.5925925925925927,0.4191536748329622,0.8596247394023628,0.11282051282051284,0.3928919182083739,0.8547631441957314,0.7253424657534246,0.5761783949793029,0.6903283052351376,0.536697247706422,0.704930966469428,0.24896694214876036,0.3355263157894738,0.6832904884318766,0.5475763016157988,0.3272030651340996,0.541371158392435,0.30536995793120514
Clifford Starks,Orthodox,No,No,No,Clifford Starks,0.0,0.611111111111111,0.0,0.1111111111111111,1.8666666666666665,6.555555555555556,0.5,0.1111111111111111,5.166666666666667,0.3333333333333333,1.6666666666666667,7.166666666666667,20.777777777777775,23.055555555555557,39.888888888888886,0.611111111111111,19.333333333333332,1.3333333333333333,0.1111111111111111,16.166666666666668,0.7777777777777777,3.8333333333333335,0.1111111111111111,0.27777777777777773,0.3333333333333333,0.0,0.19351851851851853,4.0,2.5,1.0,4.888888888888888,2.1666666666666665,0.4444444444444444,7.5,21.222222222222225,14.333333333333334,28.722222222222218,0.611111111111111,17.166666666666668,2.611111111111111,1.4444444444444446,18.5,2.2777777777777777,0.4444444444444444,0.3333333333333333,13.166666666666666,0.1111111111111111,0.4444444444444444,13.611111111111112,0.1111111111111111,0.0,13.722222222222221,14.388888888888891,1.0,0.339080459770115,0.375,5.5,0.31958762886597936,0.4285714285714286,0.43478260869565216,0.34491978609625673,0.5779944289693594,0.5454545454545454,0.7669902912621359,0.042553191489361764,0.8076923076923077,0.7357357357357357,0.04878048780487809,0.0,0.6465968586387435,0.5009671179883946
Bart Palaszewski,Orthodox,No,No,No,Bart Palaszewski,0.08333333333333333,0.0,0.25,0.0,0.061111111111111095,6.083333333333333,1.75,5.083333333333333,12.083333333333334,0.6666666666666666,0.16666666666666666,12.916666666666666,41.666666666666664,14.416666666666666,43.5,0.0,30.083333333333332,3.1666666666666665,8.416666666666666,40.583333333333336,0.9166666666666666,0.16666666666666666,0.25,0.75,0.3333333333333333,0.08333333333333333,1.784722222222222,10.5,3.1666666666666665,4.25,11.333333333333334,0.75,5.833333333333333,17.916666666666668,40.25,33.0,56.166666666666664,1.6666666666666667,30.583333333333332,5.083333333333333,4.583333333333333,30.333333333333332,1.0,8.916666666666666,0.9166666666666666,20.083333333333332,1.9166666666666667,0.3333333333333333,19.0,0.25,3.0833333333333335,22.333333333333332,23.166666666666668,,0.20221606648199444,0.5526315789473685,0.0,0.297741273100616,0.7272727272727273,1.0,0.31,0.33141762452107276,0.55,0.6566757493188011,0.3770491803278688,0.8363636363636364,0.6263736263736264,0.25,0.3457943925233645,0.5548654244306418,0.41246290801186947
Jimmy Quinlan,Orthodox,No,No,No,Jimmy Quinlan,0.0,1.0,0.0,0.0,2.783333333333333,5.0,2.0,0.0,7.0,0.0,0.0,7.0,10.0,7.0,10.0,4.0,8.0,2.0,0.0,10.0,0.0,0.0,1.0,0.0,0.0,0.0,0.1333333333333333,20.0,0.0,0.0,4.0,4.0,12.0,20.0,24.0,33.0,40.0,0.0,24.0,0.0,0.0,5.0,4.0,15.0,0.0,4.0,0.0,0.0,1.0,0.0,3.0,4.0,7.0,0.25,0.625,1.0,inf,0.7,,,0.7,0.7,,0.16666666666666663,,,0.19999999999999996,0.0,0.19999999999999996,0.16666666666666663,0.17500000000000004
Justin Lawrence,Orthodox,No,No,No,Justin Lawrence,0.3333333333333333,0.2222222222222222,0.0,0.0,0.15185185185185182,10.277777777777779,1.5555555555555556,0.7777777777777778,11.444444444444445,0.7777777777777777,0.38888888888888884,12.611111111111112,36.388888888888886,13.388888888888888,37.888888888888886,0.888888888888889,31.222222222222225,4.0,1.1666666666666667,34.05555555555555,1.2222222222222223,1.111111111111111,0.16666666666666666,0.5,0.1111111111111111,0.0,0.2814814814814815,5.333333333333333,3.0,1.0555555555555556,7.666666666666667,0.7222222222222223,1.0,9.388888888888888,32.72222222222222,10.166666666666666,33.94444444444445,0.888888888888889,27.11111111111111,4.388888888888889,1.2222222222222223,28.777777777777775,1.277777777777778,2.6666666666666665,0.38888888888888884,21.777777777777775,1.3888888888888886,0.16666666666666666,21.11111111111111,0.5555555555555555,1.6666666666666667,23.333333333333332,23.777777777777775,0.24999999999999997,0.3291814946619217,0.3888888888888889,0.19047619047619047,0.33605220228384997,0.6363636363636362,0.35000000000000003,0.34656488549618325,0.3533724340175953,0.4375,0.8032786885245902,0.31645569620253167,0.5909090909090909,0.7335907335907336,0.4347826086956521,0.625,0.7130730050933787,0.7004909983633388
Collin Hart,Orthodox,No,No,No,Collin Hart,0.0,0.6666666666666666,0.0,0.0,1.1833333333333333,22.333333333333332,3.6666666666666665,5.666666666666667,25.0,6.666666666666667,0.0,31.666666666666668,70.66666666666667,34.666666666666664,74.33333333333333,4.0,54.333333333333336,6.0,10.333333333333334,59.0,11.666666666666666,0.0,0.0,0.3333333333333333,0.3333333333333333,0.0,0.23333333333333328,31.0,4.333333333333333,2.3333333333333335,31.333333333333332,5.666666666666667,0.6666666666666666,37.666666666666664,77.33333333333333,39.666666666666664,79.33333333333333,0.6666666666666666,67.66666666666667,6.333333333333333,3.3333333333333335,68.66666666666667,7.666666666666667,1.0,0.3333333333333333,36.666666666666664,2.0,1.0,37.333333333333336,2.0,0.3333333333333333,39.666666666666664,39.666666666666664,0.16666666666666666,0.41104294478527603,0.611111111111111,0.06451612903225806,0.423728813559322,0.5714285714285715,,0.4481132075471698,0.4663677130044843,0.5,0.541871921182266,0.3157894736842105,0.9,0.5436893203883495,0.26086956521739124,0.33333333333333337,0.5129310344827587,0.5
Gilbert Smith,Southpaw,No,No,No,Gilbert Smith,0.0,1.0,0.3333333333333333,0.3333333333333333,1.277777777777778,2.0,2.0,0.6666666666666666,4.0,0.6666666666666666,0.0,4.666666666666667,11.333333333333334,8.0,15.0,1.6666666666666667,8.0,2.6666666666666665,0.6666666666666666,9.666666666666666,1.6666666666666667,0.0,0.0,0.0,1.0,0.6666666666666666,2.094444444444444,8.666666666666666,1.6666666666666667,1.3333333333333333,6.0,2.0,3.6666666666666665,11.666666666666666,18.0,32.333333333333336,39.0,0.0,14.333333333333334,2.3333333333333335,1.3333333333333333,11.333333333333334,2.6666666666666665,4.0,0.0,5.666666666666667,0.6666666666666666,0.0,5.333333333333333,0.6666666666666666,0.3333333333333333,6.333333333333333,6.666666666666667,0.6,0.25,0.75,1.5,0.4137931034482759,0.39999999999999997,,0.4117647058823529,0.5333333333333333,,0.39534883720930236,0.2857142857142857,1.0,0.47058823529411764,0.25,0.08333333333333337,0.35185185185185186,0.1709401709401709
Chris Spang,Orthodox,No,No,No,Chris Spang,0.0,0.0,0.0,0.0,0.0,0.3333333333333333,0.3333333333333333,1.0,1.3333333333333333,0.3333333333333333,0.0,1.6666666666666667,19.0,8.0,25.333333333333332,0.0,14.666666666666666,1.3333333333333333,3.0,17.666666666666668,1.3333333333333333,0.0,0.0,2.0,0.0,0.0,1.4944444444444442,4.0,1.6666666666666667,7.0,8.666666666666666,3.3333333333333335,0.6666666666666666,12.666666666666666,33.0,19.0,39.333333333333336,3.3333333333333335,17.666666666666668,3.0,12.333333333333334,25.666666666666668,5.333333333333333,2.0,1.3333333333333333,13.666666666666666,1.3333333333333333,5.333333333333333,17.0,2.0,1.3333333333333333,20.333333333333332,20.333333333333332,,0.022727272727272728,0.25,0.0,0.07547169811320754,0.25,,0.08771929824561404,0.31578947368421056,0.4,0.7735849056603774,0.4444444444444444,0.8378378378378378,0.6623376623376624,0.3749999999999999,0.6666666666666667,0.6161616161616161,0.5169491525423728
Pablo Garza,Orthodox,No,No,No,Pablo Garza,0.05555555555555555,0.3333333333333333,0.16666666666666666,0.05555555555555555,1.174074074074074,8.277777777777779,3.555555555555556,2.0,5.5,1.222222222222222,7.111111111111112,13.833333333333334,30.777777777777775,28.333333333333332,47.611111111111114,1.1666666666666667,23.444444444444443,4.722222222222222,2.611111111111111,16.0,2.222222222222222,12.555555555555557,0.05555555555555555,0.8333333333333334,0.3333333333333333,0.0,1.8796296296296298,6.833333333333333,1.7222222222222223,1.7222222222222223,4.555555555555556,0.611111111111111,5.111111111111112,10.277777777777777,20.77777777777778,25.666666666666668,38.38888888888889,0.9444444444444443,15.944444444444443,2.5,2.3333333333333335,10.888888888888888,0.9444444444444445,8.944444444444445,0.1111111111111111,9.11111111111111,0.7777777777777777,0.611111111111111,6.333333333333333,0.3333333333333333,3.8333333333333335,10.5,12.722222222222221,0.2857142857142857,0.3530805687203792,0.7529411764705882,0.1276595744680851,0.34375,0.55,0.5663716814159292,0.4494584837545127,0.5950991831971995,0.11764705882352922,0.5714285714285714,0.3111111111111111,0.6428571428571428,0.5816326530612244,0.3529411764705883,0.4285714285714285,0.5053475935828877,0.3314037626628076
Philip De Fries,Orthodox,No,No,No,Philip De Fries,0.16666666666666666,0.8666666666666667,0.16666666666666666,0.0,2.912777777777778,7.733333333333333,0.6,0.06666666666666667,3.8000000000000003,2.0,2.6,8.4,16.833333333333332,17.8,28.53333333333333,1.5999999999999999,16.033333333333335,0.7333333333333334,0.06666666666666667,9.633333333333333,2.6333333333333333,4.566666666666666,0.13333333333333333,0.0,0.3333333333333333,0.16666666666666666,0.5461111111111111,4.8,3.6666666666666665,1.0999999999999999,3.1,1.8666666666666665,4.6000000000000005,9.566666666666666,15.066666666666668,23.8,30.233333333333334,0.19999999999999998,9.866666666666667,3.8666666666666667,1.3333333333333333,8.1,2.1999999999999997,4.766666666666667,0.19999999999999998,5.066666666666666,0.19999999999999998,0.2333333333333333,5.0,0.3333333333333333,0.16666666666666666,5.5,6.433333333333334,0.5416666666666667,0.4823284823284823,0.8181818181818181,13.0,0.39446366782006925,0.759493670886076,0.5693430656934307,0.49900990099009906,0.6238317757009346,1.0,0.5135135135135136,0.051724137931034475,1.0,0.6172839506172839,0.1515151515151515,0.03496503496503489,0.3650442477876107,0.21278941565600884
Besam Yousef,Orthodox,No,No,No,Besam Yousef,0.0,0.5,0.0,0.0,1.1305555555555555,8.833333333333334,4.833333333333333,0.6666666666666666,4.666666666666667,9.333333333333334,0.3333333333333333,14.333333333333334,26.0,48.5,63.5,0.6666666666666666,19.333333333333332,5.333333333333333,1.3333333333333333,11.166666666666666,14.0,0.8333333333333334,0.0,1.0,0.5,0.16666666666666666,1.7527777777777775,6.0,10.333333333333334,0.8333333333333334,4.0,8.666666666666666,4.5,17.166666666666668,27.166666666666668,27.833333333333332,39.0,1.8333333333333333,14.166666666666666,11.166666666666666,1.8333333333333333,10.5,10.0,6.666666666666667,0.8333333333333334,8.166666666666666,0.8333333333333334,1.0,6.5,1.3333333333333333,2.1666666666666665,10.0,11.166666666666666,0.75,0.456896551724138,0.90625,0.375,0.41791044776119407,0.6666666666666667,0.39999999999999997,0.5512820512820513,0.7637795275590551,0.4545454545454545,0.5764705882352941,0.07462686567164167,0.4545454545454545,0.6190476190476191,0.13333333333333341,0.32500000000000007,0.36809815950920244,0.2863247863247863
Adam Cella,,No,No,No,Adam Cella,0.0,0.0,0.0,0.0,0.0,1.0,0.0,1.0,2.0,0.0,0.0,2.0,12.0,4.0,14.0,0.0,8.0,2.0,2.0,12.0,0.0,0.0,0.0,1.0,1.0,0.0,2.35,5.0,0.0,1.0,2.0,0.0,4.0,6.0,11.0,16.0,23.0,1.0,8.0,1.0,2.0,7.0,0.0,4.0,0.0,3.0,1.0,1.0,5.0,0.0,0.0,5.0,7.0,,0.125,0.0,0.0,0.16666666666666666,,,0.16666666666666666,0.2857142857142857,0.0,0.375,1.0,0.5,0.7142857142857143,,0.0,0.4545454545454546,0.30434782608695654
Antonio Carvalho,Orthodox,No,No,No,Antonio Carvalho,0.08333333333333333,0.0,0.0,0.0,0.24583333333333335,5.166666666666667,1.25,6.666666666666667,12.0,0.6666666666666666,0.4166666666666667,13.083333333333334,46.833333333333336,17.416666666666668,51.666666666666664,0.4166666666666667,35.833333333333336,2.25,8.75,44.833333333333336,1.1666666666666667,0.8333333333333334,0.08333333333333333,0.0,0.0,0.0,0.5208333333333333,11.0,3.0833333333333335,2.75,15.0,1.1666666666666667,0.6666666666666666,16.833333333333332,46.833333333333336,20.25,50.75,0.16666666666666666,37.416666666666664,3.9166666666666665,5.5,43.666666666666664,2.0,1.1666666666666667,0.16666666666666666,26.416666666666668,0.8333333333333334,2.75,28.666666666666668,0.8333333333333334,0.5,30.0,30.5,0.0,0.14418604651162792,0.5555555555555556,0.0,0.26765799256505574,0.5714285714285714,0.5,0.2793594306049822,0.33709677419354844,1.0,0.7060133630289532,0.21276595744680848,1.0,0.6564885496183206,0.41666666666666663,0.4285714285714286,0.6405693950177936,0.6009852216748768
Reuben Duran,Orthodox,No,No,No,Reuben Duran,0.0,0.27777777777777773,0.19444444444444442,0.0,1.5726851851851853,7.083333333333333,4.722222222222222,2.5833333333333335,8.083333333333334,4.361111111111111,1.9444444444444444,14.388888888888888,28.944444444444446,26.75,42.083333333333336,1.3333333333333333,21.027777777777775,5.333333333333333,2.5833333333333335,21.083333333333332,5.222222222222222,2.638888888888889,0.25,0.6666666666666666,0.38888888888888884,0.0,1.0893518518518517,5.972222222222222,2.9166666666666665,2.5833333333333335,6.166666666666667,2.777777777777778,2.527777777777778,11.472222222222223,23.333333333333332,27.833333333333332,41.19444444444444,0.861111111111111,15.972222222222221,3.6111111111111107,3.75,16.555555555555554,3.5833333333333335,3.1944444444444446,0.19444444444444442,10.0,0.6944444444444443,1.1666666666666667,10.38888888888889,0.8055555555555555,0.6666666666666666,11.861111111111112,13.361111111111109,0.20833333333333331,0.3368560105680317,0.8854166666666667,0.10752688172043008,0.38339920948616607,0.8351063829787233,0.7368421052631579,0.49712092130518226,0.6356435643564357,0.22580645161290325,0.6260869565217391,0.1923076923076923,0.8222222222222222,0.6275167785234899,0.22480620155038755,0.20869565217391295,0.5083333333333333,0.32434254888739045
Colin Fletcher,Orthodox,No,No,No,Colin Fletcher,0.0,0.0,0.0,0.0,0.3055555555555555,5.333333333333333,3.3333333333333335,6.833333333333333,14.333333333333334,0.8333333333333334,0.3333333333333333,15.5,44.666666666666664,21.166666666666668,51.0,0.3333333333333333,24.0,8.166666666666666,12.5,42.666666666666664,1.5,0.5,0.0,1.3333333333333333,0.0,0.0,1.75,10.5,3.0,1.3333333333333333,11.833333333333334,0.6666666666666666,2.3333333333333335,14.833333333333334,39.166666666666664,17.166666666666668,41.666666666666664,1.8333333333333333,29.166666666666668,7.0,3.0,35.333333333333336,0.8333333333333334,3.0,0.5,18.666666666666668,4.0,1.6666666666666667,23.5,0.16666666666666666,0.6666666666666666,24.333333333333332,24.5,0.0,0.2222222222222222,0.4081632653061225,0.0,0.33593750000000006,0.5555555555555556,0.6666666666666666,0.34701492537313433,0.4150326797385621,0.2727272727272727,0.64,0.5714285714285714,0.5555555555555556,0.6650943396226415,0.20000000000000007,0.2222222222222222,0.6212765957446809,0.588
Issei Tamura,Orthodox,No,No,No,Issei Tamura,0.3333333333333333,0.16666666666666666,0.0,0.0,0.6972222222222223,4.0,0.6666666666666666,0.5,2.6666666666666665,1.1666666666666667,1.3333333333333335,5.166666666666666,9.666666666666668,16.5,22.0,0.6666666666666666,7.833333333333334,1.1666666666666667,0.6666666666666666,6.333333333333334,1.5,1.8333333333333335,0.3333333333333333,0.3333333333333333,0.16666666666666666,0.0,0.6083333333333333,5.0,2.333333333333333,5.166666666666667,7.5,2.5,2.5,12.5,22.666666666666668,14.5,24.666666666666668,0.5,13.333333333333332,3.1666666666666665,6.166666666666667,16.666666666666668,3.1666666666666665,2.8333333333333335,0.16666666666666666,8.333333333333332,0.8333333333333334,1.0,9.166666666666666,0.6666666666666666,0.3333333333333333,10.166666666666666,10.166666666666666,0.25,0.5106382978723404,0.5714285714285714,0.25,0.4210526315789473,0.7777777777777778,0.7272727272727273,0.5344827586206895,0.75,0.33333333333333337,0.625,0.26315789473684215,0.9459459459459459,0.55,0.21052631578947367,0.11764705882352944,0.44852941176470595,0.41216216216216217
Riki Fukuda,Southpaw,No,No,No,Riki Fukuda,0.0,0.8666666666666667,0.0,0.0,1.2233333333333334,13.066666666666668,3.6,6.666666666666667,18.133333333333333,4.2,1.0,23.333333333333332,50.46666666666667,41.13333333333333,70.13333333333334,1.9333333333333336,36.4,5.266666666666667,8.799999999999999,43.06666666666666,5.933333333333334,1.4666666666666668,0.0,0.06666666666666667,0.06666666666666667,0.0,0.02555555555555555,12.733333333333334,3.3333333333333335,3.266666666666667,17.133333333333333,2.1999999999999997,0.0,19.333333333333332,53.93333333333334,23.066666666666666,57.866666666666674,0.26666666666666666,44.199999999999996,4.933333333333334,4.8,50.666666666666664,3.266666666666667,0.0,0.20000000000000004,31.46666666666667,1.5999999999999999,1.5333333333333332,33.53333333333333,1.0666666666666667,0.0,34.6,34.800000000000004,0.44827586206896547,0.35897435897435903,0.6835443037974683,0.0984848484848485,0.4210526315789474,0.7078651685393258,0.6818181818181818,0.4623513870541611,0.5865019011406843,0.75,0.7119155354449471,0.32432432432432434,0.9861111111111112,0.6618421052631579,0.3265306122448981,,0.6415327564894933,0.6013824884792627
Brian Stann,Orthodox,No,No,No,Brian Stann,0.22348484848484848,0.0,0.16363636363636366,0.041666666666666664,0.6519949494949494,6.949242424242424,2.604545454545455,3.9189393939393944,7.853030303030303,3.2159090909090913,2.403787878787879,13.47272727272727,32.42121212121212,24.290151515151518,44.205303030303035,0.35000000000000003,24.22121212121212,3.835606060606061,4.364393939393939,23.650757575757577,5.254545454545455,3.5159090909090907,0.07196969696969698,1.0189393939393938,0.3242424242424242,0.0,1.6761237373737377,7.281818181818182,3.1015151515151516,1.05,6.7295454545454545,1.7113636363636366,2.992424242424242,11.433333333333332,27.598484848484848,20.867424242424242,38.567424242424245,2.485606060606061,22.103030303030305,3.983333333333333,1.512121212121212,20.079545454545453,2.9939393939393937,4.5249999999999995,1.4666666666666668,14.82121212121212,0.8818181818181818,0.4621212121212121,13.35,1.2825757575757575,1.5325757575757575,16.165151515151518,17.7,0.0,0.2869072938821469,0.6790440450325894,0.0,0.3320413850539735,0.6120242214532873,0.6836888601594484,0.41555285540704734,0.5494850131103152,0.5900640048765622,0.6705511379215794,0.22137694941042207,0.3261523046092184,0.664855687606112,0.4283906882591092,0.33869077515486357,0.5857260499588253,0.458936533815239
Wanderlei Silva,Orthodox,No,No,No,Wanderlei Silva,0.25,0.05555555555555556,0.03333333333333333,0.0,0.1223148148148148,9.683333333333334,1.2555555555555555,1.7333333333333332,10.55,1.1888888888888889,0.9333333333333332,12.672222222222222,41.261111111111106,14.63888888888889,43.63888888888889,0.1,36.738888888888894,2.0055555555555555,2.5166666666666666,37.7,2.0666666666666664,1.4944444444444445,0.06666666666666667,0.31666666666666665,0.0,0.0,0.17583333333333334,15.594444444444445,2.783333333333333,1.2333333333333334,18.433333333333334,0.7777777777777778,0.4,19.61111111111111,58.238888888888894,21.044444444444444,60.15555555555555,0.5833333333333333,52.7,4.033333333333333,1.5055555555555558,56.03333333333334,1.488888888888889,0.7166666666666666,0.26666666666666666,37.105555555555554,1.25,0.27222222222222225,37.6,0.711111111111111,0.31666666666666665,38.62777777777778,39.11111111111111,0.5555555555555556,0.26357175260849836,0.6260387811634349,0.02207505518763797,0.27984084880636606,0.5752688172043011,0.62453531598513,0.3071226605628114,0.33545512412476125,0.4571428571428571,0.704090238245836,0.3099173553719008,0.7896678966789669,0.6710291493158834,0.4776119402985075,0.44186046511627897,0.6632643327291806,0.6501662356852604
Lavar Johnson,Orthodox,No,No,No,Lavar Johnson,0.16666666666666666,0.08333333333333333,0.0,0.0,0.4152777777777777,9.916666666666666,4.083333333333333,3.0,5.083333333333333,9.166666666666666,2.75,17.0,26.0,55.083333333333336,72.75,0.08333333333333333,18.083333333333332,4.583333333333333,3.3333333333333335,10.833333333333334,12.083333333333334,3.0833333333333335,0.0,1.1666666666666667,0.25,0.08333333333333333,3.2083333333333326,6.416666666666667,1.0833333333333333,0.5833333333333334,2.6666666666666665,2.0833333333333335,3.3333333333333335,8.083333333333334,16.583333333333332,27.5,41.0,2.25,14.0,1.3333333333333333,1.25,8.5,2.9166666666666665,5.166666666666667,1.0833333333333333,7.583333333333333,0.25,0.6666666666666666,5.833333333333333,0.8333333333333334,1.8333333333333333,8.5,13.5,1.0,0.5483870967741935,0.8909090909090909,0.024999999999999998,0.4692307692307692,0.7586206896551724,0.8918918918918919,0.6538461538461539,0.7571592210767469,0.4814814814814814,0.5416666666666666,0.1875,0.06666666666666665,0.6862745098039216,0.2857142857142856,0.3548387096774194,0.5125628140703518,0.3292682926829268
Josh Neer,Orthodox,No,No,No,Josh Neer,0.041666666666666664,0.27777777777777773,0.37222222222222223,0.06388888888888888,1.0177314814814815,11.105555555555556,2.0583333333333336,1.3055555555555556,6.513888888888889,4.066666666666666,3.8888888888888893,14.469444444444443,32.141666666666666,23.38888888888889,41.61944444444445,0.7000000000000001,27.930555555555557,2.6,1.611111111111111,19.375,6.391666666666666,6.375,0.06666666666666667,1.1944444444444444,0.20833333333333334,0.03333333333333333,1.786898148148148,10.377777777777778,3.7638888888888893,1.3416666666666668,8.911111111111111,4.166666666666667,2.4055555555555554,15.483333333333334,37.111111111111114,30.233333333333334,54.46388888888888,2.0694444444444446,30.497222222222224,5.1194444444444445,1.4944444444444445,26.130555555555556,6.183333333333334,4.797222222222222,0.875,20.119444444444444,1.3555555555555554,0.1527777777777778,17.219444444444445,2.016666666666667,2.391666666666667,21.627777777777776,24.230555555555554,0.39682539682539675,0.3976131277971159,0.7916666666666667,0.17241379310344826,0.33620071684587816,0.636245110821382,0.6100217864923748,0.4501771670555699,0.5619702329306547,0.4228187919463088,0.6597139994535022,0.26478567552902865,0.2007434944237918,0.6589773572871266,0.3261455525606469,0.4985524030110017,0.5827844311377246,0.44489213036160546
Matt Grice,Orthodox,No,No,No,Matt Grice,0.20634920634920637,0.8095238095238096,0.09523809523809523,0.0,2.4513227513227513,16.126984126984127,2.6507936507936507,1.4126984126984128,5.650793650793651,4.523809523809524,10.015873015873016,20.19047619047619,37.84126984126984,38.285714285714285,57.65079365079365,2.1587301587301586,32.15873015873016,3.619047619047619,2.0634920634920637,13.571428571428571,8.063492063492063,16.206349206349206,0.20634920634920637,0.14285714285714285,0.9206349206349206,0.1111111111111111,0.7917989417989418,9.777777777777779,2.0476190476190474,1.6666666666666667,4.904761904761905,4.746031746031746,3.8412698412698414,13.492063492063492,31.46031746031746,26.42857142857143,46.12698412698413,1.1904761904761905,25.666666666666668,3.5555555555555554,2.238095238095238,19.063492063492063,7.492063492063491,4.904761904761905,1.0476190476190477,15.888888888888891,1.507936507936508,0.5714285714285714,14.158730158730158,2.7460317460317456,1.0634920634920635,17.96825396825397,19.6984126984127,0.37500000000000006,0.5014807502467917,0.7324561403508771,0.3923076923076923,0.416374269005848,0.5610236220472441,0.6180215475024486,0.5335570469798657,0.6640969162995595,0.88,0.6190476190476191,0.4241071428571429,0.9361702127659575,0.7427144046627809,0.36652542372881347,0.21682847896440127,0.5711402623612513,0.42704748795595315
Jon Manley,Orthodox,No,No,No,Jon Manley,0.0,0.3333333333333333,0.0,0.0,1.8166666666666667,4.0,0.6666666666666666,1.0,4.0,1.6666666666666667,0.0,5.666666666666667,28.333333333333332,11.666666666666666,37.333333333333336,4.333333333333333,24.333333333333332,2.3333333333333335,1.6666666666666667,25.666666666666668,2.6666666666666665,0.0,0.0,1.3333333333333333,0.0,0.3333333333333333,1.711111111111111,14.0,5.0,2.6666666666666665,11.0,7.333333333333333,3.3333333333333335,21.666666666666668,40.0,32.333333333333336,52.666666666666664,1.6666666666666667,31.0,6.333333333333333,2.6666666666666665,23.0,11.0,6.0,0.3333333333333333,17.0,1.3333333333333333,0.0,12.0,3.6666666666666665,2.6666666666666665,18.333333333333332,20.333333333333332,0.07692307692307693,0.16438356164383564,0.2857142857142857,0.19999999999999998,0.15584415584415584,0.6250000000000001,,0.2,0.31249999999999994,0.20000000000000007,0.5483870967741935,0.21052631578947367,0.5,0.5217391304347826,0.33333333333333337,0.4444444444444444,0.45833333333333326,0.38607594936708856
Brock Jardine,Orthodox,No,No,No,Brock Jardine,0.0,0.0,0.16666666666666666,0.0,0.25555555555555554,3.0,1.6666666666666667,0.5,5.166666666666667,0.0,0.0,5.166666666666667,16.666666666666668,6.166666666666667,17.666666666666668,0.5,13.0,3.1666666666666665,0.5,16.666666666666668,0.0,0.0,0.0,1.6666666666666667,0.3333333333333333,0.0,1.9305555555555554,5.0,7.666666666666667,3.6666666666666665,7.333333333333333,1.0,8.0,16.333333333333332,37.333333333333336,23.666666666666668,45.166666666666664,2.0,24.166666666666668,9.5,3.6666666666666665,26.666666666666668,1.0,9.666666666666666,0.3333333333333333,19.166666666666668,1.8333333333333333,0.0,19.333333333333332,0.0,1.6666666666666667,21.0,21.5,0.0,0.23076923076923078,0.5263157894736843,0.0,0.31,,,0.31,0.3490566037735849,0.16666666666666663,0.7931034482758621,0.1929824561403508,0.5454545454545454,0.7250000000000001,0.0,0.17241379310344818,0.5625,0.47601476014760147
Anton Kuivanen,Orthodox,No,No,No,Anton Kuivanen,0.0,0.4444444444444444,0.16666666666666666,0.2222222222222222,1.1222222222222222,6.777777777777779,3.722222222222222,0.5,6.388888888888888,2.1666666666666665,2.444444444444444,11.0,27.555555555555557,16.055555555555554,33.111111111111114,0.4444444444444444,21.5,5.388888888888889,0.6666666666666666,21.611111111111114,2.6666666666666665,3.277777777777778,0.0,1.0,0.3333333333333333,0.1111111111111111,1.375925925925926,4.222222222222222,2.0,1.4444444444444446,4.777777777777778,1.3333333333333333,1.5555555555555556,7.666666666666667,22.333333333333332,13.111111111111112,28.666666666666668,3.5555555555555554,17.777777777777775,2.555555555555556,2.0,18.222222222222225,1.9444444444444444,2.1666666666666665,2.5555555555555554,13.555555555555555,0.5555555555555555,0.5555555555555555,13.444444444444445,0.611111111111111,0.611111111111111,14.666666666666666,15.555555555555555,1.0,0.31524547803617575,0.690721649484536,0.6666666666666666,0.2956298200514138,0.8125,0.7457627118644067,0.39919354838709675,0.4848993288590603,0.71875,0.7625,0.21739130434782616,0.5,0.7378048780487805,0.3142857142857143,0.28205128205128194,0.6567164179104477,0.5426356589147286
Caros Fodor,Orthodox,No,No,No,Caros Fodor,0.0,1.0,0.0,0.0,0.7055555555555556,8.0,4.0,3.6666666666666665,10.666666666666666,5.0,0.0,15.666666666666666,30.666666666666668,26.666666666666668,42.333333333333336,4.333333333333333,20.0,6.666666666666667,4.0,22.666666666666668,8.0,0.0,0.0,0.3333333333333333,0.0,0.0,2.2166666666666663,7.0,6.666666666666667,1.6666666666666667,8.0,6.0,1.3333333333333333,15.333333333333334,40.0,28.666666666666668,54.666666666666664,1.0,27.0,11.0,2.0,31.0,7.0,2.0,0.6666666666666666,20.0,4.333333333333333,0.3333333333333333,23.0,1.0,0.6666666666666666,24.666666666666668,26.0,0.23076923076923078,0.4,0.6,0.25,0.4705882352941176,0.625,,0.5108695652173912,0.6299212598425197,0.6666666666666667,0.7407407407407407,0.3939393939393939,0.8333333333333334,0.7419354838709677,0.1428571428571429,0.33333333333333337,0.6166666666666667,0.47560975609756095
Josh Grispi,Orthodox,No,No,No,Josh Grispi,0.0,0.6944444444444443,0.38888888888888884,0.0,0.7782407407407407,1.361111111111111,0.9444444444444443,1.5833333333333333,2.944444444444444,0.47222222222222215,0.47222222222222215,3.888888888888889,10.222222222222221,7.527777777777778,13.972222222222223,1.6111111111111114,6.527777777777779,1.722222222222222,1.9722222222222223,8.25,1.1944444444444444,0.7777777777777777,0.1111111111111111,0.3055555555555555,0.08333333333333333,0.19444444444444442,2.9828703703703705,13.083333333333334,4.138888888888888,1.75,6.527777777777779,5.5,6.944444444444444,18.97222222222222,34.22222222222222,39.27777777777778,57.138888888888886,0.38888888888888884,26.972222222222225,4.972222222222222,2.2777777777777777,14.388888888888888,9.805555555555555,10.027777777777777,0.08333333333333333,13.888888888888888,0.8333333333333334,0.5277777777777778,7.861111111111112,4.305555555555556,3.0833333333333335,15.25,17.86111111111111,0.43103448275862055,0.20851063829787228,0.5483870967741935,0.35211267605633795,0.3569023569023569,0.39534883720930225,0.6071428571428571,0.3804347826086957,0.5387673956262425,0.2142857142857143,0.5149330587023687,0.16759776536312865,0.8658536585365854,0.5463320463320462,0.43909348441926344,0.30747922437673125,0.4456168831168831,0.31259115216334465
Che Mills,Orthodox,No,No,No,Che Mills,0.16666666666666666,0.16666666666666666,0.0,0.3333333333333333,0.3833333333333333,4.083333333333333,0.75,2.9166666666666665,3.25,1.6666666666666667,2.8333333333333335,7.75,15.75,13.833333333333334,22.916666666666668,0.5,11.25,1.5,3.0,8.75,2.9166666666666665,4.083333333333333,0.0,1.0,0.0,0.0,2.6902777777777778,8.083333333333334,0.6666666666666666,0.8333333333333334,1.6666666666666667,0.75,7.166666666666667,9.583333333333334,16.666666666666668,30.083333333333332,41.0,2.8333333333333335,13.916666666666666,1.25,1.5,5.333333333333333,1.6666666666666667,9.666666666666666,1.8333333333333333,5.833333333333333,0.5833333333333334,0.6666666666666666,3.6666666666666665,0.9166666666666666,2.5,7.083333333333333,10.916666666666666,0.3333333333333333,0.36296296296296293,0.5,0.05555555555555555,0.37142857142857144,0.5714285714285715,0.6938775510204083,0.49206349206349204,0.6036363636363636,0.6470588235294118,0.41916167664670656,0.4666666666666667,0.33333333333333337,0.6875,0.55,0.2586206896551724,0.42500000000000004,0.266260162601626
Matthew Riddle,Southpaw,No,No,No,Matthew Riddle,0.0,1.1136363636363635,0.1717171717171717,0.030303030303030304,2.353114478114478,7.12121212121212,4.234848484848485,3.022727272727273,4.924242424242425,4.323232323232323,5.1313131313131315,14.37878787878788,33.916666666666664,38.77777777777778,61.207070707070706,2.227272727272727,24.626262626262626,5.626262626262626,3.664141414141414,20.416666666666668,5.91919191919192,7.58080808080808,0.027777777777777776,0.08333333333333333,0.1414141414141414,0.11616161616161617,0.5777777777777778,8.409090909090908,2.308080808080808,2.348484848484848,8.184343434343434,2.6338383838383836,2.2474747474747474,13.065656565656566,29.093434343434343,22.550505050505052,39.30808080808081,0.7929292929292929,22.755050505050505,3.54040404040404,2.797979797979798,21.48737373737374,4.058080808080808,3.547979797979798,0.7095959595959597,14.345959595959597,1.2323232323232323,0.44949494949494945,13.303030303030303,1.4242424242424245,1.3005050505050504,16.02777777777778,16.757575757575758,0.5,0.2891714520098441,0.752692998204668,0.3039283252929014,0.24118738404452691,0.7303754266211603,0.6768820786142572,0.42394460576278764,0.6335506229886955,0.8949044585987261,0.63045167018089,0.34807417974322397,0.970216606498195,0.6191091785168645,0.3509645301804605,0.3665480427046264,0.5509070393195035,0.4263137607606321
Jorge Santiago,Orthodox,No,No,No,Jorge Santiago,0.05555555555555555,0.1111111111111111,0.16666666666666666,0.05555555555555555,0.3374074074074074,4.7555555555555555,2.088888888888889,1.0333333333333334,5.144444444444445,2.2777777777777777,0.45555555555555555,7.877777777777777,23.600000000000005,10.311111111111112,26.400000000000002,0.5444444444444444,19.6,2.7222222222222228,1.2777777777777777,19.4,3.288888888888889,0.9111111111111111,0.3,0.5222222222222223,0.12222222222222223,0.0,1.6879629629629627,6.655555555555556,1.1111111111111112,3.1888888888888887,5.911111111111111,1.388888888888889,3.655555555555555,10.955555555555556,25.07777777777778,22.822222222222223,39.333333333333336,1.5777777777777777,19.58888888888889,1.7666666666666666,3.7222222222222228,16.76666666666667,1.9777777777777779,6.333333333333333,1.0555555555555556,12.933333333333332,0.6555555555555556,0.5333333333333333,10.855555555555554,0.5888888888888889,2.6777777777777776,14.122222222222222,16.51111111111111,0.20408163265306123,0.24263038548752833,0.7673469387755101,0.08695652173913043,0.2651775486827034,0.6925675675675674,0.5,0.33380414312617696,0.39057239057239057,0.6690140845070423,0.6602382302892796,0.371069182389937,0.8597014925373134,0.6474486414844268,0.297752808988764,0.42280701754385974,0.5631369073992025,0.41977401129943503
Paul Sass,Orthodox,No,No,No,Paul Sass,0.0,0.06666666666666667,1.2,0.0,0.2011111111111111,1.2,0.5333333333333333,0.3333333333333333,1.6666666666666667,0.0,0.39999999999999997,2.066666666666667,9.4,8.266666666666667,17.333333333333332,0.39999999999999997,8.200000000000001,0.5333333333333333,0.6666666666666666,8.733333333333333,0.0,0.6666666666666666,0.0,1.0666666666666667,0.13333333333333333,0.0,3.2944444444444443,9.4,0.4666666666666666,0.9333333333333332,1.0666666666666667,0.0,9.733333333333333,10.799999999999999,19.2,19.533333333333335,29.266666666666666,1.4666666666666668,17.666666666666668,0.5333333333333333,1.0,4.666666666666667,0.0,14.533333333333333,0.39999999999999997,8.266666666666667,0.06666666666666667,0.06666666666666667,3.6,0.0,4.8,8.4,9.733333333333333,0.16666666666666669,0.1463414634146341,1.0,0.1,0.1908396946564886,,0.6,0.2198581560283688,0.476923076923077,0.2727272727272728,0.4679245283018868,0.1250000000000001,-0.06666666666666665,0.7714285714285715,,0.3302752293577982,0.4375,0.3325740318906605
Ulysses Gomez,Orthodox,No,No,No,Ulysses Gomez,0.0,0.0,0.0,0.0,0.09444444444444444,3.6666666666666665,0.5,7.833333333333333,11.5,0.5,0.0,12.0,51.166666666666664,12.0,51.166666666666664,1.5,37.0,1.8333333333333333,12.333333333333334,50.666666666666664,0.5,0.0,0.16666666666666666,0.16666666666666666,0.0,0.0,0.08611111111111108,6.0,3.0,6.5,12.666666666666666,2.6666666666666665,0.16666666666666666,15.5,53.833333333333336,15.833333333333334,54.333333333333336,0.16666666666666666,41.166666666666664,5.0,7.666666666666667,50.0,3.3333333333333335,0.5,0.0,35.166666666666664,2.0,1.1666666666666667,37.333333333333336,0.6666666666666666,0.3333333333333333,38.333333333333336,38.5,0.0,0.0990990990990991,0.27272727272727276,0.0,0.22697368421052633,1.0,,0.23452768729641696,0.23452768729641696,0.0,0.854251012145749,0.4,0.9782608695652174,0.7466666666666667,0.20000000000000007,0.6666666666666667,0.7120743034055728,0.7085889570552147
Terry Etim,Orthodox,No,No,No,Terry Etim,0.06734006734006734,0.09764309764309764,0.32323232323232326,0.030303030303030304,0.1841189674523008,4.375757575757576,1.0525252525252524,3.5892255892255895,7.861952861952862,1.0511784511784512,0.10437710437710439,9.017508417508418,25.144107744107743,10.018855218855219,26.363636363636363,0.4323232323232323,18.91178451178451,1.7912457912457913,4.441077441077441,23.323905723905725,1.4969696969696968,0.32323232323232326,0.13400673400673402,0.7851851851851852,0.037037037037037035,0.0,1.9712457912457912,6.202693602693603,1.9865319865319864,2.505723905723906,5.583164983164983,1.3151515151515152,3.796632996632997,10.694949494949496,32.85656565656566,27.618181818181814,53.68417508417508,1.3151515151515152,24.95016835016835,4.147474747474747,3.7589225589225586,24.874074074074073,1.7043771043771043,6.278114478114478,0.5299663299663299,18.747474747474747,2.160942760942761,1.2531986531986532,19.290909090909093,0.3892255892255892,2.4814814814814814,22.161616161616163,26.065993265993267,0.22585669781931467,0.23137729668138443,0.5875939849624059,0.021986353297952996,0.3370770296801016,0.7022042285200181,0.3229166666666667,0.3586330646241196,0.38002554278416345,0.4029697900665643,0.751396723435265,0.5210261406072414,0.7911142959512719,0.7755428014510801,0.22836823389964434,0.3952590367907326,0.6744958189867192,0.48554333237164615
Motonobu Tezuka,Southpaw,No,No,No,Motonobu Tezuka,0.0,0.5,0.16666666666666666,0.0,1.9305555555555554,1.5,0.16666666666666666,2.6666666666666665,4.166666666666667,0.16666666666666666,0.0,4.333333333333333,18.333333333333332,9.5,27.333333333333332,4.5,14.0,0.3333333333333333,4.0,18.0,0.3333333333333333,0.0,0.0,0.0,0.0,0.0,0.3944444444444444,7.833333333333333,3.8333333333333335,2.3333333333333335,10.166666666666666,3.0,0.8333333333333334,14.0,28.666666666666668,41.166666666666664,55.833333333333336,0.0,20.0,5.333333333333333,3.3333333333333335,23.833333333333332,4.0,0.8333333333333334,0.0,12.166666666666666,1.5,1.0,13.666666666666666,1.0,0.0,14.666666666666666,14.666666666666666,0.1111111111111111,0.10714285714285714,0.5,0.125,0.2314814814814815,0.5,,0.23636363636363636,0.34756097560975613,,0.6083333333333334,0.2812499999999999,1.0,0.5734265734265734,0.25,0.0,0.5116279069767442,0.26268656716417915
Jacob Volkmann,Southpaw,No,No,No,Jacob Volkmann,0.0,1.042857142857143,0.6571428571428571,0.09523809523809523,2.3892857142857142,3.923809523809524,0.8523809523809524,0.5904761904761905,1.680952380952381,0.40952380952380957,3.2761904761904765,5.366666666666667,15.423809523809524,17.209523809523812,28.93809523809524,2.1476190476190475,12.633333333333333,1.2333333333333334,1.5571428571428572,9.466666666666667,0.7714285714285715,5.185714285714286,0.11428571428571428,0.30952380952380953,0.41904761904761906,0.3523809523809524,1.1329365079365081,5.414285714285714,1.9714285714285715,1.3857142857142855,3.2047619047619045,1.6095238095238094,3.957142857142857,8.771428571428572,18.0,16.02857142857143,26.152380952380952,0.6952380952380953,14.138095238095238,2.3285714285714287,1.5333333333333332,9.704761904761904,2.3666666666666667,5.928571428571428,0.3857142857142857,8.723809523809523,0.35714285714285715,0.14761904761904762,6.5,0.7571428571428571,1.9714285714285715,9.22857142857143,10.123809523809525,0.4855875831485588,0.31059178288729744,0.6911196911196911,0.6697247706422018,0.17756539235412475,0.5308641975308642,0.6317722681359046,0.34794689719049093,0.5947013328945204,0.5547945205479452,0.6170427753452341,0.15337423312883436,0.7981366459627329,0.669774288518155,0.3199195171026158,0.33253012048192765,0.5126984126984127,0.38710852148579755
Jon Fitch,Orthodox,No,No,Yes,Jon Fitch,0.02287581699346405,0.7193061840120664,0.17787833081950727,0.034640522875816995,1.7209284397519693,6.978733031674208,1.8193061840120663,1.0990447461035697,3.9236802413273004,1.6989944695827048,4.274409250879839,9.897083961789843,24.820160884866766,32.80744092508799,49.650477626948216,2.2374560080442434,20.35339366515837,2.8836098541980895,1.5831573655103068,15.395123177476119,3.237707390648567,6.187330316742082,0.05299145299145299,1.0654600301659125,0.3498743086978381,0.06902966314731021,1.5632914362326127,7.922071392659627,2.3520361990950227,2.0307692307692307,7.448064353946707,1.5295123177476118,3.3273001508295623,12.304876822523882,23.287380593262945,20.204072398190043,31.936199095022623,1.4860231271995978,17.87063851181498,3.0790849673202616,2.3376571141277025,16.244645550527903,2.1959778783308197,4.846757164404223,0.4205630970336853,9.948567119155353,0.7270487682252388,0.30688788335847156,8.796581196581197,0.6664655605832076,1.5194570135746606,10.982503770739065,11.73212669683258,0.32148394490259086,0.34287810408839287,0.6309127364658704,0.4543491377941503,0.25486514112909814,0.5247523215006678,0.6908325613898233,0.3987518053448335,0.660767881662461,0.28301248435226856,0.556699029672497,0.23612494489166114,0.5442188575361322,0.5415065025100121,0.3034937497138148,0.3134997199228232,0.4716075183619539,0.3673613964493688
Jay Hieron,Orthodox,No,No,No,Jay Hieron,0.0,1.0833333333333333,0.3333333333333333,0.0,0.9736111111111111,2.8333333333333335,0.75,2.25,5.083333333333333,0.3333333333333333,0.4166666666666667,5.833333333333333,21.75,10.25,26.75,2.0833333333333335,18.083333333333332,1.0,2.6666666666666665,20.25,0.5833333333333334,0.9166666666666666,0.25,0.3333333333333333,0.08333333333333333,0.4166666666666667,0.3166666666666667,6.416666666666667,0.9166666666666666,1.5833333333333333,5.0,1.3333333333333333,2.5833333333333335,8.916666666666666,21.166666666666668,17.916666666666668,31.75,0.75,18.0,1.4166666666666667,1.75,15.333333333333334,2.0833333333333335,3.75,0.4166666666666667,11.583333333333334,0.5,0.16666666666666666,10.333333333333334,0.75,1.1666666666666667,12.25,13.833333333333334,0.5199999999999999,0.1566820276497696,0.75,0.40625,0.2510288065843621,0.5714285714285714,0.4545454545454546,0.2681992337164751,0.38317757009345793,0.5555555555555556,0.6435185185185185,0.3529411764705883,0.8095238095238095,0.6739130434782609,0.3600000000000001,0.3111111111111111,0.578740157480315,0.43569553805774275
Mike Russow,Orthodox,No,No,No,Mike Russow,0.1111111111111111,1.3555555555555554,0.13333333333333333,0.05555555555555555,2.147407407407407,5.533333333333334,0.6555555555555556,0.0,3.6666666666666665,0.7444444444444445,1.7777777777777777,6.188888888888889,13.5,15.544444444444444,24.166666666666668,3.1111111111111107,12.733333333333334,0.7666666666666666,0.0,9.6,1.3666666666666665,2.533333333333333,0.05555555555555555,0.13333333333333333,0.0,0.1111111111111111,0.18037037037037038,10.422222222222222,1.5666666666666664,0.811111111111111,8.055555555555555,2.388888888888889,2.3555555555555556,12.800000000000002,32.333333333333336,20.61111111111111,40.5,0.13333333333333333,29.3,2.1,0.9333333333333335,25.48888888888889,3.6222222222222222,3.222222222222222,0.0,18.877777777777776,0.5333333333333333,0.12222222222222223,17.433333333333334,1.2333333333333332,0.8666666666666666,19.533333333333335,19.88888888888889,0.4357142857142857,0.43455497382198954,0.855072463768116,inf,0.3819444444444444,0.5447154471544716,0.7017543859649122,0.45843621399176954,0.6432183908045976,0.0,0.6442927569207433,0.25396825396825407,0.8571428571428572,0.6839581517000872,0.3404907975460123,0.2689655172413792,0.6041237113402061,0.4910836762688615
Mike Stumpf,,No,No,No,Mike Stumpf,0.0,0.5,0.16666666666666666,0.0,0.7111111111111111,7.666666666666667,4.333333333333333,5.333333333333333,13.833333333333334,3.5,0.0,17.333333333333332,40.0,25.5,48.833333333333336,2.1666666666666665,27.333333333333332,7.333333333333333,5.333333333333333,33.833333333333336,5.833333333333333,0.3333333333333333,0.0,0.8333333333333334,0.5,0.0,1.7277777777777779,34.0,5.5,7.833333333333333,32.5,13.5,1.3333333333333333,47.333333333333336,87.16666666666667,58.166666666666664,98.33333333333333,1.1666666666666667,72.0,7.166666666666667,8.0,66.33333333333333,19.5,1.3333333333333333,0.3333333333333333,38.0,1.6666666666666667,0.16666666666666666,33.833333333333336,6.0,0.0,39.833333333333336,40.166666666666664,0.23076923076923078,0.2804878048780488,0.5909090909090909,0.09375,0.4088669950738916,0.6,0.0,0.4333333333333333,0.5221843003412969,0.2857142857142857,0.5277777777777778,0.2325581395348838,0.8958333333333334,0.5100502512562815,0.3076923076923077,0.0,0.45697896749521993,0.40847457627118644
Vladimir Matyushenko,Orthodox,No,No,Yes,Vladimir Matyushenko,0.016666666666666666,0.71,0.04,0.04,1.1967777777777777,4.3100000000000005,0.4866666666666667,1.0466666666666666,3.393333333333333,0.8166666666666667,1.6333333333333335,5.843333333333333,14.88,21.636666666666663,31.746666666666663,1.8933333333333333,13.046666666666667,0.61,1.2233333333333334,11.213333333333333,1.1266666666666665,2.54,0.06666666666666667,0.5533333333333333,0.03333333333333333,0.016666666666666666,2.1991111111111112,3.3633333333333333,1.16,2.0433333333333334,2.46,2.3166666666666664,1.7899999999999998,6.566666666666667,14.216666666666669,36.21,44.06333333333333,1.1433333333333333,10.766666666666667,1.34,2.1100000000000003,8.893333333333334,2.48,2.8433333333333333,0.5900000000000001,7.403333333333333,0.18,0.06666666666666667,6.4333333333333345,0.16333333333333333,1.0533333333333332,7.65,7.8533333333333335,0.375,0.33035258048032706,0.7978142076502733,0.5803814713896457,0.302615933412604,0.7248520710059173,0.6430446194225723,0.3926971326164874,0.6815413691726165,0.5160349854227405,0.6876160990712075,0.1343283582089554,0.7377567140600316,0.7233883058470765,0.0658602150537635,0.3704572098475968,0.5381008206330598,0.17822830773886067
Simeon Thoresen,Orthodox,No,No,No,Simeon Thoresen,0.0,0.27777777777777773,0.5,0.16666666666666666,1.361111111111111,9.444444444444445,4.166666666666667,1.8888888888888886,10.444444444444445,4.0,1.0555555555555556,15.5,34.666666666666664,21.5,41.666666666666664,0.6666666666666666,27.777777777777782,4.888888888888889,2.0,27.388888888888886,5.388888888888888,1.888888888888889,0.1111111111111111,0.3333333333333333,0.6666666666666666,0.16666666666666666,0.9277777777777777,13.722222222222223,2.1666666666666665,0.5,10.555555555555555,2.5,3.3333333333333335,16.38888888888889,42.833333333333336,37.27777777777778,67.55555555555556,0.6666666666666666,38.166666666666664,3.2222222222222228,1.4444444444444444,33.44444444444445,3.777777777777778,5.611111111111112,0.3333333333333333,24.444444444444446,1.0555555555555556,0.9444444444444443,22.888888888888886,1.277777777777778,2.2777777777777777,26.444444444444446,30.277777777777782,0.41666666666666663,0.33999999999999997,0.8522727272727273,0.13888888888888887,0.3813387423935092,0.7422680412371134,0.5588235294117647,0.44711538461538464,0.516,0.5,0.6404657933042213,0.32758620689655193,0.7692307692307693,0.6843853820598007,0.3382352941176471,0.40594059405940597,0.6173800259403373,0.4481907894736842
Diego Nunes,Orthodox,No,No,No,Diego Nunes,0.16666666666666666,0.27777777777777773,0.0,0.0,0.6240740740740741,6.055555555555556,4.055555555555555,4.666666666666667,10.166666666666666,3.277777777777778,1.3333333333333333,14.777777777777779,33.333333333333336,15.944444444444443,34.833333333333336,0.5,20.555555555555557,5.777777777777778,7.0,25.944444444444443,4.666666666666667,2.722222222222222,0.0,1.1111111111111112,0.16666666666666666,0.0,1.4601851851851853,8.166666666666666,2.722222222222222,5.222222222222222,7.777777777777779,4.222222222222222,4.111111111111112,16.11111111111111,37.77777777777778,31.444444444444443,55.0,3.8333333333333335,26.944444444444446,3.944444444444444,6.888888888888889,26.88888888888889,6.111111111111111,4.777777777777778,2.7222222222222228,18.77777777777778,1.2222222222222223,1.6666666666666667,19.11111111111111,1.8888888888888886,0.6666666666666666,21.666666666666668,23.555555555555557,0.5555555555555555,0.2945945945945946,0.7019230769230769,0.03968253968253967,0.39186295503211993,0.7023809523809524,0.489795918367347,0.4433333333333333,0.45773524720893133,0.7101449275362319,0.6969072164948453,0.3098591549295775,0.8387096774193549,0.7107438016528925,0.3090909090909091,0.13953488372093015,0.5735294117647058,0.42828282828282827
CJ Keith,Orthodox,No,No,No,CJ Keith,0.0,0.0,0.0,0.25,0.37916666666666665,1.25,0.0,0.75,0.75,0.5,0.75,2.0,5.25,5.25,8.75,0.25,3.75,0.5,1.0,4.0,0.5,0.75,0.0,1.0,0.5,0.0,1.4958333333333333,2.75,1.25,0.5,1.0,1.0,2.5,4.5,9.25,11.75,17.75,2.5,6.75,1.5,1.0,4.0,1.5,3.75,1.5,4.0,0.25,0.5,3.0,0.5,1.25,4.75,6.0,0.0,0.3333333333333333,0.0,0.0,0.1875,1.0,1.0,0.38095238095238093,0.6,0.6,0.5925925925925926,0.16666666666666663,0.0,0.75,0.33333333333333337,0.33333333333333337,0.5135135135135135,0.3380281690140845
Milton Vieira,Orthodox,No,No,No,Milton Vieira,0.0,1.0,0.0,0.0,1.5499999999999998,4.166666666666667,2.6666666666666665,1.0,6.0,0.6666666666666666,1.1666666666666667,7.833333333333333,18.666666666666668,20.833333333333332,33.666666666666664,1.5,14.166666666666666,3.3333333333333335,1.1666666666666667,15.5,1.0,2.1666666666666665,0.0,0.3333333333333333,0.0,0.16666666666666666,1.0222222222222221,6.5,1.6666666666666667,4.166666666666667,9.5,0.6666666666666666,2.1666666666666665,12.333333333333334,24.0,25.333333333333332,38.5,0.5,17.333333333333332,2.1666666666666665,4.5,20.5,1.0,2.5,0.16666666666666666,10.833333333333334,0.5,0.3333333333333333,11.0,0.3333333333333333,0.3333333333333333,11.666666666666666,13.166666666666666,0.6666666666666666,0.29411764705882354,0.7999999999999999,0.8571428571428571,0.3870967741935484,0.6666666666666666,0.5384615384615385,0.4196428571428571,0.6188118811881188,0.33333333333333337,0.625,0.23076923076923073,0.9259259259259259,0.5365853658536586,0.33333333333333337,0.13333333333333341,0.48611111111111105,0.34199134199134207
Pedro Nobre,,No,No,No,Pedro Nobre,0.0,0.0,0.0,0.0,0.05,1.0,1.0,1.0,3.0,0.0,0.0,3.0,10.0,3.0,10.0,1.0,7.0,1.0,2.0,10.0,0.0,0.0,0.0,1.0,1.0,0.0,1.1166666666666667,17.0,3.0,0.0,6.0,0.0,14.0,20.0,31.0,26.0,38.0,1.0,25.0,5.0,1.0,16.0,0.0,15.0,0.0,8.0,2.0,1.0,10.0,0.0,1.0,11.0,12.0,0.0,0.14285714285714285,1.0,0.0,0.3,,,0.3,0.3,0.0,0.31999999999999995,0.4,0.0,0.625,,0.06666666666666665,0.3548387096774194,0.3157894736842105
Wagner Prado,Southpaw,No,No,No,Wagner Prado,0.0,0.0,0.0,0.25,0.3041666666666667,2.9166666666666665,2.8333333333333335,0.0,5.083333333333334,0.6666666666666666,0.0,5.75,14.666666666666666,9.166666666666668,19.083333333333336,0.16666666666666666,10.083333333333332,4.416666666666666,0.16666666666666666,13.5,0.6666666666666666,0.5,0.0,1.4166666666666665,1.25,0.0,1.488888888888889,5.5,4.5,0.8333333333333333,5.166666666666667,1.5,4.166666666666666,10.833333333333332,22.166666666666664,20.083333333333336,32.0,1.8333333333333335,14.916666666666666,6.166666666666667,1.0833333333333333,14.416666666666666,1.9166666666666665,5.833333333333334,0.41666666666666663,9.416666666666668,1.6666666666666667,0.25,9.25,0.41666666666666663,1.6666666666666665,11.333333333333332,11.916666666666668,0.0,0.2892561983471075,0.6415094339622642,0.0,0.37654320987654327,1.0,0.0,0.3920454545454546,0.48034934497816595,0.2272727272727274,0.6312849162011174,0.2702702702702703,-0.3076923076923077,0.6416184971098265,0.21739130434782605,0.2857142857142859,0.5112781954887218,0.37239583333333326
Byron Bloodworth,Orthodox,No,No,No,Byron Bloodworth,0.0,0.0,0.0,0.0,0.35,4.0,1.75,2.75,7.0,1.5,0.0,8.5,33.5,10.0,35.0,1.0,27.0,3.0,3.5,31.0,2.5,0.0,0.75,0.0,0.0,0.0,1.1416666666666666,11.0,5.75,6.75,7.5,8.75,7.25,23.5,50.0,27.5,55.25,0.0,33.5,7.0,9.5,30.25,8.75,11.0,0.0,22.5,1.25,2.75,22.75,0.0,3.75,26.5,27.75,0.0,0.14814814814814814,0.5833333333333334,0.0,0.22580645161290322,0.6,,0.2537313432835821,0.2857142857142857,,0.6716417910447761,0.1785714285714286,1.0,0.7520661157024793,0.0,0.34090909090909094,0.53,0.502262443438914
Jonathan Brookins,Southpaw,No,No,No,Jonathan Brookins,0.0,0.6888888888888888,0.1111111111111111,0.0,2.359259259259259,9.044444444444444,1.8222222222222222,0.4666666666666666,4.288888888888889,3.444444444444444,3.6,11.333333333333334,25.877777777777776,15.155555555555557,30.42222222222222,3.966666666666667,21.822222222222223,3.288888888888889,0.7666666666666666,14.888888888888888,6.0,4.988888888888889,0.06666666666666667,0.1111111111111111,0.17777777777777778,0.16666666666666666,0.3451851851851851,8.377777777777778,1.7777777777777777,2.566666666666667,8.122222222222222,4.288888888888889,0.3111111111111111,12.722222222222221,29.61111111111111,19.555555555555557,36.72222222222222,0.4222222222222222,24.688888888888886,2.2444444444444445,2.6777777777777776,22.166666666666668,6.8,0.6444444444444445,0.3111111111111111,16.311111111111114,0.4666666666666666,0.1111111111111111,14.044444444444444,2.511111111111111,0.3333333333333333,16.88888888888889,17.166666666666668,0.1736694677871148,0.41446028513238287,0.554054054054054,0.898550724637681,0.28805970149253735,0.5740740740740741,0.7216035634743876,0.43795620437956206,0.49817384952520094,0.736842105263158,0.6606660666066606,0.207920792079208,0.9585062240663901,0.6335839598997495,0.369281045751634,0.5172413793103449,0.5703564727954973,0.4674735249621784
Jared Papazian,Southpaw,No,No,No,Jared Papazian,0.0,0.0,0.0,0.1111111111111111,0.7564814814814814,11.555555555555557,3.222222222222222,1.6111111111111114,13.777777777777779,2.3333333333333335,0.27777777777777773,16.38888888888889,42.27777777777778,23.722222222222225,52.0,0.5555555555555555,35.333333333333336,5.0,1.9444444444444446,37.833333333333336,3.8888888888888893,0.5555555555555555,0.16666666666666666,1.2777777777777777,0.611111111111111,0.0,1.6537037037037037,9.944444444444445,5.722222222222221,3.388888888888889,14.0,4.277777777777778,0.7777777777777777,19.055555555555554,34.94444444444444,47.611111111111114,68.88888888888889,2.7222222222222228,24.166666666666668,6.833333333333333,3.944444444444444,29.111111111111114,4.944444444444444,0.888888888888889,1.4444444444444444,14.222222222222223,1.111111111111111,0.5555555555555555,15.111111111111109,0.6666666666666666,0.1111111111111111,15.888888888888891,21.27777777777778,0.0,0.32704402515723274,0.6444444444444444,0.0,0.3641703377386197,0.6,0.5,0.3876478318002628,0.45619658119658124,0.5306122448979593,0.5885057471264368,0.16260162601626027,0.676056338028169,0.5190839694656488,0.1348314606741572,0.12500000000000022,0.4546899841017489,0.30887096774193545
John Cofer,Southpaw,No,No,No,John Cofer,0.0,0.3333333333333333,0.0,0.5,0.65,6.5,3.3333333333333335,1.3333333333333333,8.5,2.0,0.6666666666666666,11.166666666666666,26.666666666666668,16.0,32.333333333333336,0.6666666666666666,20.5,4.5,1.6666666666666667,22.833333333333332,3.1666666666666665,0.6666666666666666,0.16666666666666666,0.8333333333333334,0.16666666666666666,0.0,1.125,9.833333333333334,2.1666666666666665,2.0,10.833333333333334,2.5,0.6666666666666666,14.0,37.0,21.0,45.666666666666664,2.3333333333333335,31.333333333333332,3.1666666666666665,2.5,32.0,3.3333333333333335,1.6666666666666667,1.5,21.5,1.0,0.5,21.166666666666668,0.8333333333333334,1.0,23.0,24.666666666666668,0.5,0.3170731707317073,0.7407407407407408,0.19999999999999998,0.3722627737226278,0.6315789473684211,1.0,0.41874999999999996,0.49484536082474223,0.6428571428571428,0.6861702127659575,0.3157894736842105,0.6666666666666666,0.6614583333333333,0.25,0.6000000000000001,0.6216216216216216,0.5401459854014599
Shane del Rosario,Southpaw,No,No,No,Shane del Rosario,0.0,0.25,0.5,0.0,0.8291666666666666,2.75,5.5,3.25,8.75,2.75,0.0,11.5,18.5,16.5,23.5,1.0,7.75,6.5,4.25,15.0,3.5,0.0,0.25,0.5,0.0,0.0,0.8208333333333333,8.5,1.0,1.25,8.0,0.0,2.75,10.75,24.75,17.25,32.5,0.5,21.75,1.5,1.5,21.25,0.0,3.5,0.0,13.25,0.5,0.25,13.25,0.0,0.75,14.0,15.25,0.25,0.3548387096774194,0.8461538461538461,0.058823529411764705,0.5833333333333334,0.7857142857142857,,0.6216216216216216,0.7021276595744681,0.0,0.6091954022988506,0.33333333333333337,0.6666666666666667,0.6235294117647059,,0.2142857142857143,0.5656565656565656,0.46923076923076923
Manuel Rodriguez,Orthodox,No,No,No,Manuel Rodriguez,0.0,3.0,0.0,0.0,3.65,4.0,0.0,0.0,4.0,0.0,0.0,4.0,12.0,17.0,25.0,4.0,12.0,0.0,0.0,12.0,0.0,0.0,1.0,0.0,0.0,0.0,0.4666666666666667,10.0,3.0,3.0,9.0,2.0,5.0,16.0,26.0,18.0,28.0,0.0,19.0,3.0,4.0,17.0,4.0,5.0,0.0,9.0,0.0,1.0,8.0,2.0,0.0,10.0,10.0,0.75,0.3333333333333333,,inf,0.3333333333333333,,,0.3333333333333333,0.68,,0.4736842105263158,0.0,1.0,0.47058823529411764,0.5,0.0,0.3846153846153846,0.3571428571428571
Brendan Loughnane,Switch,No,No,No,Brendan Loughnane,0.3333333333333333,0.0,0.0,0.0,0.6333333333333333,12.0,3.6666666666666665,9.333333333333334,22.333333333333332,2.6666666666666665,0.0,25.0,39.666666666666664,32.0,47.333333333333336,0.6666666666666666,25.666666666666668,4.0,10.0,36.333333333333336,3.3333333333333335,0.0,0.0,0.3333333333333333,0.0,0.0,1.288888888888889,9.666666666666666,3.0,5.333333333333333,15.0,2.3333333333333335,0.6666666666666666,18.0,53.0,39.666666666666664,80.0,4.0,41.333333333333336,3.3333333333333335,8.333333333333334,48.333333333333336,4.0,0.6666666666666666,3.6666666666666665,31.666666666666668,0.3333333333333333,3.0,33.333333333333336,1.6666666666666667,0.0,35.0,40.333333333333336,0.0,0.4675324675324675,0.9166666666666666,0.0,0.6146788990825688,0.7999999999999999,,0.6302521008403362,0.676056338028169,0.9166666666666666,0.7661290322580645,0.10000000000000009,0.96,0.6896551724137931,0.41666666666666663,0.0,0.6603773584905661,0.5041666666666667
Nick Penner,Southpaw,No,No,No,Nick Penner,0.5,0.0,0.0,0.5,0.9833333333333333,5.0,1.0,0.0,4.0,1.0,1.0,6.0,20.0,16.0,31.5,0.0,19.0,1.0,0.0,15.5,2.0,2.5,0.5,1.5,0.0,0.0,1.725,16.5,4.5,1.0,4.0,5.0,13.0,22.0,36.0,33.0,50.5,2.5,30.0,5.0,1.0,10.0,6.0,20.0,1.0,13.5,0.5,0.0,6.0,1.0,7.0,14.0,17.5,,0.2631578947368421,1.0,,0.25806451612903225,0.5,0.4,0.3,0.5079365079365079,0.4,0.44999999999999996,0.09999999999999998,-0.5,0.6,0.16666666666666663,0.35,0.38888888888888884,0.3465346534653465
Henry Martinez,Southpaw,No,No,No,Henry Martinez,0.0,0.0,0.0,0.0,0.26666666666666666,9.166666666666666,0.611111111111111,2.7222222222222228,12.055555555555557,0.4444444444444444,0.0,12.5,50.5,13.888888888888888,53.5,0.3333333333333333,46.111111111111114,1.5555555555555556,2.8333333333333335,48.833333333333336,1.6666666666666667,0.0,0.1111111111111111,0.3333333333333333,0.1111111111111111,0.0,0.39259259259259255,8.61111111111111,6.833333333333333,3.722222222222222,14.888888888888888,2.611111111111111,1.6666666666666667,19.166666666666668,47.555555555555564,25.833333333333332,55.0,1.3333333333333333,32.94444444444444,10.5,4.111111111111111,41.666666666666664,4.055555555555555,1.8333333333333333,1.0,24.333333333333332,3.6666666666666665,0.38888888888888884,26.777777777777775,1.4444444444444444,0.16666666666666666,28.38888888888889,29.166666666666668,0.0,0.19879518072289154,0.3928571428571428,0.0,0.24687144482366327,0.26666666666666666,,0.24752475247524752,0.25960539979231567,0.75,0.7386172006745362,0.3492063492063492,0.9189189189189189,0.6426666666666667,0.3561643835616438,0.09090909090909083,0.59696261682243,0.5303030303030303
Marcus LeVesseur,Southpaw,No,No,No,Marcus LeVesseur,0.0,0.888888888888889,0.1111111111111111,0.0,2.511111111111111,3.388888888888889,2.0555555555555554,7.166666666666667,2.8333333333333335,9.277777777777777,0.5,12.611111111111112,19.444444444444446,26.0,35.11111111111111,2.944444444444444,8.166666666666666,2.5,8.777777777777777,7.388888888888889,11.277777777777777,0.7777777777777777,0.16666666666666666,0.16666666666666666,1.3888888888888886,0.1111111111111111,0.8194444444444443,3.0,10.11111111111111,2.8888888888888893,1.3888888888888886,10.388888888888888,4.222222222222222,16.0,27.222222222222225,23.444444444444446,35.388888888888886,1.1111111111111112,9.944444444444445,14.388888888888888,2.8888888888888893,7.666666666666667,14.666666666666666,4.888888888888888,0.9444444444444443,6.944444444444444,4.277777777777778,0.0,6.277777777777778,4.277777777777778,0.6666666666666666,11.222222222222223,11.944444444444443,0.30188679245283023,0.41496598639455784,0.8222222222222222,0.10126582278481014,0.38345864661654133,0.8226600985221675,0.6428571428571429,0.6485714285714286,0.7405063291139241,0.85,0.6983240223463687,0.29729729729729726,0.9423076923076923,0.818840579710145,0.29166666666666674,0.13636363636363624,0.41224489795918373,0.3375196232339088
Chad Griggs,Orthodox,No,No,No,Chad Griggs,0.0,0.5,0.0,0.0,0.0583333333333333,0.0,0.5,0.5,1.0,0.0,0.0,1.0,3.0,5.0,8.0,1.0,2.0,0.5,0.5,2.5,0.5,0.0,0.5,1.5,1.0,0.0,1.75,4.0,0.5,0.5,1.5,2.5,1.0,5.0,7.5,8.0,10.5,2.0,5.5,1.5,0.5,3.5,2.5,1.5,0.5,1.5,1.0,0.0,2.0,0.0,0.5,2.5,2.5,0.5,0.0,1.0,1.0,0.4,0.0,,0.3333333333333333,0.625,0.25,0.2727272727272727,0.6666666666666667,-2.0,0.5714285714285714,0.0,0.33333333333333337,0.33333333333333337,0.23809523809523814
Mark Hominick,Orthodox,No,No,Yes,Mark Hominick,0.08571428571428572,0.22857142857142856,0.04,0.0,0.9124285714285714,11.958571428571428,3.9614285714285713,0.9757142857142856,12.062857142857144,0.4614285714285714,4.371428571428572,16.895714285714284,39.01571428571428,30.37714285714286,56.12714285714286,0.2785714285714286,31.857142857142854,5.597142857142858,1.5614285714285714,31.807142857142857,0.58,6.628571428571429,0.29714285714285715,0.4671428571428572,0.22857142857142856,0.0,1.160047619047619,11.914285714285715,1.3,3.8957142857142855,12.524285714285714,0.22142857142857145,4.364285714285714,17.11,49.941428571428574,23.665714285714284,57.31428571428571,1.0,43.09428571428571,2.217142857142857,4.63,41.93142857142857,0.45,7.56,0.5328571428571429,31.18,0.917142857142857,0.7342857142857142,29.407142857142855,0.22857142857142856,3.1957142857142857,32.83142857142857,33.64857142857143,0.8205128205128205,0.37538116591928256,0.7077590607452781,0.1463860933211345,0.37924994385807326,0.7955665024630542,0.6594827586206897,0.4330489546336641,0.541220188856932,0.5328571428571428,0.7235298017635748,0.41365979381443296,0.8991052144399876,0.7013150722267647,0.5079365079365079,0.422713529856387,0.6573986670099259,0.5870887337986042
Rich Franklin,Southpaw,Yes,No,Yes,Rich Franklin,0.12555555555555556,0.46333333333333326,0.04444444444444444,0.12,1.020574074074074,13.753333333333334,4.0055555555555555,1.4133333333333333,13.938888888888888,2.756666666666667,2.4766666666666666,19.172222222222224,46.66444444444444,26.529999999999994,55.19666666666667,0.6,39.92555555555556,5.1866666666666665,1.5522222222222222,38.68666666666667,4.294444444444444,3.6833333333333327,0.11222222222222222,0.3555555555555555,0.11666666666666665,0.0,0.3506666666666666,4.868888888888889,2.0677777777777777,1.041111111111111,5.591111111111111,1.7455555555555555,0.6411111111111112,7.977777777777777,24.022222222222222,11.324444444444444,27.81111111111111,0.9833333333333334,19.368888888888886,3.336666666666667,1.3166666666666669,20.218888888888888,2.663333333333333,1.1400000000000001,0.6277777777777778,14.5,1.2688888888888887,0.27555555555555555,14.627777777777776,0.9177777777777777,0.4988888888888889,16.044444444444444,16.486666666666668,0.7722222222222221,0.3444744385383909,0.7722793487574978,0.2984967788117394,0.3603021425699351,0.6419146183699871,0.6723981900452489,0.4108528977570361,0.48064496648348315,0.6384180790960452,0.7486232216613125,0.3802863802863804,0.7299578059071731,0.7234709017969995,0.3445974134334584,0.43762183235867447,0.667900092506938,0.5928086296444267
Tom DeBlass,Orthodox,No,No,No,Tom DeBlass,0.0,0.3333333333333333,0.16666666666666666,0.3333333333333333,1.2194444444444443,4.5,1.5,1.5,6.0,1.5,0.0,7.5,21.0,14.0,28.0,0.6666666666666666,17.166666666666668,2.0,1.8333333333333333,19.5,1.5,0.0,0.0,0.8333333333333334,0.0,0.16666666666666666,2.066666666666667,11.0,5.5,5.666666666666667,9.5,5.333333333333333,7.333333333333333,22.166666666666668,35.666666666666664,53.166666666666664,69.83333333333333,1.1666666666666667,22.5,6.833333333333333,6.333333333333333,22.5,5.666666666666667,7.5,0.3333333333333333,11.5,1.3333333333333333,0.6666666666666666,13.0,0.3333333333333333,0.16666666666666666,13.5,16.666666666666668,0.5,0.2621359223300971,0.75,0.18181818181818182,0.3076923076923077,1.0,,0.35714285714285715,0.5,0.2857142857142857,0.5111111111111111,0.19512195121951215,0.868421052631579,0.5777777777777777,0.05882352941176483,0.022222222222222254,0.37850467289719614,0.23866348448687347
Jeff Hougland,Orthodox,No,No,No,Jeff Hougland,0.0,0.2222222222222222,0.4444444444444444,0.2222222222222222,0.4981481481481482,4.777777777777778,2.3333333333333335,3.222222222222222,8.333333333333334,1.0,1.0,10.333333333333334,21.444444444444443,23.0,35.88888888888889,1.6666666666666667,13.555555555555555,3.5555555555555554,4.333333333333333,18.666666666666664,1.111111111111111,1.6666666666666667,0.1111111111111111,0.4444444444444444,0.2222222222222222,0.0,2.4888888888888885,10.777777777777779,3.111111111111111,2.111111111111111,7.333333333333333,1.0,7.666666666666667,16.0,32.0,30.333333333333332,49.555555555555564,0.4444444444444444,24.0,5.111111111111112,2.8888888888888893,18.22222222222222,1.4444444444444444,12.333333333333334,0.0,13.222222222222221,2.0,0.7777777777777778,10.888888888888891,0.4444444444444444,4.666666666666667,16.0,19.22222222222222,0.13333333333333333,0.3524590163934426,0.6562500000000001,0.05128205128205128,0.4464285714285715,0.9000000000000001,0.6,0.4818652849740933,0.6408668730650154,0.0,0.5509259259259258,0.39130434782608703,0.8461538461538461,0.5975609756097561,0.3076923076923077,0.3783783783783784,0.5,0.38789237668161447
Yasuhiro Urushitani,Southpaw,No,No,No,Yasuhiro Urushitani,0.0,0.0,0.0,0.0,0.0,8.833333333333334,3.5,3.8333333333333335,16.166666666666668,0.0,0.0,16.166666666666668,38.0,16.833333333333332,38.666666666666664,0.3333333333333333,25.833333333333332,6.333333333333333,5.833333333333333,38.0,0.0,0.0,0.16666666666666666,0.16666666666666666,0.16666666666666666,0.0,0.6138888888888888,11.333333333333334,7.333333333333333,3.0,19.666666666666668,0.6666666666666666,1.3333333333333333,21.666666666666668,61.166666666666664,24.833333333333332,64.33333333333333,0.8333333333333334,39.333333333333336,15.0,6.833333333333333,58.0,1.5,1.6666666666666667,0.6666666666666666,28.0,7.666666666666667,3.8333333333333335,38.333333333333336,0.8333333333333334,0.3333333333333333,39.5,39.5,0.0,0.3419354838709678,0.5526315789473685,0.0,0.4254385964912281,,,0.4254385964912281,0.4353448275862069,0.8,0.711864406779661,0.5111111111111111,0.975609756097561,0.6609195402298851,0.5555555555555556,0.20000000000000007,0.6457765667574932,0.6139896373056994
Zhang Tiequan,Orthodox,No,No,No,Zhang Tiequan,0.0,0.19444444444444442,0.5277777777777778,0.0,0.22407407407407406,5.6944444444444455,0.3333333333333333,1.111111111111111,7.138888888888889,0.0,0.0,7.138888888888889,18.666666666666668,7.722222222222222,19.52777777777778,0.19444444444444442,16.38888888888889,0.5,1.7777777777777777,18.47222222222222,0.08333333333333333,0.1111111111111111,0.19444444444444442,0.25,0.5,0.1111111111111111,2.595833333333333,8.055555555555555,1.638888888888889,0.4166666666666667,5.9444444444444455,0.16666666666666666,4.0,10.11111111111111,20.27777777777778,38.75,52.80555555555555,0.9722222222222222,17.61111111111111,2.25,0.4166666666666667,14.666666666666666,0.25,5.361111111111112,0.7222222222222222,9.555555555555555,0.611111111111111,0.0,8.722222222222223,0.08333333333333333,1.361111111111111,10.166666666666666,14.055555555555557,1.0,0.34745762711864414,0.6666666666666666,0.10937499999999999,0.38646616541353385,0.0,0.0,0.38244047619047616,0.39544807965860596,0.7428571428571429,0.5425867507886435,0.2716049382716048,0.4,0.5946969696969696,0.33333333333333337,0.2538860103626943,0.5013698630136987,0.26617569700157806
Stephan Bonnar,Orthodox,No,No,No,Stephan Bonnar,0.061111111111111116,0.45,0.3277777777777778,0.08333333333333333,1.6006481481481483,8.816666666666666,2.4055555555555554,1.1833333333333333,5.461111111111111,3.866666666666667,3.077777777777778,12.405555555555557,31.061111111111114,27.605555555555554,47.861111111111114,1.0999999999999999,25.96666666666667,3.3222222222222224,1.7722222222222221,19.622222222222224,6.427777777777777,5.011111111111111,0.044444444444444446,0.5555555555555556,0.10000000000000002,0.061111111111111116,1.039537037037037,8.616666666666667,2.316666666666667,2.305555555555556,7.977777777777778,3.772222222222222,1.488888888888889,13.238888888888889,28.12222222222222,20.05,35.42777777777778,1.377777777777778,21.972222222222225,2.944444444444444,3.2055555555555557,19.883333333333333,5.949999999999999,2.288888888888889,0.8222222222222223,13.355555555555554,0.6277777777777778,0.9,11.905555555555557,2.1777777777777776,0.7999999999999999,14.883333333333333,15.377777777777778,0.40909090909090917,0.3395378690629011,0.7240802675585284,0.25391849529780564,0.27831257078142696,0.6015557476231634,0.6141906873614191,0.39939187980683244,0.5767846778874056,0.5967741935483871,0.6078381795195955,0.21320754716981116,0.8266897746967071,0.598770606314613,0.36601307189542476,0.3495145631067962,0.5292374555511655,0.4340599027755998
Joey Gambino,Orthodox,No,No,No,Joey Gambino,0.0,0.0,0.3333333333333333,0.0,0.2083333333333333,6.666666666666667,2.8333333333333335,2.3333333333333335,9.833333333333334,0.6666666666666666,1.3333333333333333,11.833333333333334,32.833333333333336,18.0,39.0,1.3333333333333333,26.5,3.6666666666666665,2.6666666666666665,30.166666666666668,1.0,1.6666666666666667,0.3333333333333333,1.0,0.16666666666666666,0.0,1.8388888888888888,7.5,1.5,1.5,5.333333333333333,1.6666666666666667,3.5,10.5,22.833333333333332,27.166666666666668,40.833333333333336,1.6666666666666667,18.166666666666668,2.5,2.1666666666666665,15.333333333333334,2.0,5.5,0.6666666666666666,10.666666666666666,1.0,0.6666666666666666,10.0,0.3333333333333333,2.0,12.333333333333334,13.666666666666666,0.0,0.25157232704402516,0.7727272727272728,0.0,0.3259668508287293,0.6666666666666666,0.7999999999999999,0.36040609137055835,0.46153846153846156,0.4,0.5871559633027523,0.4,0.5384615384615384,0.6521739130434783,0.16666666666666663,0.36363636363636365,0.5401459854014599,0.3346938775510204
Luiz Cane,Southpaw,No,No,No,Luiz Cane,0.2962962962962963,0.07407407407407407,0.037037037037037035,0.0,0.19382716049382712,17.759259259259256,3.2592592592592595,1.5555555555555556,19.166666666666668,1.111111111111111,2.2962962962962963,22.574074074074076,52.53703703703704,23.685185185185187,53.833333333333336,0.6481481481481481,46.61111111111111,4.37037037037037,1.5555555555555556,47.129629629629626,1.9259259259259263,3.481481481481481,0.1111111111111111,0.0,0.0,0.037037037037037035,0.021604938271604934,13.962962962962962,2.888888888888889,3.8703703703703702,19.61111111111111,0.7777777777777777,0.3333333333333333,20.72222222222222,60.611111111111114,21.055555555555554,60.98148148148149,0.3703703703703704,51.25925925925926,4.2592592592592595,5.092592592592593,58.870370370370374,1.2962962962962963,0.4444444444444444,0.3703703703703704,37.2962962962963,1.3703703703703702,1.222222222222222,39.25925925925926,0.5185185185185185,0.1111111111111111,39.88888888888889,39.925925925925924,0.11428571428571428,0.3810091378625347,0.7457627118644069,0.047619047619047616,0.40667976424361496,0.5769230769230768,0.6595744680851064,0.42967923863235813,0.4399724802201582,1.0,0.7276011560693643,0.32173913043478264,1.0,0.6668763762189368,0.4,0.25,0.6581118240146655,0.6547221378682053
Aaron Simpson,Orthodox,No,No,No,Aaron Simpson,0.18484848484848485,1.158874458874459,0.1272727272727273,0.0,1.9509884559884558,8.672294372294372,3.461038961038961,3.632467532467532,5.82900432900433,6.283116883116882,3.6536796536796534,15.765800865800864,30.07748917748918,28.38701298701299,44.85194805194806,3.3259740259740256,21.173160173160174,5.035064935064935,3.8692640692640694,16.01904761904762,8.776190476190477,5.282251082251082,0.03333333333333333,0.18095238095238098,0.06666666666666667,0.047619047619047616,0.5923376623376623,6.6995670995671,1.822077922077922,2.7116883116883117,5.212121212121212,5.125541125541125,0.8956709956709957,11.233333333333334,25.81774891774892,17.355844155844157,32.320346320346324,1.1155844155844157,20.36709956709957,2.3051948051948052,3.145454545454545,16.649350649350648,8.164502164502165,1.0038961038961038,0.9346320346320347,13.667532467532467,0.4831168831168831,0.43376623376623374,11.437229437229439,3.038961038961039,0.10822510822510822,14.584415584415586,14.964502164502164,0.34843160223870895,0.4095890410958904,0.6873871550167656,0.2995077198478407,0.36387958058588266,0.7159275884180929,0.6916898869037863,0.5241727716288374,0.6329047949965254,0.8377958866899495,0.6710593436490393,0.20957746478873251,0.9424717864024222,0.686947477899116,0.3722163308589609,0.10780508840017233,0.564898807827093,0.4630056255022771
Shane Roller,Orthodox,No,No,No,Shane Roller,0.08333333333333333,0.5,0.13888888888888887,0.13888888888888887,1.4222222222222223,8.0,0.888888888888889,1.25,5.638888888888889,0.6944444444444443,3.8055555555555554,10.13888888888889,25.777777777777775,16.555555555555554,33.22222222222222,1.888888888888889,22.333333333333332,2.0833333333333335,1.361111111111111,20.527777777777775,1.0,4.25,0.1111111111111111,0.3611111111111111,0.4166666666666667,0.3055555555555555,0.937037037037037,8.583333333333334,1.388888888888889,1.75,8.583333333333334,1.9444444444444444,1.1944444444444444,11.722222222222221,30.861111111111114,18.055555555555557,37.52777777777778,0.5833333333333334,26.333333333333332,2.472222222222222,2.055555555555556,26.027777777777782,2.444444444444444,2.388888888888889,0.2222222222222222,17.75,1.0833333333333333,0.3055555555555555,17.444444444444446,0.5,1.1944444444444444,19.13888888888889,19.472222222222225,0.2647058823529412,0.35820895522388063,0.42666666666666664,0.3673469387755102,0.27469553450608936,0.6944444444444443,0.8954248366013071,0.39331896551724144,0.49832775919732436,0.38095238095238104,0.6740506329113924,0.4382022471910111,0.8243243243243243,0.6702241195304163,0.20454545454545447,0.5,0.6201620162016201,0.5188749074759438
Carlo Prater,Switch,No,No,No,Carlo Prater,0.0,0.0,0.6666666666666666,0.16666666666666666,0.38611111111111107,2.055555555555556,4.833333333333333,3.222222222222222,4.444444444444445,5.666666666666667,0.0,10.111111111111112,20.666666666666668,12.722222222222221,23.277777777777775,1.388888888888889,8.722222222222223,8.444444444444445,3.5,11.888888888888888,8.61111111111111,0.16666666666666666,0.0,0.9444444444444443,0.16666666666666666,0.0,2.3416666666666663,6.944444444444444,5.5,6.444444444444444,6.611111111111111,9.722222222222223,2.5555555555555554,18.88888888888889,29.222222222222225,34.94444444444444,46.888888888888886,2.1666666666666665,15.555555555555555,6.444444444444444,7.222222222222222,14.722222222222221,11.388888888888891,3.111111111111111,1.222222222222222,8.611111111111112,0.9444444444444443,0.7777777777777777,8.111111111111112,1.6666666666666667,0.5555555555555555,10.333333333333334,11.944444444444445,0.0,0.2356687898089172,0.5723684210526315,0.0,0.3738317757009346,0.6580645161290323,0.0,0.48924731182795705,0.5465393794749404,0.5641025641025641,0.5535714285714286,0.14655172413793094,0.8692307692307693,0.5509433962264151,0.14634146341463428,0.1785714285714286,0.35361216730038025,0.25473933649289093
Duane Ludwig,Orthodox,No,No,No,Duane Ludwig,0.037037037037037035,0.1111111111111111,0.0,0.0,0.648148148148148,14.407407407407407,7.296296296296297,2.185185185185185,17.11111111111111,5.0740740740740735,1.703703703703704,23.888888888888886,59.14814814814815,28.555555555555554,65.0,0.6666666666666666,45.333333333333336,11.0,2.814814814814815,49.074074074074076,7.555555555555556,2.5185185185185186,0.14814814814814814,0.5555555555555555,0.07407407407407407,0.0,1.0320987654320988,8.62962962962963,2.7407407407407405,5.666666666666667,14.296296296296296,0.8518518518518517,1.888888888888889,17.037037037037035,40.40740740740741,21.703703703703706,45.85185185185185,1.9259259259259258,27.333333333333332,6.111111111111111,6.962962962962963,34.111111111111114,1.5925925925925926,4.703703703703703,1.3703703703703702,18.703703703703706,3.3703703703703702,1.2962962962962963,19.814814814814813,0.7407407407407408,2.814814814814815,23.37037037037037,24.14814814814815,0.16666666666666666,0.31781045751633985,0.6632996632996634,0.039473684210526314,0.34867924528301886,0.6715686274509802,0.6764705882352942,0.403882279273638,0.4393162393162393,0.7115384615384616,0.6842818428184282,0.5515151515151515,0.9202127659574468,0.5808903365906624,0.4651162790697675,0.5984251968503936,0.5783684692942256,0.5266558966074313
DaMarques Johnson,Orthodox,No,No,No,DaMarques Johnson,0.3666666666666667,0.16666666666666666,0.09999999999999999,0.39999999999999997,0.7377777777777778,6.3999999999999995,1.1666666666666667,0.5,4.466666666666667,1.3333333333333333,2.2666666666666666,8.066666666666666,18.400000000000002,13.4,24.433333333333334,0.39999999999999997,16.433333333333334,1.4666666666666668,0.5,13.699999999999998,1.9000000000000001,2.8000000000000003,0.0,1.1333333333333335,0.5666666666666668,0.0,1.5027777777777775,8.6,1.7666666666666666,1.3666666666666665,5.666666666666667,1.6000000000000003,4.466666666666667,11.733333333333334,24.366666666666664,20.433333333333334,36.199999999999996,1.3,20.033333333333335,2.566666666666667,1.7666666666666666,13.733333333333334,2.4666666666666663,8.166666666666666,0.16666666666666666,11.433333333333332,0.8000000000000002,0.39999999999999997,8.066666666666666,0.8666666666666666,3.6999999999999997,12.633333333333333,15.766666666666666,0.4166666666666667,0.38945233265720075,0.7954545454545454,0.3333333333333333,0.3260340632603407,0.7017543859649122,0.8095238095238094,0.4384057971014492,0.548431105047749,0.12820512820512808,0.5707154742096506,0.3116883116883118,0.35849056603773577,0.587378640776699,0.3513513513513511,0.4530612244897959,0.5184678522571818,0.4355432780847145
Dan Hardy,Orthodox,No,No,Yes,Dan Hardy,0.06857142857142857,0.17142857142857143,0.07714285714285714,0.0,0.5124285714285713,4.948571428571428,1.282857142857143,1.665714285714286,5.148571428571428,1.6285714285714286,1.1199999999999999,7.897142857142856,22.831428571428567,16.88285714285714,32.371428571428574,0.4514285714285714,18.542857142857144,1.8971428571428572,2.3914285714285715,18.240000000000002,2.68,1.9114285714285715,0.04,1.3942857142857144,1.0485714285714285,0.05714285714285714,2.765761904761905,9.017142857142858,4.488571428571428,2.3571428571428568,7.88,1.6,6.382857142857143,15.862857142857143,28.234285714285715,32.739999999999995,46.251428571428576,1.6485714285714288,19.657142857142855,5.605714285714286,2.9714285714285715,17.34,2.617142857142857,8.277142857142858,0.2542857142857143,10.639999999999999,1.117142857142857,0.6142857142857142,9.46,1.0171428571428571,1.8942857142857144,12.37142857142857,13.51142857142857,0.379746835443038,0.26687211093990754,0.6762048192771084,0.07168458781362007,0.28226817042606506,0.6076759061833689,0.585949177877429,0.3458891252659242,0.5215357458075903,0.1542461005199307,0.5412790697674418,0.19928644240570847,0.5307692307692308,0.5455594002306805,0.3886462882096069,0.22885743872972053,0.43817041084800645,0.2921299728193726
Jason Young,Orthodox,No,No,No,Jason Young,0.0,0.5833333333333334,0.0,0.0,1.0416666666666665,6.722222222222222,2.472222222222222,4.138888888888889,8.722222222222221,2.138888888888889,2.4722222222222223,13.333333333333334,36.22222222222222,28.36111111111111,51.888888888888886,0.8888888888888888,27.972222222222225,3.027777777777778,5.222222222222222,29.861111111111114,3.027777777777778,3.3333333333333335,0.08333333333333333,0.9444444444444443,0.3055555555555555,0.08333333333333333,1.3699074074074076,9.694444444444445,1.9722222222222223,2.7777777777777772,11.305555555555555,1.4166666666666667,1.7222222222222223,14.444444444444443,28.722222222222225,26.916666666666668,42.38888888888889,2.0555555555555554,23.583333333333332,2.0833333333333335,3.0555555555555554,24.5,1.9166666666666667,2.305555555555556,1.1111111111111112,13.888888888888888,0.1111111111111111,0.27777777777777773,13.194444444444445,0.5,0.5833333333333334,14.277777777777779,15.472222222222223,0.6562500000000001,0.24031777557100295,0.8165137614678897,0.11170212765957448,0.2920930232558139,0.7064220183486237,0.7416666666666667,0.3680981595092025,0.5465738758029979,0.5405405405405406,0.5889281507656066,0.053333333333333344,0.6909090909090909,0.5385487528344671,0.26086956521739124,0.2530120481927711,0.49709864603481635,0.36500655307994756
Walel Watson,Orthodox,No,No,No,Walel Watson,0.16666666666666666,0.0,0.5,0.16666666666666666,0.2138888888888889,5.333333333333333,1.75,2.4166666666666665,7.916666666666667,0.3333333333333333,1.25,9.5,30.916666666666668,12.583333333333334,34.416666666666664,0.08333333333333333,22.833333333333332,3.5,4.583333333333333,28.75,0.3333333333333333,1.8333333333333333,0.08333333333333333,0.6666666666666666,0.75,0.0,1.888888888888889,12.333333333333334,1.5833333333333333,3.75,6.416666666666667,0.08333333333333333,11.166666666666666,17.666666666666668,30.916666666666668,27.5,41.916666666666664,1.5833333333333333,23.0,2.5,5.416666666666667,15.833333333333334,0.25,14.833333333333334,0.9166666666666666,10.666666666666666,0.9166666666666666,1.6666666666666667,9.416666666666666,0.16666666666666666,3.6666666666666665,13.25,14.416666666666666,0.0,0.23357664233576642,0.5,0.0,0.2753623188405797,1.0,0.6818181818181819,0.307277628032345,0.3656174334140436,0.5789473684210527,0.46376811594202894,0.3666666666666667,0.8769230769230769,0.5947368421052632,0.6666666666666667,0.2471910112359551,0.4285714285714286,0.3439363817097415
Tommy Hayden,Southpaw,No,No,No,Tommy Hayden,0.5,1.0,0.0,0.0,0.8999999999999999,5.5,0.5,0.5,5.5,0.5,0.5,6.5,24.0,8.5,27.0,3.0,20.5,2.5,1.0,22.5,0.5,1.0,0.0,1.0,1.5,0.5,1.6166666666666667,8.5,0.0,0.5,4.0,0.5,4.5,9.0,20.0,21.0,32.5,3.0,19.0,0.5,0.5,12.5,1.0,6.5,2.0,10.5,0.5,0.0,8.5,0.5,2.0,11.0,11.5,0.3333333333333333,0.2682926829268293,0.2,1.0,0.24444444444444444,1.0,0.5,0.2708333333333333,0.3148148148148148,0.6666666666666667,0.5526315789473684,1.0,-1.0,0.6799999999999999,0.5,0.3076923076923077,0.55,0.3538461538461538
Ken Stone,Southpaw,No,No,No,Ken Stone,0.0,0.16666666666666666,0.08333333333333333,0.0,1.9097222222222223,7.333333333333333,2.0,8.916666666666666,11.416666666666666,6.75,0.08333333333333333,18.25,32.666666666666664,28.083333333333332,44.166666666666664,1.1666666666666667,21.5,2.0,9.166666666666666,24.75,6.833333333333333,1.0833333333333333,0.08333333333333333,0.08333333333333333,0.0,0.0,0.10694444444444441,3.5833333333333335,2.6666666666666665,4.25,8.333333333333334,1.25,0.9166666666666666,10.5,23.25,12.916666666666666,25.666666666666668,1.0833333333333333,15.5,2.8333333333333335,4.916666666666667,21.0,1.25,1.0,1.0,11.916666666666666,0.16666666666666666,0.6666666666666666,12.666666666666666,0.0,0.08333333333333333,12.75,12.75,0.14285714285714285,0.34108527131782945,1.0,0.01818181818181818,0.46127946127946123,0.9878048780487805,0.07692307692307693,0.5586734693877552,0.6358490566037736,0.9230769230769231,0.7688172043010753,0.05882352941176483,0.9830508474576272,0.6031746031746031,0.0,0.08333333333333337,0.5483870967741935,0.49675324675324684
Eiji Mitsuoka,Southpaw,No,No,No,Eiji Mitsuoka,0.25,0.5,0.25,0.0,0.5625,11.25,0.25,0.25,11.5,0.0,0.25,11.75,24.75,12.75,26.0,2.0,24.0,0.5,0.25,24.0,0.5,0.25,0.0,1.0,0.0,0.0,0.9416666666666667,20.75,5.0,2.75,13.25,7.25,8.0,28.5,51.75,58.0,83.25,1.0,42.25,6.75,2.75,33.75,9.5,8.5,0.0,21.5,1.75,0.0,20.5,2.25,0.5,23.25,25.25,0.25,0.46875,0.5,2.0,0.4791666666666667,0.0,1.0,0.47474747474747475,0.49038461538461536,0.0,0.5088757396449703,0.2592592592592593,0.6363636363636364,0.6074074074074074,0.23684210526315785,0.05882352941176472,0.4492753623188406,0.30330330330330335
Buddy Roberts,Orthodox,No,No,No,Buddy Roberts,0.0,0.0,0.16666666666666666,0.0,0.025000000000000005,8.166666666666666,2.1666666666666665,0.6666666666666666,9.666666666666666,1.1666666666666667,0.16666666666666666,11.0,32.333333333333336,20.833333333333332,42.333333333333336,0.0,27.0,3.6666666666666665,1.6666666666666667,30.833333333333332,1.3333333333333333,0.16666666666666666,0.0,1.1666666666666667,0.0,0.0,1.711111111111111,5.833333333333333,0.6666666666666666,3.1666666666666665,5.833333333333333,0.3333333333333333,3.5,9.666666666666666,32.333333333333336,15.666666666666666,41.833333333333336,4.166666666666667,24.166666666666668,1.5,6.666666666666667,24.0,0.3333333333333333,8.0,3.0,18.333333333333332,0.8333333333333334,3.5,18.166666666666668,0.0,4.5,22.666666666666668,26.166666666666668,,0.3024691358024691,0.5909090909090909,0.0,0.31351351351351353,0.8750000000000001,1.0,0.34020618556701027,0.49212598425196846,0.72,0.7586206896551724,0.5555555555555556,0.825,0.7569444444444444,0.0,0.5625,0.7010309278350516,0.6254980079681276
Michihiro Omigawa,Orthodox,No,No,No,Michihiro Omigawa,0.047619047619047616,0.38095238095238093,0.38095238095238093,0.23809523809523805,0.938888888888889,8.285714285714285,1.142857142857143,0.9047619047619048,7.3809523809523805,1.6666666666666667,1.2857142857142858,10.333333333333334,25.23809523809524,24.047619047619047,40.61904761904762,1.0476190476190477,22.71428571428571,1.3809523809523812,1.1428571428571428,20.523809523809522,2.571428571428571,2.142857142857143,0.0,1.142857142857143,0.09523809523809523,0.14285714285714285,1.6333333333333335,13.428571428571429,1.9047619047619049,1.6190476190476188,12.0,1.1904761904761905,3.7619047619047623,16.952380952380953,44.285714285714285,24.857142857142858,53.285714285714285,2.2857142857142856,39.23809523809524,3.142857142857143,1.9047619047619049,35.904761904761905,2.6666666666666665,5.714285714285714,1.1428571428571428,25.80952380952381,1.2380952380952381,0.2857142857142857,23.90476190476191,1.4761904761904763,1.9523809523809526,27.333333333333332,28.428571428571427,0.3636363636363636,0.36477987421383645,0.8275862068965517,0.3333333333333333,0.35962877030162416,0.6481481481481483,0.6000000000000001,0.4094339622641509,0.5920281359906213,0.4999999999999999,0.6577669902912622,0.3939393939393939,0.3999999999999999,0.6657824933687002,0.5535714285714286,0.34166666666666656,0.6172043010752688,0.5335120643431635
Oli Thompson,Orthodox,No,No,No,Oli Thompson,0.0,0.0,0.25,0.0,0.225,4.75,4.25,2.75,9.0,2.75,0.0,11.75,24.25,15.25,28.25,1.0,16.25,4.75,3.25,20.75,3.5,0.0,0.25,0.5,0.25,0.0,1.8541666666666667,21.5,3.0,0.25,17.75,4.75,2.25,24.75,47.5,30.75,56.5,1.5,43.75,3.5,0.25,37.5,5.75,4.25,1.0,22.25,0.5,0.0,19.75,1.0,2.0,22.75,25.75,0.0,0.2923076923076923,0.8947368421052632,0.0,0.43373493975903615,0.7857142857142857,,0.4845360824742268,0.5398230088495575,0.6666666666666667,0.5085714285714286,0.1428571428571429,-1.0,0.5266666666666666,0.17391304347826086,0.47058823529411764,0.4789473684210527,0.4557522123893806
Josh Ferguson,Orthodox,No,No,No,Josh Ferguson,0.0,0.16666666666666666,0.0,0.16666666666666666,1.4722222222222223,6.166666666666667,2.3333333333333335,0.5,7.0,1.1666666666666667,0.8333333333333334,9.0,20.5,13.833333333333334,26.5,1.5,17.333333333333332,2.6666666666666665,0.5,18.166666666666668,1.5,0.8333333333333334,0.16666666666666666,0.8333333333333334,0.3333333333333333,0.16666666666666666,0.9611111111111111,10.666666666666666,5.5,1.5,9.166666666666666,4.666666666666667,3.8333333333333335,17.666666666666668,26.166666666666668,33.333333333333336,42.333333333333336,1.8333333333333333,19.0,5.666666666666667,1.5,17.0,5.166666666666667,4.0,1.0,8.333333333333334,0.16666666666666666,0.0,7.833333333333333,0.5,0.16666666666666666,8.5,9.0,0.1111111111111111,0.35576923076923084,0.8750000000000001,0.3333333333333333,0.38532110091743116,0.7777777777777778,1.0,0.43902439024390244,0.5220125786163522,0.5454545454545454,0.4385964912280702,0.02941176470588236,0.4444444444444444,0.4607843137254902,0.09677419354838712,0.04166666666666663,0.32484076433121023,0.21259842519685035
Damacio Page,Orthodox,No,No,No,Damacio Page,0.0,0.5833333333333333,0.16666666666666666,0.41666666666666663,1.2847222222222219,5.666666666666666,1.6666666666666667,1.5,6.333333333333333,1.1666666666666665,1.3333333333333335,8.833333333333332,23.5,20.666666666666664,36.83333333333333,1.3333333333333333,18.166666666666664,3.5,1.8333333333333333,17.916666666666664,2.0,3.5833333333333335,0.25,0.8333333333333334,1.0,0.16666666666666666,1.1972222222222224,10.916666666666668,1.3333333333333335,0.5,6.75,0.3333333333333333,5.666666666666666,12.75,26.083333333333332,20.0,34.66666666666667,1.0833333333333335,23.666666666666668,1.9166666666666667,0.5,15.333333333333334,0.75,10.0,0.25,12.75,0.5833333333333333,0.0,8.583333333333332,0.41666666666666663,4.333333333333334,13.333333333333334,14.666666666666666,0.43749999999999994,0.3119266055045872,0.4761904761904762,0.3181818181818182,0.3534883720930233,0.5833333333333333,0.372093023255814,0.37588652482269497,0.5610859728506787,0.23076923076923084,0.5387323943661971,0.30434782608695643,-0.6666666666666667,0.5597826086956522,0.5555555555555556,0.43333333333333335,0.5111821086261981,0.42307692307692313
Dan Stittgen,Orthodox,No,No,No,Dan Stittgen,0.0,0.16666666666666666,0.0,0.0,0.0472222222222222,4.666666666666667,3.3333333333333335,8.5,14.0,2.5,0.0,16.5,35.0,23.5,42.0,0.16666666666666666,16.666666666666668,6.333333333333333,12.0,32.5,2.5,0.0,0.16666666666666666,0.0,0.0,0.0,1.8194444444444446,5.0,3.3333333333333335,13.5,13.5,8.0,0.3333333333333333,21.833333333333332,35.833333333333336,39.833333333333336,53.833333333333336,3.8333333333333335,15.333333333333334,5.333333333333333,15.166666666666666,27.5,8.0,0.3333333333333333,3.8333333333333335,10.333333333333334,2.0,1.6666666666666667,14.0,0.0,0.0,14.0,14.0,1.0,0.27999999999999997,0.5263157894736843,0.013888888888888888,0.4307692307692308,1.0,,0.4714285714285714,0.5595238095238095,1.0,0.6739130434782609,0.3749999999999999,1.0,0.509090909090909,0.0,0.0,0.3906976744186047,0.26006191950464397
Forrest Griffin,Orthodox,Yes,No,Yes,Forrest Griffin,0.013333333333333332,0.17333333333333334,0.32666666666666666,0.05333333333333333,0.41188888888888886,10.046666666666667,3.0533333333333337,5.346666666666667,14.486666666666668,2.5266666666666664,1.4333333333333331,18.446666666666665,59.120000000000005,23.46666666666667,65.65333333333334,0.5933333333333334,45.82666666666667,5.5600000000000005,7.733333333333334,52.626666666666665,3.986666666666667,2.506666666666667,0.06666666666666667,0.3,0.0,0.0,0.818,10.846666666666668,1.5866666666666667,0.7266666666666667,8.806666666666667,2.2666666666666666,2.086666666666667,13.16,35.78666666666667,19.746666666666666,42.986666666666665,0.8133333333333332,32.84666666666667,2.0733333333333333,0.8666666666666666,29.04,3.266666666666667,3.4799999999999995,0.5133333333333334,22.0,0.4866666666666667,0.13999999999999999,20.233333333333334,1.0,1.3933333333333333,22.626666666666665,23.240000000000002,0.29213483146067415,0.21923188827465814,0.5491606714628298,0.022413793103448276,0.2752723587534837,0.6337792642140467,0.5718085106382977,0.31202074875958496,0.35743298131600326,0.6311475409836065,0.6697787700426223,0.23472668810289388,0.6538461538461537,0.6967401285583104,0.30612244897959195,0.40038314176245193,0.6322652757078987,0.5406327543424317
Tito Ortiz,Orthodox,Yes,No,Yes,Tito Ortiz,0.009523809523809523,0.6214285714285714,0.10952380952380954,0.0,1.7923809523809524,5.745238095238095,1.457142857142857,1.2142857142857142,3.130952380952381,2.216666666666667,3.069047619047619,8.416666666666668,17.74047619047619,27.63809523809524,37.49761904761905,1.6523809523809525,14.54047619047619,1.7333333333333332,1.4666666666666666,9.852380952380951,2.8452380952380953,5.042857142857143,0.05952380952380952,0.5571428571428572,0.014285714285714285,0.02857142857142857,1.5160317460317458,10.004761904761905,1.592857142857143,1.6,5.495238095238095,1.4833333333333332,6.219047619047619,13.197619047619048,29.142857142857146,26.307142857142857,42.99523809523809,0.9880952380952381,25.08095238095238,2.066666666666667,1.9952380952380953,17.011904761904763,2.0333333333333337,10.097619047619048,0.4309523809523809,15.076190476190476,0.4738095238095238,0.3952380952380953,11.516666666666667,0.55,3.8785714285714286,15.945238095238096,16.688095238095237,0.3760806916426513,0.39512035369248405,0.8406593406593407,0.42370129870129875,0.31778637022716294,0.7790794979079498,0.6085930122757318,0.4744329620185211,0.7370626706457554,0.43614457831325304,0.6011011961268273,0.22926267281105994,0.720763723150358,0.6769769069279217,0.2704918032786887,0.3841075218108937,0.547140522875817,0.3881382212869642
John Alessio,Orthodox,No,No,Yes,John Alessio,0.0,0.15,0.21666666666666667,0.08333333333333333,0.45388888888888884,5.783333333333334,0.7666666666666666,0.6,5.916666666666667,1.0833333333333333,0.15,7.1499999999999995,23.75,14.25,31.383333333333336,0.7666666666666666,21.733333333333334,1.4166666666666667,0.6,21.400000000000002,2.033333333333333,0.31666666666666665,0.0,0.7999999999999999,0.06666666666666667,0.0,2.068888888888889,8.016666666666667,1.1833333333333333,3.9333333333333336,6.616666666666667,2.516666666666667,4.0,13.133333333333335,28.53333333333333,25.05,41.666666666666664,2.6,21.883333333333336,1.9000000000000001,4.75,20.349999999999998,3.25,4.933333333333334,1.8,13.866666666666667,0.7166666666666667,0.8166666666666668,13.733333333333334,0.7333333333333334,0.9333333333333332,15.4,16.616666666666667,0.1956521739130435,0.2661042944785276,0.5411764705882353,0.25,0.2764797507788162,0.5327868852459017,0.4736842105263158,0.30105263157894735,0.4540626659585767,0.6923076923076923,0.6336633663366337,0.3771929824561404,0.8315789473684211,0.6748566748566748,0.2256410256410255,0.18918918918918926,0.5397196261682242,0.39879999999999993
Yoislandy Izquierdo,Southpaw,No,No,No,Yoislandy Izquierdo,0.0,0.0,0.0,0.0,0.04444444444444443,5.666666666666667,3.5,2.1666666666666665,9.833333333333334,1.1666666666666667,0.3333333333333333,11.333333333333334,21.333333333333332,16.5,27.0,0.3333333333333333,14.833333333333334,4.166666666666667,2.3333333333333335,19.166666666666668,1.8333333333333333,0.3333333333333333,0.0,1.5,1.1666666666666667,0.0,2.897222222222222,2.5,2.8333333333333335,1.5,2.1666666666666665,0.16666666666666666,4.5,6.833333333333333,9.5,45.833333333333336,50.166666666666664,2.6666666666666665,5.166666666666667,2.8333333333333335,1.5,3.8333333333333335,0.16666666666666666,5.5,1.1666666666666667,2.6666666666666665,0.0,0.0,1.6666666666666667,0.0,1.0,2.6666666666666665,4.333333333333333,0.0,0.38202247191011235,0.84,0.0,0.5130434782608696,0.6363636363636365,1.0,0.5312500000000001,0.6111111111111112,0.4375,0.5161290322580645,0.0,0.0,0.4347826086956522,0.0,0.18181818181818177,0.2807017543859649,0.08637873754152814
Anistavio Medeiros,Orthodox,No,No,No,Anistavio Medeiros,0.0,0.0,0.0,0.0,0.0,2.0,0.0,6.0,8.0,0.0,0.0,8.0,18.0,8.0,18.0,0.0,12.0,0.0,6.0,18.0,0.0,0.0,0.0,0.0,1.0,0.0,0.55,7.0,2.0,2.0,11.0,0.0,0.0,11.0,21.0,12.0,22.0,0.0,16.0,2.0,3.0,21.0,0.0,0.0,0.0,9.0,0.0,1.0,10.0,0.0,0.0,10.0,10.0,,0.16666666666666666,,0.0,0.4444444444444444,,,0.4444444444444444,0.4444444444444444,,0.5625,0.0,1.0,0.47619047619047616,,,0.47619047619047616,0.4545454545454546
Delson Heleno,Orthodox,No,No,No,Delson Heleno,0.0,0.0,0.0,0.0,1.1166666666666667,1.0,1.0,1.0,1.0,2.0,0.0,3.0,4.0,4.0,5.0,4.0,2.0,1.0,1.0,2.0,2.0,0.0,0.0,0.0,0.0,0.0,1.15,9.0,12.0,0.0,2.0,8.0,11.0,21.0,26.0,41.0,47.0,0.0,13.0,13.0,0.0,3.0,8.0,15.0,0.0,4.0,1.0,0.0,1.0,0.0,4.0,5.0,6.0,0.0,0.5,1.0,0.0,0.5,1.0,,0.75,0.8,,0.3076923076923077,0.07692307692307687,,0.33333333333333337,0.0,0.2666666666666667,0.1923076923076923,0.12765957446808507
John Teixeira,Orthodox,No,No,No,John Teixeira,0.0,0.3333333333333333,0.0,0.0,0.5888888888888889,6.333333333333333,6.333333333333333,4.666666666666667,13.0,4.333333333333333,0.0,17.333333333333332,46.666666666666664,19.666666666666668,49.0,2.0,32.666666666666664,8.333333333333334,5.666666666666667,41.0,5.666666666666667,0.0,0.0,0.0,0.0,0.0,0.41111111111111115,10.333333333333334,9.666666666666666,1.6666666666666667,20.0,1.6666666666666667,0.0,21.666666666666668,47.0,26.0,52.333333333333336,0.0,32.666666666666664,12.666666666666666,1.6666666666666667,42.333333333333336,4.0,0.6666666666666666,0.0,22.333333333333332,3.0,0.0,22.333333333333332,2.3333333333333335,0.6666666666666666,25.333333333333332,26.333333333333332,0.16666666666666666,0.19387755102040816,0.7599999999999999,0.0588235294117647,0.3170731707317073,0.7647058823529411,,0.37142857142857144,0.4013605442176871,,0.6836734693877551,0.23684210526315785,1.0,0.5275590551181102,0.5833333333333333,1.0,0.5390070921985816,0.5031847133757962
Wagner Campos,Southpaw,No,No,No,Wagner Campos,0.0,0.6666666666666666,0.0,0.0,2.1777777777777776,1.6666666666666667,1.3333333333333333,2.6666666666666665,5.666666666666667,0.0,0.0,5.666666666666667,13.666666666666666,19.333333333333332,32.333333333333336,0.6666666666666666,8.333333333333334,2.3333333333333335,3.0,11.0,0.3333333333333333,2.3333333333333335,0.0,0.0,0.0,0.0,0.0111111111111111,6.666666666666667,2.0,0.6666666666666666,7.0,2.0,0.3333333333333333,9.333333333333334,19.333333333333332,15.333333333333334,26.333333333333332,0.0,15.333333333333334,2.3333333333333335,1.6666666666666667,15.333333333333334,2.3333333333333335,1.6666666666666667,0.0,8.666666666666666,0.3333333333333333,1.0,8.333333333333334,0.3333333333333333,1.3333333333333333,10.0,11.0,1.0,0.19999999999999998,0.5714285714285714,0.2222222222222222,0.5151515151515151,0.0,0.0,0.41463414634146345,0.5979381443298968,,0.5652173913043479,0.1428571428571429,1.0,0.5434782608695652,0.1428571428571429,0.8,0.5172413793103448,0.4177215189873418
Ricardo Funch,Southpaw,No,No,No,Ricardo Funch,0.0,0.3611111111111111,0.0,0.0,1.1402777777777777,3.6388888888888893,1.4444444444444446,4.888888888888889,3.9444444444444446,4.055555555555556,1.9722222222222223,9.972222222222221,15.166666666666666,14.805555555555557,20.555555555555557,1.9166666666666667,7.833333333333333,2.277777777777778,5.055555555555556,8.527777777777777,4.666666666666667,1.9722222222222223,0.25,1.0,1.0277777777777777,0.0,1.8564814814814816,11.444444444444443,2.805555555555556,1.1944444444444444,5.472222222222221,6.027777777777778,3.9444444444444446,15.444444444444445,24.75,27.86111111111111,38.69444444444444,2.2222222222222223,20.194444444444446,3.277777777777778,1.2777777777777777,12.027777777777779,7.611111111111111,5.111111111111111,1.222222222222222,8.75,0.47222222222222215,0.08333333333333333,6.555555555555556,1.5833333333333333,1.1666666666666667,9.305555555555555,10.833333333333334,0.18840579710144925,0.46453900709219864,0.6341463414634146,0.07142857142857141,0.46254071661237794,0.8690476190476192,1.0,0.6575091575091575,0.7202702702702702,0.55,0.43328748280605245,0.14406779661016955,0.21739130434782605,0.5450346420323327,0.208029197080292,0.2282608695652173,0.37598204264870927,0.27997128499641055
Luis Ramos,Orthodox,No,No,No,Luis Ramos,0.0,0.25,0.0,0.0,1.3083333333333333,3.25,0.75,4.25,8.25,0.0,0.0,8.25,25.5,10.75,30.25,2.0,20.0,0.75,4.75,25.0,0.5,0.0,0.25,0.0,0.0,0.0,0.09999999999999998,14.5,6.5,2.75,11.25,11.75,0.75,23.75,38.75,33.0,48.0,1.25,28.5,6.5,3.75,24.75,12.75,1.25,1.25,14.0,0.0,1.0,13.5,1.0,0.5,15.0,15.0,0.125,0.1625,1.0,0.05263157894736842,0.33,0.0,,0.3235294117647059,0.35537190082644626,1.0,0.49122807017543857,0.0,1.0,0.5454545454545454,0.07843137254901966,0.4,0.3870967741935484,0.3125
Spencer Fisher,Southpaw,No,No,No,Spencer Fisher,0.06143790849673203,0.20915032679738563,0.26143790849673204,0.06666666666666667,0.5788779956427015,7.323529411764706,4.803921568627451,2.9562091503267975,9.769934640522877,4.013725490196078,1.3,15.083660130718954,35.06209150326797,25.223529411764705,46.39542483660131,0.7758169934640523,25.30457516339869,6.254901960784314,3.5026143790849673,27.347712418300656,5.588235294117648,2.126143790849673,0.0,0.9333333333333332,0.2679738562091503,0.044444444444444446,1.758954248366013,8.320915032679737,3.785620915032679,2.835294117647059,9.518954248366013,2.6254901960784314,2.797385620915033,14.941830065359477,42.224183006535945,27.86339869281046,57.737908496732025,2.2986928104575166,32.89542483660131,5.860784313725492,3.4679738562091504,33.00588235294118,3.549673202614379,5.6686274509803924,1.3653594771241828,24.57450980392157,2.0751633986928106,0.6326797385620915,23.486928104575167,0.9241830065359476,2.8712418300653595,27.28235294117647,29.87450980392157,0.2695871946082561,0.28941522884595516,0.768025078369906,0.059712632953909314,0.35724869748099997,0.7182456140350877,0.6114355979096219,0.43019852735576475,0.5436641543988167,0.5939721353426217,0.7470494734750646,0.35407605665216935,0.7308707124010554,0.7115982494702866,0.2603572086171976,0.5065144701948576,0.6461309846291967,0.5174158638879769
Bernardo Magalhaes,Orthodox,No,No,No,Bernardo Magalhaes,0.0,0.0,0.16666666666666666,0.16666666666666666,0.027777777777777752,4.5,1.5,3.0,9.0,0.0,0.0,9.0,33.333333333333336,9.333333333333334,33.666666666666664,3.0,26.333333333333332,3.5,3.5,33.333333333333336,0.0,0.0,0.0,0.0,0.0,0.0,0.2027777777777778,10.333333333333334,5.333333333333333,1.1666666666666667,10.666666666666666,3.5,2.6666666666666665,16.833333333333332,52.666666666666664,19.333333333333332,55.333333333333336,0.0,45.166666666666664,6.333333333333333,1.1666666666666667,45.166666666666664,4.166666666666667,3.3333333333333335,0.0,34.833333333333336,1.0,0.0,34.5,0.6666666666666666,0.6666666666666666,35.833333333333336,36.0,0.0,0.17088607594936708,0.42857142857142855,0.0,0.26999999999999996,,,0.26999999999999996,0.27722772277227725,,0.7712177121771218,0.1578947368421053,1.0,0.7638376383763837,0.16000000000000003,0.20000000000000007,0.6803797468354431,0.6506024096385543
Jake Hecht,Orthodox,No,No,No,Jake Hecht,0.0,0.5555555555555555,0.0,0.0,0.7055555555555554,7.722222222222222,4.333333333333333,0.6666666666666666,4.944444444444445,3.2777777777777772,4.5,12.722222222222223,30.555555555555554,16.166666666666668,34.44444444444445,1.722222222222222,23.444444444444446,6.333333333333333,0.7777777777777777,21.222222222222225,4.388888888888888,4.944444444444445,0.0,0.3333333333333333,0.2222222222222222,0.1111111111111111,0.974074074074074,5.5,3.277777777777778,1.0,5.333333333333333,2.6666666666666665,1.7777777777777777,9.777777777777779,26.666666666666668,21.38888888888889,39.05555555555555,0.6666666666666666,21.944444444444446,3.5555555555555554,1.1666666666666667,19.944444444444443,3.9444444444444446,2.777777777777778,0.3333333333333333,16.444444444444443,0.27777777777777773,0.16666666666666666,14.611111111111112,1.277777777777778,1.0,16.88888888888889,17.666666666666668,0.3225806451612903,0.32938388625592413,0.6842105263157895,0.7142857142857143,0.23298429319371725,0.7468354430379747,0.9101123595505618,0.41636363636363644,0.46935483870967737,0.5,0.7493670886075949,0.07812499999999989,0.7142857142857143,0.7325905292479109,0.3239436619718311,0.3600000000000001,0.6333333333333333,0.4523470839260312
Carlos Eduardo Rocha,Orthodox,No,No,No,Carlos Eduardo Rocha,0.0,0.0,0.3333333333333333,0.2222222222222222,0.4407407407407407,1.8333333333333333,1.277777777777778,2.7222222222222228,4.222222222222222,1.5,0.1111111111111111,5.833333333333333,17.38888888888889,10.833333333333334,23.833333333333332,0.6666666666666666,11.722222222222223,1.9444444444444446,3.7222222222222228,14.833333333333334,2.3333333333333335,0.2222222222222222,0.0,1.111111111111111,0.0,0.0,2.162962962962963,5.5,1.5,2.0,3.6111111111111107,2.5555555555555554,2.8333333333333335,9.0,20.444444444444446,26.277777777777782,40.72222222222222,2.5,15.333333333333334,2.3333333333333335,2.777777777777778,12.055555555555557,3.944444444444444,4.444444444444444,1.3888888888888886,9.833333333333334,0.8333333333333334,0.7777777777777777,8.444444444444445,1.388888888888889,1.611111111111111,11.444444444444443,14.444444444444443,0.0,0.15639810426540282,0.6571428571428571,0.0,0.2846441947565543,0.6428571428571428,0.5,0.33546325878594246,0.4545454545454546,0.5555555555555556,0.6413043478260869,0.3571428571428572,0.6000000000000001,0.7004608294930876,0.352112676056338,0.3624999999999998,0.5597826086956522,0.35470668485675294
Chris Tickle,,No,No,No,Chris Tickle,0.0,0.3333333333333333,0.6666666666666666,0.3333333333333333,1.6833333333333333,3.6666666666666665,1.0,0.6666666666666666,3.6666666666666665,0.3333333333333333,1.3333333333333333,5.333333333333333,13.333333333333334,17.333333333333332,27.333333333333332,1.3333333333333333,11.333333333333334,1.3333333333333333,0.6666666666666666,11.333333333333334,0.3333333333333333,1.6666666666666667,0.0,1.3333333333333333,0.0,0.6666666666666666,2.755555555555555,3.6666666666666665,1.0,1.0,2.6666666666666665,0.0,3.0,5.666666666666667,10.0,19.666666666666668,28.0,1.6666666666666667,7.0,1.6666666666666667,1.3333333333333333,7.0,0.0,3.0,0.3333333333333333,3.3333333333333335,0.6666666666666666,0.3333333333333333,4.333333333333333,0.0,0.0,4.333333333333333,8.333333333333334,0.25,0.32352941176470584,0.75,0.5,0.32352941176470584,1.0,0.7999999999999999,0.39999999999999997,0.6341463414634146,0.20000000000000007,0.47619047619047616,0.4,0.0,0.6190476190476191,,0.0,0.43333333333333335,0.29761904761904756
Pat Schilling,Orthodox,No,No,No,Pat Schilling,0.0,0.0,0.0,0.0,0.21388888888888888,5.666666666666667,1.1666666666666667,1.0,7.833333333333333,0.0,0.0,7.833333333333333,30.166666666666668,7.833333333333333,30.166666666666668,4.5,26.5,2.6666666666666665,1.0,29.833333333333332,0.3333333333333333,0.0,0.3333333333333333,0.16666666666666666,0.16666666666666666,0.0,0.39444444444444443,29.166666666666668,8.833333333333334,0.6666666666666666,32.5,2.6666666666666665,3.5,38.666666666666664,80.5,42.0,84.0,0.16666666666666666,68.0,11.833333333333334,0.6666666666666666,71.83333333333333,4.333333333333333,4.333333333333333,0.0,38.833333333333336,3.0,0.0,39.333333333333336,1.6666666666666667,0.8333333333333334,41.833333333333336,42.0,0.0,0.2138364779874214,0.43750000000000006,0.0,0.26256983240223464,0.0,,0.2596685082872928,0.2596685082872928,0.0,0.571078431372549,0.2535211267605634,0.75,0.5475638051044083,0.3846153846153846,0.1923076923076923,0.5196687370600415,0.5
Chris Saunders,,No,No,No,Chris Saunders,0.0,1.0,0.0,0.0,0.6,1.0,0.0,5.0,6.0,0.0,0.0,6.0,27.0,6.0,27.0,1.0,14.0,1.0,12.0,27.0,0.0,0.0,0.0,0.0,1.0,0.0,0.0,5.0,2.0,5.0,12.0,0.0,0.0,12.0,49.0,12.0,49.0,0.0,30.0,5.0,14.0,49.0,0.0,0.0,0.0,25.0,3.0,9.0,37.0,0.0,0.0,37.0,37.0,1.0,0.07142857142857142,0.0,0.08333333333333333,0.2222222222222222,,,0.2222222222222222,0.2222222222222222,,0.8333333333333334,0.6,1.0,0.7551020408163265,,,0.7551020408163265,0.7551020408163265
Jason Miller,Orthodox,No,No,No,Jason Miller,0.0,0.2222222222222222,0.2222222222222222,0.1111111111111111,0.4685185185185185,3.777777777777778,2.2222222222222223,0.3333333333333333,4.777777777777778,0.6666666666666666,0.8888888888888888,6.333333333333333,21.555555555555554,10.555555555555555,27.0,1.888888888888889,18.11111111111111,2.888888888888889,0.5555555555555556,19.0,1.4444444444444446,1.1111111111111112,0.0,1.0,0.5555555555555555,0.1111111111111111,2.8148148148148144,16.88888888888889,3.3333333333333335,1.4444444444444446,9.777777777777779,2.444444444444444,9.444444444444445,21.666666666666668,37.666666666666664,40.666666666666664,60.11111111111111,1.3333333333333333,32.55555555555556,3.6666666666666665,1.4444444444444446,21.0,3.2222222222222228,13.444444444444443,0.3333333333333333,15.666666666666666,0.3333333333333333,0.0,11.222222222222221,0.7777777777777777,4.0,16.0,19.444444444444443,0.1176470588235294,0.20858895705521474,0.7692307692307693,0.39999999999999997,0.25146198830409355,0.46153846153846145,0.7999999999999999,0.29381443298969073,0.39094650205761317,0.25,0.4812286689419796,0.09090909090909083,0.3076923076923078,0.5343915343915344,0.24137931034482774,0.2975206611570247,0.4247787610619468,0.3234750462107209
Alex Soto,Southpaw,No,No,No,Alex Soto,0.0,0.6666666666666666,0.0,0.0,0.17499999999999996,5.0,5.166666666666667,1.6666666666666667,10.333333333333334,1.0,0.5,11.833333333333334,53.5,12.666666666666666,54.666666666666664,2.3333333333333335,42.333333333333336,9.166666666666666,2.0,51.333333333333336,1.6666666666666667,0.5,0.6666666666666666,0.0,0.0,0.0,0.0222222222222222,15.166666666666666,3.5,2.1666666666666665,17.833333333333332,1.8333333333333333,1.1666666666666667,20.833333333333332,52.0,22.5,53.833333333333336,0.0,43.333333333333336,5.833333333333333,2.8333333333333335,47.0,3.3333333333333335,1.6666666666666667,0.0,28.166666666666668,2.3333333333333335,0.6666666666666666,29.166666666666668,1.5,0.5,31.166666666666668,31.333333333333332,0.2857142857142857,0.11811023622047244,0.5636363636363637,0.3333333333333333,0.2012987012987013,0.6,1.0,0.22118380062305298,0.23170731707317074,,0.65,0.4,1.0,0.6205673758865249,0.45000000000000007,0.29999999999999993,0.5993589743589745,0.5820433436532508
Jorge Lopez,Orthodox,No,No,No,Jorge Lopez,0.0,1.1666666666666667,0.0,0.16666666666666666,2.525,8.833333333333334,1.8333333333333333,1.6666666666666667,5.833333333333333,2.8333333333333335,3.6666666666666665,12.333333333333334,20.666666666666668,17.166666666666668,26.5,2.8333333333333335,16.666666666666668,2.3333333333333335,1.6666666666666667,13.333333333333334,3.5,3.8333333333333335,0.0,0.5,0.5,0.0,1.038888888888889,5.666666666666667,5.0,2.1666666666666665,5.5,5.5,1.8333333333333333,12.833333333333334,26.0,24.833333333333332,39.0,2.6666666666666665,16.833333333333332,6.166666666666667,3.0,16.666666666666668,7.333333333333333,2.0,2.1666666666666665,11.166666666666666,1.1666666666666667,0.8333333333333334,11.166666666666666,1.8333333333333333,0.16666666666666666,13.166666666666666,14.166666666666666,0.4117647058823529,0.53,0.7857142857142856,0.7000000000000001,0.43749999999999994,0.8095238095238095,0.9565217391304347,0.5967741935483871,0.6477987421383649,0.8125,0.6633663366336633,0.18918918918918926,0.8333333333333334,0.67,0.25,0.08333333333333337,0.5064102564102564,0.3632478632478633
Jason MacDonald,Orthodox,No,No,No,Jason MacDonald,0.0,0.2619047619047619,0.5952380952380952,0.2380952380952381,1.1238095238095238,1.9761904761904763,0.6190476190476191,1.9523809523809523,1.0,1.6904761904761905,1.857142857142857,4.5476190476190474,8.857142857142856,14.904761904761905,20.023809523809522,1.6904761904761905,5.976190476190477,0.7142857142857143,2.1666666666666665,4.095238095238096,2.119047619047619,2.642857142857143,0.047619047619047616,0.5,0.5476190476190476,0.2380952380952381,1.9253968253968254,7.642857142857143,0.8333333333333334,0.30952380952380953,1.4523809523809526,1.5,5.833333333333333,8.785714285714286,16.476190476190478,21.92857142857143,31.0,0.7857142857142857,14.857142857142856,0.9761904761904763,0.6428571428571429,4.261904761904762,2.1666666666666665,10.047619047619047,0.28571428571428575,7.214285714285714,0.14285714285714285,0.3333333333333333,2.8095238095238098,0.6666666666666666,4.214285714285714,7.69047619047619,9.071428571428571,0.15492957746478875,0.33067729083665337,0.8666666666666667,0.1208791208791209,0.24418604651162787,0.797752808988764,0.7027027027027026,0.5134408602150539,0.7443519619500596,0.36363636363636365,0.485576923076923,0.14634146341463417,0.22222222222222232,0.659217877094972,0.3076923076923076,0.41943127962085314,0.4667630057803468,0.292626728110599
Jeff Curran,Orthodox,No,No,No,Jeff Curran,0.0,0.0,0.2222222222222222,0.2222222222222222,0.1074074074074074,5.333333333333333,2.3333333333333335,1.3333333333333333,7.222222222222222,1.111111111111111,0.6666666666666666,9.0,32.55555555555555,13.0,37.0,0.7777777777777777,26.777777777777782,4.0,1.777777777777778,30.0,1.5555555555555554,1.0,0.0,1.222222222222222,0.0,0.1111111111111111,2.3277777777777775,8.666666666666666,2.777777777777778,3.8888888888888893,8.333333333333334,2.6666666666666665,4.333333333333333,15.333333333333334,37.44444444444445,28.111111111111114,51.11111111111111,1.6666666666666667,29.777777777777782,3.0,4.666666666666667,26.11111111111111,3.6666666666666665,7.666666666666667,0.4444444444444444,21.11111111111111,0.2222222222222222,0.7777777777777777,17.777777777777775,1.0,3.3333333333333335,22.11111111111111,23.0,0.0,0.19917012448132776,0.5833333333333334,0.0,0.24074074074074076,0.7142857142857143,0.6666666666666666,0.27645051194539255,0.35135135135135137,0.2666666666666667,0.7089552238805971,0.07407407407407396,0.7380952380952381,0.6808510638297872,0.2727272727272727,0.4347826086956522,0.5905044510385757,0.44999999999999984
Kamal Shalorus,Orthodox,No,No,No,Kamal Shalorus,0.0,0.1111111111111111,0.0,0.0,0.12592592592592589,3.1111111111111107,1.1111111111111112,1.0,4.777777777777778,0.3333333333333333,0.1111111111111111,5.222222222222222,25.055555555555554,6.9444444444444455,27.111111111111114,0.8888888888888888,22.11111111111111,1.6666666666666667,1.277777777777778,24.222222222222218,0.7222222222222223,0.1111111111111111,0.38888888888888884,0.6666666666666666,0.611111111111111,0.0,1.5287037037037037,8.888888888888888,1.6666666666666667,0.5555555555555555,6.277777777777779,1.0555555555555556,3.7777777777777772,11.111111111111109,29.111111111111114,20.055555555555557,40.22222222222222,1.4444444444444444,25.555555555555554,2.6666666666666665,0.8888888888888888,22.277777777777782,1.6666666666666667,5.166666666666667,0.7777777777777777,16.666666666666668,1.0,0.3333333333333333,16.0,0.611111111111111,1.3888888888888886,18.0,20.166666666666668,0.125,0.14070351758793967,0.6666666666666666,0.08695652173913042,0.1972477064220184,0.46153846153846145,1.0,0.20842572062084258,0.2561475409836066,0.5384615384615385,0.6521739130434783,0.3749999999999999,0.25,0.7182044887780549,0.3666666666666667,0.26881720430107536,0.618320610687023,0.5013812154696132
Mike Massenzio,Southpaw,No,No,No,Mike Massenzio,0.047619047619047616,0.611111111111111,0.2738095238095238,0.0,1.317195767195767,7.507936507936509,0.7777777777777778,0.4047619047619048,7.69047619047619,0.7857142857142857,0.21428571428571427,8.69047619047619,18.8015873015873,12.246031746031747,22.817460317460316,3.051587301587302,17.261904761904763,1.0873015873015872,0.4523809523809524,16.96031746031746,1.5158730158730158,0.3253968253968254,0.0,0.17857142857142858,0.5595238095238095,0.0,1.086111111111111,6.507936507936509,8.468253968253968,0.9087301587301587,5.571428571428572,2.496031746031746,7.817460317460316,15.884920634920634,31.357142857142858,29.15079365079365,45.666666666666664,0.32142857142857145,20.24206349206349,9.55952380952381,1.5555555555555556,19.22222222222222,3.5039682539682544,8.630952380952381,0.14285714285714285,13.734126984126982,1.0912698412698412,0.6468253968253969,13.65079365079365,1.007936507936508,0.8134920634920636,15.472222222222221,16.515873015873016,0.20026007802340698,0.4349425287356322,0.7153284671532847,1.350877192982456,0.4534394010294806,0.518324607329843,0.6585365853658536,0.4622203461376108,0.5366956521739131,0.4444444444444444,0.6784944128602235,0.11415525114155256,0.8852040816326531,0.7101568951279933,0.2876557191392979,0.09425287356321854,0.4934193874968362,0.3616614529023289
Nick Denis,Orthodox,No,No,No,Nick Denis,0.5,0.5,0.0,0.0,1.0583333333333333,13.0,3.0,1.5,7.5,8.5,1.5,17.5,33.0,24.0,41.5,0.5,28.5,3.0,1.5,21.0,10.5,1.5,0.0,0.5,1.0,0.0,0.2833333333333333,8.5,4.5,1.5,10.5,3.5,0.5,14.5,23.0,21.5,30.0,2.5,16.5,5.0,1.5,18.5,4.0,0.5,2.0,8.0,0.5,0.0,8.0,0.5,0.0,8.5,8.5,1.0,0.45614035087719296,1.0,0.3333333333333333,0.35714285714285715,0.8095238095238095,1.0,0.5303030303030303,0.5783132530120482,0.8,0.48484848484848486,0.09999999999999998,0.6666666666666667,0.43243243243243246,0.125,0.0,0.3695652173913043,0.2833333333333333
Eddie Yagin,Orthodox,No,No,No,Eddie Yagin,0.3333333333333333,0.0,0.3333333333333333,0.0,0.28611111111111115,13.0,0.5,2.1666666666666665,13.666666666666666,0.16666666666666666,1.8333333333333333,15.666666666666666,51.666666666666664,20.0,56.833333333333336,0.0,46.333333333333336,2.1666666666666665,3.1666666666666665,47.333333333333336,0.16666666666666666,4.166666666666667,0.0,0.5,0.0,0.0,1.1833333333333333,22.666666666666668,3.8333333333333335,2.3333333333333335,21.166666666666668,0.3333333333333333,7.333333333333333,28.833333333333332,50.0,46.666666666666664,70.16666666666667,1.3333333333333333,41.166666666666664,5.333333333333333,3.5,40.666666666666664,0.3333333333333333,9.0,0.8333333333333334,18.5,1.5,1.1666666666666667,19.5,0.0,1.6666666666666667,21.166666666666668,23.5,,0.2805755395683453,0.23076923076923078,0.0,0.28873239436619713,1.0,0.43999999999999995,0.3032258064516129,0.3519061583577712,0.625,0.4493927125506072,0.2812499999999999,0.8571428571428572,0.4795081967213114,0.0,0.18518518518518523,0.42333333333333334,0.3349168646080761
Miguel Torres,Orthodox,No,No,No,Miguel Torres,0.0,0.0,0.3333333333333333,0.19444444444444442,0.811111111111111,9.416666666666666,3.4722222222222228,2.8333333333333335,12.333333333333334,3.3055555555555554,0.08333333333333333,15.722222222222223,36.333333333333336,33.80555555555555,56.0,0.16666666666666666,29.25,3.8888888888888893,3.1944444444444446,32.416666666666664,3.75,0.16666666666666666,0.08333333333333333,0.6388888888888888,0.0,0.08333333333333333,1.2180555555555557,2.9722222222222228,2.25,1.4722222222222223,4.527777777777778,1.888888888888889,0.27777777777777773,6.694444444444444,28.25,12.583333333333334,36.111111111111114,0.8055555555555555,22.194444444444443,4.0,2.055555555555556,24.805555555555554,2.972222222222222,0.47222222222222215,0.16666666666666666,19.22222222222222,1.75,0.5833333333333334,20.27777777777778,1.0833333333333333,0.19444444444444442,21.555555555555557,23.527777777777775,0.0,0.32193732193732194,0.8928571428571429,0.0,0.3804627249357327,0.8814814814814814,0.5,0.4327217125382263,0.6036706349206348,0.2068965517241379,0.8660826032540676,0.4375,0.6891891891891893,0.8174692049272116,0.36448598130841103,0.4117647058823529,0.7630285152409046,0.6515384615384616
Eric Wisely,Southpaw,No,No,No,Eric Wisely,0.0,0.0,0.0,0.0,0.06666666666666667,4.666666666666667,3.0,3.3333333333333335,10.0,1.0,0.0,11.0,19.833333333333332,35.666666666666664,46.5,0.3333333333333333,13.0,3.1666666666666665,3.6666666666666665,18.833333333333332,1.0,0.0,0.0,1.1666666666666667,0.3333333333333333,0.0,2.5666666666666664,5.333333333333333,1.8333333333333333,4.5,5.0,1.3333333333333333,5.333333333333333,11.666666666666666,24.0,38.333333333333336,52.0,1.6666666666666667,16.0,2.0,6.0,14.833333333333334,1.3333333333333333,7.833333333333333,0.5,10.666666666666666,0.16666666666666666,1.5,9.833333333333334,0.0,2.5,12.333333333333334,13.666666666666666,0.0,0.358974358974359,0.9473684210526316,0.0,0.5309734513274337,1.0,,0.5546218487394958,0.7670250896057347,0.29999999999999993,0.6666666666666667,0.08333333333333337,0.8055555555555556,0.6629213483146068,0.0,0.3191489361702128,0.5138888888888888,0.2628205128205128
Aaron Rosa,Orthodox,No,No,No,Aaron Rosa,0.0,0.0,0.0,0.0,0.1638888888888889,12.055555555555555,5.833333333333333,1.3888888888888886,11.944444444444445,7.333333333333333,0.0,19.277777777777775,41.111111111111114,60.5,87.05555555555556,0.16666666666666666,32.94444444444445,6.611111111111111,1.5555555555555554,32.333333333333336,8.777777777777779,0.0,0.0,0.3333333333333333,0.0,0.0,1.8277777777777782,12.333333333333334,2.3333333333333335,3.2222222222222228,11.777777777777779,4.055555555555556,2.0555555555555554,17.88888888888889,36.333333333333336,36.5,58.833333333333336,1.8888888888888886,29.722222222222218,2.777777777777778,3.8333333333333335,29.055555555555557,5.111111111111111,2.1666666666666665,1.5555555555555554,17.38888888888889,0.4444444444444444,0.611111111111111,17.277777777777775,1.0555555555555556,0.1111111111111111,18.444444444444443,22.333333333333332,0.0,0.36593591905564915,0.8823529411764706,0.0,0.3694158075601374,0.8354430379746834,,0.4689189189189188,0.6949585194639438,0.8235294117647058,0.5850467289719625,0.16000000000000003,0.9130434782608696,0.5946462715105163,0.2065217391304346,0.05128205128205132,0.5076452599388379,0.3796033994334278
Mackens Semerzier,Orthodox,No,No,No,Mackens Semerzier,0.0,0.4444444444444444,0.1111111111111111,0.0,1.112962962962963,4.111111111111111,4.444444444444444,5.222222222222222,10.11111111111111,2.3333333333333335,1.3333333333333333,13.777777777777779,26.88888888888889,18.222222222222225,31.777777777777775,1.5555555555555554,15.777777777777779,4.888888888888889,6.222222222222221,22.888888888888886,2.555555555555556,1.4444444444444444,0.7777777777777777,0.0,0.2222222222222222,0.0,0.1685185185185185,8.88888888888889,2.7777777777777772,1.7777777777777777,7.333333333333333,1.6666666666666667,4.444444444444444,13.444444444444443,33.0,20.333333333333332,40.55555555555556,0.0,26.444444444444446,4.777777777777778,1.7777777777777777,25.333333333333332,2.5555555555555554,5.111111111111112,0.0,17.555555555555557,2.0,0.0,18.0,0.8888888888888888,0.6666666666666666,19.555555555555557,20.222222222222225,0.28571428571428575,0.2605633802816901,0.9090909090909088,0.07142857142857144,0.441747572815534,0.9130434782608695,0.923076923076923,0.5123966942148761,0.5734265734265735,,0.6638655462184875,0.4186046511627908,1.0,0.7105263157894737,0.3478260869565216,0.1304347826086959,0.5925925925925926,0.49863013698630143
Steve Cantwell,Orthodox,No,No,No,Steve Cantwell,0.0,0.17777777777777778,0.18888888888888888,0.0,0.1755555555555555,7.433333333333334,5.833333333333333,2.422222222222222,13.088888888888889,1.8999999999999997,0.7000000000000001,15.688888888888888,49.44444444444445,17.711111111111112,51.65555555555556,0.6222222222222222,37.22222222222222,8.933333333333334,3.288888888888889,45.91111111111112,2.7222222222222228,0.8111111111111112,0.05555555555555555,0.3222222222222222,0.0,0.0,0.5931481481481481,21.211111111111112,5.333333333333333,4.766666666666667,27.5,2.8777777777777778,0.9333333333333335,31.311111111111114,67.11111111111111,37.300000000000004,73.64444444444445,1.5888888888888892,54.666666666666664,6.866666666666667,5.577777777777778,60.32222222222222,5.388888888888888,1.4000000000000001,1.2666666666666666,33.455555555555556,1.5333333333333332,0.8111111111111112,32.82222222222222,2.511111111111111,0.4666666666666666,35.800000000000004,36.34444444444444,0.2857142857142857,0.19970149253731345,0.6529850746268656,0.05405405405405405,0.28509196515004837,0.6979591836734691,0.863013698630137,0.3173033707865168,0.34286943428694344,0.7972027972027973,0.6119918699186991,0.22330097087378653,0.9422310756972112,0.5441149382943452,0.46597938144329887,0.33333333333333326,0.5334437086092715,0.4935123717561858
Chris Cope,Orthodox,No,No,No,Chris Cope,0.0,0.0,0.0,0.0,0.28888888888888886,8.388888888888888,4.388888888888888,4.777777777777778,15.055555555555555,2.5,0.0,17.555555555555554,62.0,22.5,67.16666666666667,0.1111111111111111,47.333333333333336,7.888888888888889,6.777777777777778,58.94444444444445,3.0555555555555554,0.0,0.38888888888888884,0.1111111111111111,0.0,0.0,0.5231481481481481,7.722222222222221,3.5,5.111111111111111,12.888888888888888,2.444444444444444,1.0,16.333333333333332,35.77777777777778,16.444444444444443,35.888888888888886,1.0,25.5,4.277777777777778,6.0,31.444444444444443,2.8888888888888893,1.4444444444444446,0.8888888888888888,17.77777777777778,0.7777777777777777,0.8888888888888888,18.555555555555554,0.4444444444444444,0.4444444444444444,19.444444444444443,19.444444444444443,0.0,0.17723004694835676,0.556338028169014,0.0,0.2554194156456173,0.8181818181818182,,0.28315412186379924,0.3349875930521092,0.8888888888888888,0.6971677559912854,0.18181818181818177,0.9814814814814815,0.5901060070671378,0.15384615384615408,0.3076923076923078,0.5434782608695652,0.541795665634675
Jon Olav Einemo,Orthodox,No,No,No,Jon Olav Einemo,0.0,0.16666666666666666,0.0,0.16666666666666666,0.32499999999999996,9.166666666666666,2.8333333333333335,1.1666666666666667,8.0,4.666666666666667,0.5,13.166666666666666,21.666666666666668,25.833333333333332,35.0,0.6666666666666666,17.333333333333332,3.1666666666666665,1.1666666666666667,14.833333333333334,5.666666666666667,1.1666666666666667,0.16666666666666666,1.5,0.0,0.0,2.4916666666666667,8.833333333333334,2.6666666666666665,1.8333333333333333,6.833333333333333,2.1666666666666665,4.333333333333333,13.333333333333334,23.5,21.833333333333332,32.333333333333336,2.5,18.166666666666668,3.0,2.3333333333333335,13.833333333333334,3.8333333333333335,5.833333333333333,1.0,9.333333333333334,0.3333333333333333,0.5,7.0,1.6666666666666667,1.5,10.166666666666666,10.5,0.25,0.5288461538461539,0.8947368421052633,0.14285714285714285,0.5393258426966292,0.8235294117647058,0.42857142857142855,0.6076923076923076,0.738095238095238,0.4,0.5137614678899083,0.11111111111111116,0.3571428571428572,0.5060240963855422,0.4347826086956522,0.2571428571428571,0.43262411347517726,0.3247422680412372
Daniel Roberts,Southpaw,No,No,No,Daniel Roberts,0.0,0.7023809523809524,0.7380952380952381,0.13095238095238096,1.088293650793651,1.5238095238095237,1.0833333333333333,0.44047619047619047,2.2261904761904763,0.36904761904761907,0.4523809523809524,3.0476190476190474,16.071428571428573,12.797619047619046,27.523809523809522,1.7261904761904763,13.345238095238095,1.6785714285714286,1.0476190476190477,14.523809523809524,0.5476190476190476,1.0,0.08333333333333333,0.6071428571428571,0.13095238095238096,0.08333333333333333,1.8123015873015873,5.3690476190476195,2.904761904761905,2.8214285714285716,5.011904761904762,1.607142857142857,4.476190476190476,11.095238095238095,20.25,27.71428571428571,38.80952380952381,1.0,13.88095238095238,3.464285714285714,2.904761904761905,12.0,2.7023809523809526,5.5476190476190474,0.39285714285714285,8.511904761904761,0.5595238095238095,0.08333333333333333,6.988095238095238,1.0952380952380951,1.0714285714285714,9.154761904761905,11.095238095238095,0.40689655172413797,0.11418376449598572,0.6453900709219857,0.6704545454545455,0.15327868852459017,0.673913043478261,0.4523809523809524,0.1896296296296296,0.46496539792387537,0.3928571428571429,0.6132075471698113,0.1615120274914088,0.7909836065573771,0.5823412698412698,0.40528634361233484,0.19313304721030033,0.45208700764256327,0.28588957055214737
Eric Schafer,Orthodox,No,No,No,Eric Schafer,0.0,0.36296296296296293,0.36296296296296293,0.1851851851851852,0.7803703703703704,5.7629629629629635,0.7037037037037037,0.4740740740740741,3.8000000000000003,1.0444444444444445,2.0962962962962965,6.940740740740741,25.014814814814816,15.85925925925926,34.525925925925925,1.1185185185185185,23.340740740740742,1.125925925925926,0.5481481481481482,20.533333333333335,1.7185185185185183,2.762962962962963,0.2518518518518518,0.39999999999999997,0.06666666666666667,0.14074074074074075,1.2053086419753087,12.54814814814815,1.9333333333333336,0.9703703703703704,9.007407407407408,2.5925925925925926,3.8518518518518516,15.45185185185185,36.77777777777778,26.748148148148147,49.13333333333333,0.6814814814814815,32.355555555555554,3.2370370370370374,1.1851851851851853,26.170370370370375,4.288888888888889,6.318518518518519,0.2814814814814815,19.807407407407407,1.3037037037037038,0.2148148148148148,17.162962962962965,1.6962962962962962,2.4666666666666663,21.325925925925926,22.38518518518519,0.32450331125827814,0.2469057442081879,0.625,0.6621621621621621,0.18506493506493507,0.6077586206896552,0.7587131367292226,0.277465205803968,0.4593434885217764,0.4130434782608696,0.6121794871794871,0.402745995423341,0.6625000000000001,0.6558165864704217,0.3955094991364422,0.39038686987104343,0.5798590130916415,0.45560078395899295
Jorge Rivera,Orthodox,No,No,No,Jorge Rivera,0.2740740740740741,0.19999999999999998,0.022222222222222223,0.1037037037037037,1.4146296296296297,8.466666666666667,2.8185185185185184,1.6777777777777778,3.7814814814814817,5.666666666666667,3.5148148148148146,12.962962962962962,25.751851851851853,27.114814814814817,42.77777777777778,0.5,20.125925925925927,3.359259259259259,2.2666666666666666,11.577777777777778,8.425925925925926,5.748148148148148,0.14074074074074075,0.4148148148148148,0.26296296296296295,0.059259259259259255,1.1359876543209877,5.666666666666667,2.0703703703703704,1.437037037037037,3.2814814814814817,4.381481481481481,1.511111111111111,9.174074074074074,21.085185185185185,17.655555555555555,30.38888888888889,1.362962962962963,16.566666666666666,2.896296296296296,1.6222222222222225,10.42962962962963,8.05925925925926,2.596296296296296,0.9481481481481482,10.9,0.825925925925926,0.1851851851851852,7.148148148148148,3.6777777777777785,1.0851851851851853,11.911111111111111,12.733333333333334,0.39999999999999997,0.4206845785793154,0.8390297684674752,0.08823529411764705,0.3266154830454255,0.6725274725274726,0.6114690721649485,0.5033798360419962,0.6338528138528139,0.6956521739130435,0.6579476861167002,0.285166240409207,0.7442922374429224,0.6853693181818181,0.45634191176470595,0.4179743223965763,0.5649042683997892,0.4190127970749543
Joseph Sandoval,Southpaw,No,No,No,Joseph Sandoval,0.0,0.0,0.0,0.0,0.0,1.5,0.0,0.0,1.5,0.0,0.0,1.5,3.5,1.5,3.5,0.0,3.5,0.0,0.0,3.5,0.0,0.0,1.5,0.0,0.0,0.0,0.0416666666666666,8.5,0.0,1.5,7.5,2.0,0.5,10.0,25.5,10.0,25.5,0.0,23.5,0.5,1.5,22.0,2.5,1.0,0.0,15.0,0.5,0.0,14.5,0.5,0.5,15.5,15.5,,0.42857142857142855,,,0.42857142857142855,,,0.42857142857142855,0.42857142857142855,,0.6382978723404256,1.0,1.0,0.6590909090909092,0.19999999999999996,0.5,0.607843137254902,0.607843137254902
Christian Morecraft,Orthodox,No,No,No,Christian Morecraft,0.0,0.875,0.5416666666666666,0.25,1.9402777777777778,8.5,0.9583333333333333,1.0416666666666665,3.708333333333333,0.8333333333333334,5.958333333333333,10.5,30.916666666666664,20.708333333333332,43.166666666666664,1.2916666666666665,28.25,1.375,1.2916666666666665,19.375,1.1666666666666667,10.375,0.7083333333333333,0.125,0.25,0.0,0.36319444444444443,7.25,0.375,1.9166666666666665,7.125,0.29166666666666663,2.125,9.541666666666668,17.958333333333336,11.458333333333332,20.291666666666664,0.29166666666666663,15.0,0.5416666666666666,2.4166666666666665,14.916666666666668,0.625,2.416666666666667,0.16666666666666666,7.75,0.16666666666666666,0.5,7.791666666666667,0.3333333333333333,0.29166666666666663,8.416666666666668,8.833333333333332,0.6774193548387097,0.3008849557522124,0.6969696969696969,0.6774193548387097,0.19139784946236557,0.7142857142857143,0.57429718875502,0.339622641509434,0.4797297297297297,0.5714285714285714,0.5166666666666666,0.3076923076923076,0.9482758620689655,0.5223463687150838,0.5333333333333334,0.12068965517241392,0.46867749419953597,0.4353182751540041
Junior Assuncao,Orthodox,No,No,No,Junior Assuncao,0.1111111111111111,0.6555555555555556,0.17777777777777778,0.06666666666666667,2.1905555555555556,11.52222222222222,2.6333333333333333,1.8888888888888886,6.144444444444445,2.8555555555555556,7.044444444444444,16.044444444444444,24.166666666666668,35.12222222222223,46.12222222222223,3.3666666666666667,18.22222222222222,3.3333333333333335,2.611111111111111,11.266666666666666,4.066666666666666,8.833333333333334,0.06666666666666667,0.24444444444444446,0.5444444444444444,0.0,0.5694444444444444,5.722222222222222,2.277777777777778,1.3888888888888886,6.2555555555555555,2.8000000000000003,0.3333333333333333,9.388888888888888,15.97777777777778,18.333333333333332,26.03333333333333,0.6444444444444445,11.155555555555557,3.1666666666666665,1.6555555555555557,11.4,3.977777777777778,0.6,0.39999999999999997,5.433333333333334,0.888888888888889,0.26666666666666666,5.144444444444445,1.1777777777777778,0.26666666666666666,6.588888888888889,7.7,0.19471947194719472,0.6323170731707316,0.7899999999999999,0.251063829787234,0.5453648915187378,0.7021857923497268,0.7974842767295597,0.6639080459770115,0.7615032522283788,0.6206896551724138,0.48705179282868527,0.2807017543859648,0.8523489932885906,0.4512670565302145,0.2960893854748603,0.4444444444444444,0.41237830319888746,0.2957746478873239
Claude Patrick,Orthodox,No,No,No,Claude Patrick,0.0,0.7222222222222222,0.5833333333333334,0.0,2.1180555555555554,4.833333333333333,2.2777777777777777,1.1666666666666667,1.7222222222222223,4.0,2.5555555555555554,8.277777777777777,15.055555555555555,18.833333333333332,26.25,1.3055555555555556,10.805555555555555,2.75,1.5,5.694444444444444,5.305555555555555,4.055555555555556,0.0,0.27777777777777773,0.08333333333333333,0.08333333333333333,1.438425925925926,1.6666666666666667,0.8888888888888888,1.611111111111111,1.6666666666666667,1.9722222222222223,0.5277777777777778,4.166666666666667,13.972222222222223,13.277777777777779,24.86111111111111,1.8055555555555554,9.694444444444445,1.7777777777777777,2.5,10.194444444444445,3.25,0.5277777777777778,1.527777777777778,8.027777777777779,0.8888888888888888,0.8888888888888888,8.527777777777779,1.2777777777777777,0.0,9.805555555555555,11.583333333333334,0.5531914893617021,0.4473007712082262,0.8282828282828283,0.48148148148148145,0.30243902439024395,0.7539267015706806,0.6301369863013697,0.5498154981549815,0.7174603174603175,0.8461538461538461,0.828080229226361,0.5,0.888888888888889,0.8365122615803815,0.3931623931623931,0.0,0.7017892644135189,0.4659217877094972
Dennis Hallman,Orthodox,No,No,Yes,Dennis Hallman,0.02222222222222222,0.2777777777777778,0.5,0.1,1.1663888888888887,2.5444444444444443,0.9055555555555556,0.8166666666666667,1.8833333333333333,0.75,1.6333333333333333,4.266666666666667,12.216666666666667,12.272222222222222,21.05,2.022222222222222,9.827777777777778,1.35,1.038888888888889,8.016666666666667,1.8111111111111111,2.388888888888889,0.05,0.12222222222222223,0.07222222222222222,0.04444444444444444,2.0014814814814814,5.8277777777777775,1.6,0.7666666666666666,3.555555555555556,1.988888888888889,2.65,8.194444444444445,16.26666666666667,20.52777777777778,29.97222222222222,0.17222222222222222,13.127777777777776,2.022222222222222,1.1166666666666667,9.733333333333333,2.4833333333333334,4.05,0.05,7.3,0.4222222222222222,0.35,6.177777777777778,0.49444444444444446,1.4,8.072222222222223,9.444444444444445,0.13736263736263737,0.2589033352176371,0.6707818930041152,0.26737967914438504,0.2349272349272349,0.41411042944785276,0.6837209302325581,0.34924965893587995,0.5830034309844286,0.29032258064516125,0.5560727888277612,0.20879120879120872,0.8905472636815921,0.634703196347032,0.19910514541387025,0.345679012345679,0.4962431693989072,0.31510658016682114
Krzysztof Soszynski,Switch,No,No,No,Krzysztof Soszynski,0.037037037037037035,0.12962962962962962,0.3333333333333333,0.0,1.2609567901234566,8.888888888888888,4.435185185185185,2.5462962962962963,8.074074074074074,3.2685185185185186,4.527777777777778,15.870370370370372,36.48148148148148,24.85185185185185,46.574074074074076,0.5925925925925926,28.09259259259259,5.092592592592593,3.2962962962962963,25.509259259259256,5.833333333333333,5.138888888888889,0.0925925925925926,0.4537037037037037,0.0,0.0,1.0339506172839505,6.537037037037037,2.175925925925926,3.2962962962962963,6.703703703703703,4.277777777777778,1.0277777777777777,12.00925925925926,29.324074074074076,18.61111111111111,36.76851851851852,1.972222222222222,22.0,3.444444444444444,3.8796296296296298,20.65740740740741,7.1944444444444455,1.472222222222222,1.5185185185185184,15.462962962962962,1.2685185185185184,0.5833333333333334,13.953703703703704,2.9166666666666665,0.4444444444444444,17.314814814814813,18.15740740740741,0.21875,0.3164139749505603,0.8709090909090909,0.03932584269662921,0.3165154264972777,0.5603174603174603,0.881081081081081,0.43502538071065994,0.5335984095427435,0.7699530516431925,0.7028619528619529,0.368279569892473,0.883054892601432,0.6754818467055133,0.4054054054054055,0.30188679245283023,0.590464161667193,0.49383026945353814
Rich Attonito,Orthodox,No,No,No,Rich Attonito,0.17777777777777778,0.24444444444444446,0.0,0.06666666666666667,1.224074074074074,7.4444444444444455,1.711111111111111,2.0,5.088888888888889,0.9333333333333332,5.133333333333334,11.155555555555557,22.8,20.044444444444444,33.044444444444444,0.5777777777777778,18.466666666666665,2.1999999999999997,2.1333333333333333,13.311111111111112,1.511111111111111,7.977777777777778,0.0,0.5111111111111111,0.06666666666666667,0.0,1.2337037037037035,4.822222222222222,2.088888888888889,2.533333333333333,5.555555555555556,1.8444444444444443,2.0444444444444443,9.444444444444445,23.244444444444444,15.799999999999999,31.53333333333333,2.1333333333333333,16.244444444444444,3.9555555555555557,3.0444444444444443,18.644444444444442,2.0444444444444443,2.555555555555556,1.6222222222222225,11.422222222222222,1.8666666666666665,0.5111111111111111,13.088888888888889,0.20000000000000004,0.5111111111111111,13.799999999999999,15.733333333333334,0.4230769230769231,0.40312876052948265,0.7777777777777778,0.11458333333333334,0.3823038397328881,0.6176470588235293,0.6434540389972145,0.4892787524366472,0.6065904505716208,0.7604166666666667,0.7031463748290014,0.4719101123595506,0.8321167883211679,0.7020262216924911,0.09782608695652173,0.20000000000000018,0.5936902485659656,0.4989429175475687
Dustin Neace,,No,No,No,Dustin Neace,0.0,0.0,0.5,0.0,0.45833333333333337,5.0,2.0,2.0,7.5,0.0,1.5,9.0,27.5,17.5,36.0,0.5,23.5,2.0,2.0,25.5,0.5,1.5,0.0,1.5,0.5,0.0,1.5416666666666667,6.5,1.0,4.0,11.0,0.0,0.5,11.5,26.5,16.0,32.5,1.5,20.5,2.0,4.0,26.0,0.0,0.5,0.0,14.0,1.0,0.0,15.0,0.0,0.0,15.0,16.5,0.0,0.2127659574468085,1.0,0.0,0.29411764705882354,0.0,1.0,0.32727272727272727,0.4861111111111111,0.0,0.6829268292682926,0.5,0.625,0.5769230769230769,,0.0,0.5660377358490566,0.5076923076923077
Stephen Bass,Orthodox,No,No,No,Stephen Bass,0.0,0.0,0.0,0.0,0.1333333333333333,13.0,8.0,3.3333333333333335,19.666666666666668,4.333333333333333,0.3333333333333333,24.333333333333332,46.666666666666664,26.0,48.333333333333336,2.0,33.666666666666664,8.666666666666666,4.333333333333333,42.0,4.333333333333333,0.3333333333333333,0.0,0.3333333333333333,0.0,0.0,0.23333333333333325,20.333333333333332,4.333333333333333,4.666666666666667,26.333333333333332,3.0,0.0,29.333333333333332,65.66666666666667,33.0,70.33333333333333,0.3333333333333333,53.0,7.0,5.666666666666667,60.333333333333336,5.333333333333333,0.0,0.0,32.666666666666664,2.6666666666666665,1.0,34.0,2.3333333333333335,0.0,36.333333333333336,37.333333333333336,0.0,0.38613861386138615,0.9230769230769231,0.0,0.46825396825396826,1.0,1.0,0.5214285714285715,0.5379310344827586,0.0,0.6163522012578617,0.38095238095238104,0.9411764705882353,0.5635359116022101,0.4375,,0.5532994923857868,0.5308056872037914
Shamar Bailey,Southpaw,No,No,No,Shamar Bailey,0.0,0.7222222222222222,0.0,0.0,1.4768518518518519,6.0,1.8888888888888886,2.0,7.4444444444444455,1.3888888888888886,1.0555555555555556,9.888888888888888,40.94444444444445,16.444444444444443,48.55555555555555,2.111111111111111,33.77777777777778,3.444444444444444,3.722222222222222,37.44444444444444,1.5,2.0,0.0,0.3333333333333333,0.16666666666666666,0.0,0.5444444444444444,17.833333333333332,1.2222222222222223,0.38888888888888884,16.72222222222222,0.3333333333333333,2.388888888888889,19.444444444444443,69.83333333333333,23.277777777777775,74.1111111111111,0.4444444444444444,66.38888888888889,2.777777777777778,0.6666666666666666,65.33333333333333,0.7777777777777777,3.722222222222222,0.1111111111111111,48.55555555555555,1.5555555555555554,0.27777777777777773,48.611111111111114,0.4444444444444444,1.3333333333333333,50.388888888888886,50.833333333333336,0.34210526315789475,0.17763157894736842,0.5483870967741935,0.19402985074626866,0.198813056379822,0.9259259259259257,0.5277777777777778,0.24151967435549518,0.33867276887871856,0.25,0.7313807531380754,0.56,0.5,0.7440476190476191,0.5714285714285714,0.3582089552238805,0.7215592680986476,0.6859070464767616
Nick Pace,Orthodox,No,No,No,Nick Pace,0.0,1.1111111111111112,0.2222222222222222,0.0,1.5814814814814813,4.0,2.3333333333333335,2.5555555555555554,6.888888888888889,1.6666666666666667,0.3333333333333333,8.88888888888889,25.444444444444446,14.666666666666666,32.11111111111111,1.777777777777778,18.77777777777778,3.4444444444444446,3.222222222222222,22.555555555555554,2.3333333333333335,0.5555555555555555,0.0,0.1111111111111111,0.0,0.1111111111111111,0.737037037037037,6.666666666666667,4.222222222222222,4.777777777777778,12.111111111111112,3.1111111111111107,0.4444444444444444,15.666666666666666,39.333333333333336,30.444444444444443,54.888888888888886,0.4444444444444444,26.777777777777775,5.888888888888888,6.666666666666667,34.77777777777778,3.555555555555556,1.0,0.3333333333333333,20.11111111111111,1.6666666666666667,1.888888888888889,22.666666666666668,0.4444444444444444,0.5555555555555555,23.666666666666668,24.444444444444443,0.625,0.21301775147928992,0.6774193548387096,0.34482758620689663,0.30541871921182273,0.7142857142857143,0.6000000000000001,0.34934497816593885,0.4567474048442907,0.75,0.7510373443983402,0.28301886792452824,0.9833333333333333,0.6517571884984026,0.12500000000000022,0.5555555555555556,0.6016949152542374,0.44534412955465585
Jason Brilz,Orthodox,No,No,No,Jason Brilz,0.0,0.7238095238095238,0.38095238095238093,0.21666666666666667,2.0407142857142855,8.692857142857143,1.4452380952380952,1.8523809523809522,5.116666666666666,3.4904761904761905,3.3833333333333333,11.990476190476192,29.492857142857144,28.78095238095238,47.78333333333333,2.9857142857142858,25.302380952380954,1.6904761904761905,2.5,18.704761904761906,6.2,4.588095238095238,0.09523809523809523,0.1619047619047619,0.13333333333333333,0.31666666666666665,0.38039682539682546,5.995238095238096,0.8571428571428571,0.39999999999999997,5.776190476190476,0.8666666666666667,0.6095238095238095,7.252380952380953,21.864285714285714,12.126190476190478,27.13095238095238,0.24523809523809526,20.314285714285713,1.1023809523809522,0.4476190476190476,19.585714285714285,1.4190476190476191,0.8595238095238095,0.08333333333333333,14.319047619047618,0.24523809523809526,0.047619047619047616,13.80952380952381,0.5523809523809523,0.25,14.611904761904762,15.004761904761905,0.2424242424242424,0.34355885950879833,0.8549295774647887,0.2895238095238095,0.27354887983706716,0.5629800307219662,0.7374156720290608,0.40655525954629856,0.6023219891374757,0.3398058252427184,0.7048757618377871,0.22246220302375808,0.6382978723404256,0.7050814490639437,0.38926174496644295,0.29085872576177285,0.6683001197865621,0.5530495831505045
Matt Lucas,,No,No,No,Matt Lucas,0.0,0.3333333333333333,0.0,0.0,2.288888888888889,6.333333333333333,0.0,0.0,4.666666666666667,1.3333333333333333,0.3333333333333333,6.333333333333333,13.0,16.0,25.0,3.3333333333333335,13.0,0.0,0.0,11.333333333333334,1.3333333333333333,0.3333333333333333,0.0,0.0,0.0,0.0,0.2888888888888889,8.333333333333334,9.666666666666666,1.6666666666666667,6.0,13.666666666666666,0.0,19.666666666666668,33.0,85.33333333333333,103.66666666666667,0.0,21.0,10.333333333333334,1.6666666666666667,18.333333333333332,14.666666666666666,0.0,0.0,12.666666666666666,0.6666666666666666,0.0,12.333333333333334,1.0,0.0,13.333333333333334,18.333333333333332,0.09999999999999999,0.48717948717948717,,inf,0.4117647058823529,1.0,1.0,0.48717948717948717,0.64,,0.6031746031746031,0.06451612903225823,1.0,0.6727272727272727,0.06818181818181823,,0.404040404040404,0.17684887459807086
Cole Escovedo,Orthodox,No,No,No,Cole Escovedo,0.0,0.3333333333333333,0.0,0.0,0.41851851851851846,3.5555555555555554,5.222222222222222,1.722222222222222,8.666666666666666,1.6666666666666667,0.16666666666666666,10.5,22.166666666666668,13.611111111111112,25.5,0.7777777777777778,13.333333333333334,6.111111111111111,2.7222222222222228,19.0,2.888888888888889,0.27777777777777773,0.2222222222222222,0.8888888888888888,0.16666666666666666,0.0,1.4305555555555556,15.666666666666666,7.722222222222222,3.6111111111111107,22.777777777777775,3.1666666666666665,1.0555555555555556,27.0,48.166666666666664,35.55555555555555,57.055555555555564,1.0,34.72222222222222,8.833333333333334,4.611111111111112,41.5,4.833333333333334,1.8333333333333333,0.1111111111111111,19.055555555555554,1.111111111111111,1.0,18.722222222222225,1.6666666666666667,0.7777777777777777,21.166666666666668,21.5,0.42857142857142855,0.26666666666666666,0.8545454545454546,0.1224489795918367,0.45614035087719296,0.576923076923077,0.6000000000000001,0.47368421052631576,0.533769063180828,0.11111111111111116,0.5488,0.12578616352201266,0.8072289156626506,0.4511378848728247,0.3448275862068967,0.4242424242424242,0.4394463667820069,0.37682570593963016
Clay Harvison,Orthodox,No,No,No,Clay Harvison,0.0,0.3333333333333333,0.2222222222222222,0.1111111111111111,0.938888888888889,8.666666666666666,4.333333333333333,1.222222222222222,7.5,4.666666666666667,2.055555555555556,14.222222222222221,27.666666666666668,27.0,42.27777777777778,0.3333333333333333,21.722222222222218,4.444444444444444,1.5,19.88888888888889,5.277777777777778,2.5,0.27777777777777773,1.4444444444444444,0.16666666666666666,0.0,1.587962962962963,9.0,2.944444444444444,1.6111111111111114,7.555555555555556,4.444444444444445,1.5555555555555556,13.555555555555557,33.388888888888886,24.277777777777775,47.388888888888886,4.333333333333333,26.722222222222218,4.611111111111112,2.0555555555555554,24.11111111111111,6.277777777777779,3.0,2.8888888888888893,17.722222222222225,1.6666666666666667,0.4444444444444444,16.555555555555557,1.8333333333333333,1.4444444444444446,19.833333333333332,23.11111111111111,1.0,0.39897698209718674,0.9750000000000001,0.2222222222222222,0.3770949720670391,0.8842105263157896,0.8222222222222223,0.5140562248995983,0.6386333771353482,0.6666666666666666,0.6632016632016631,0.3614457831325303,0.29729729729729726,0.6866359447004609,0.2920353982300885,0.4814814814814815,0.5940099833610648,0.4876905041031653
Paul Bradley,Orthodox,No,No,No,Paul Bradley,0.0,0.5,0.0,0.0,0.6055555555555556,9.5,1.8333333333333333,1.3333333333333333,10.166666666666666,2.3333333333333335,0.16666666666666666,12.666666666666666,35.333333333333336,14.666666666666666,38.333333333333336,2.6666666666666665,31.0,2.5,1.8333333333333333,31.5,3.5,0.3333333333333333,0.0,0.0,0.0,0.0,0.11111111111111109,11.333333333333334,3.3333333333333335,5.0,16.166666666666668,3.0,0.5,19.666666666666668,44.5,31.333333333333332,56.833333333333336,0.3333333333333333,33.0,4.166666666666667,7.333333333333333,40.166666666666664,3.8333333333333335,0.5,0.3333333333333333,21.666666666666668,0.8333333333333334,2.3333333333333335,24.0,0.8333333333333334,0.0,24.833333333333332,25.5,0.1875,0.3064516129032258,0.7333333333333333,0.27272727272727276,0.32275132275132273,0.6666666666666667,0.5,0.3584905660377358,0.38260869565217387,1.0,0.6565656565656566,0.20000000000000007,1.0,0.5975103734439833,0.21739130434782616,0.0,0.5580524344569289,0.4486803519061584
Rob Broughton,Orthodox,No,No,No,Rob Broughton,0.0,0.0,1.0,0.1111111111111111,0.5666666666666667,8.11111111111111,2.444444444444444,2.555555555555556,8.666666666666666,1.222222222222222,3.2222222222222228,13.111111111111112,21.777777777777775,34.888888888888886,47.555555555555564,0.1111111111111111,16.333333333333332,2.444444444444444,3.0,17.0,1.4444444444444444,3.3333333333333335,0.0,1.222222222222222,0.0,0.0,2.596296296296296,8.11111111111111,1.3333333333333333,2.3333333333333335,7.111111111111111,1.1111111111111112,3.5555555555555554,11.777777777777777,24.333333333333332,17.88888888888889,32.111111111111114,1.6666666666666667,20.0,1.7777777777777777,2.555555555555556,16.333333333333332,1.3333333333333333,6.666666666666667,0.4444444444444444,11.888888888888891,0.4444444444444444,0.2222222222222222,9.222222222222223,0.2222222222222222,3.111111111111111,12.555555555555555,14.222222222222221,0.0,0.4965986394557823,1.0,0.0,0.5098039215686274,0.846153846153846,0.9666666666666668,0.6020408163265307,0.7336448598130839,0.2666666666666667,0.5944444444444444,0.25,0.5217391304347827,0.564625850340136,0.16666666666666663,0.4666666666666667,0.5159817351598174,0.4429065743944637
Edward Faaloloto,,No,No,No,Edward Faaloloto,0.0,0.0,0.0,0.0,0.1583333333333333,1.5,2.5,4.5,5.0,3.5,0.0,8.5,23.0,10.5,25.0,0.0,14.5,3.0,5.5,17.0,6.0,0.0,0.5,0.5,0.5,0.0,0.5416666666666666,10.0,5.5,0.5,7.0,5.5,3.5,16.0,39.5,17.0,40.5,0.5,30.5,7.0,2.0,23.5,8.0,8.0,0.0,20.5,1.5,1.5,16.5,2.5,4.5,23.5,23.5,,0.10344827586206896,0.8333333333333334,0.0,0.29411764705882354,0.5833333333333334,,0.3695652173913043,0.42,0.0,0.6721311475409837,0.2142857142857143,0.75,0.7021276595744681,0.3125,0.5625,0.5949367088607596,0.5802469135802469
Eliot Marshall,Orthodox,No,No,No,Eliot Marshall,0.08333333333333333,0.13888888888888887,0.27777777777777773,0.0,0.2740740740740741,5.861111111111111,1.5833333333333333,1.527777777777778,7.75,0.8333333333333334,0.3888888888888889,8.972222222222223,33.44444444444444,15.777777777777779,40.416666666666664,0.4166666666666667,29.333333333333332,2.388888888888889,1.7222222222222223,31.222222222222225,1.4166666666666667,0.8055555555555555,0.05555555555555555,0.4166666666666667,0.0,0.0,1.084259259259259,6.083333333333333,1.3055555555555556,3.4444444444444446,6.833333333333333,1.4166666666666667,2.5833333333333335,10.833333333333334,33.888888888888886,16.52777777777778,40.19444444444445,1.8888888888888886,27.166666666666668,2.0277777777777777,4.694444444444444,25.527777777777775,2.972222222222222,5.388888888888888,1.472222222222222,21.083333333333332,0.7222222222222222,1.25,18.694444444444443,1.5555555555555556,2.805555555555556,23.055555555555557,23.666666666666668,0.33333333333333326,0.19981060606060605,0.6627906976744186,0.08064516129032256,0.248220640569395,0.5882352941176471,0.48275862068965525,0.2682724252491695,0.3903780068728523,0.7794117647058822,0.7760736196319018,0.3561643835616438,0.9112426035502958,0.7323177366702938,0.5233644859813084,0.5206185567010309,0.680327868852459,0.5888044229440221
Danny Downes,Orthodox,No,No,No,Danny Downes,0.0,0.0,0.16666666666666666,0.0,0.1638888888888889,2.1666666666666665,3.0,1.1666666666666667,3.6666666666666665,2.6666666666666665,0.0,6.333333333333333,19.166666666666668,11.666666666666666,25.0,0.0,13.5,4.0,1.6666666666666667,16.0,3.1666666666666665,0.0,0.0,2.3333333333333335,1.1666666666666667,0.0,3.5,14.833333333333334,2.3333333333333335,1.8333333333333333,8.5,3.8333333333333335,6.666666666666667,19.0,27.5,41.666666666666664,51.833333333333336,3.6666666666666665,23.0,2.6666666666666665,1.8333333333333333,15.0,4.333333333333333,8.166666666666666,1.3333333333333333,8.166666666666666,0.3333333333333333,0.0,6.5,0.5,1.5,8.5,10.166666666666666,,0.16049382716049382,0.75,0.0,0.22916666666666666,0.8421052631578947,,0.33043478260869563,0.4666666666666666,0.36363636363636354,0.35507246376811596,0.12499999999999989,-0.27272727272727293,0.43333333333333335,0.11538461538461531,0.18367346938775497,0.3090909090909091,0.1961414790996785
Tyson Griffin,Orthodox,No,No,No,Tyson Griffin,0.06363636363636364,0.5536796536796537,0.2956709956709957,0.03333333333333333,1.0048629148629147,9.279653679653679,3.8536796536796536,4.5753246753246755,13.172727272727272,2.3722943722943723,2.1636363636363636,17.70865800865801,42.11341991341991,28.084848484848482,53.51645021645022,1.2367965367965368,31.38441558441558,5.177489177489178,5.551515151515152,35.534199134199135,3.1372294372294376,3.4419913419913417,0.047619047619047616,0.9826839826839827,0.4203463203463203,0.11774891774891776,1.1261976911976912,7.4948051948051955,2.3900432900432897,1.2783549783549784,7.395238095238096,2.238095238095238,1.5298701298701298,11.163203463203464,31.93679653679654,18.354978354978357,39.86753246753247,2.4385281385281385,27.678787878787876,2.7060606060606056,1.5519480519480517,26.493073593073593,3.238961038961039,2.204761904761905,1.455844155844156,20.183982683982684,0.31601731601731603,0.2735930735930736,19.0978354978355,1.000865800865801,0.6748917748917749,20.773593073593073,21.512554112554113,0.44767238361918094,0.29567712212750696,0.744314381270903,0.09973487211478477,0.37070561863456947,0.75617496895267,0.6286001760784807,0.42049916736909193,0.5247890764663533,0.5970175750044382,0.7292220588695297,0.11678131498960165,0.36680613668061357,0.7208614519845096,0.30900828655439727,0.306106420577263,0.6504595114810096,0.5396008426173258
Kenny Florian,Southpaw,No,No,Yes,Kenny Florian,0.016666666666666666,0.40147058823529413,0.4588235294117647,0.016666666666666666,0.9232026143790849,5.3049019607843135,2.686274509803922,1.1642156862745099,4.438235294117647,1.886764705882353,2.8303921568627453,9.155392156862744,23.125,21.28186274509804,36.42794117647058,1.9887254901960785,17.340686274509803,4.116176470588235,1.6681372549019606,15.748529411764707,2.9759803921568624,4.400490196078431,0.011764705882352941,0.7808823529411765,0.14362745098039215,0.0,1.7580555555555555,6.5740196078431365,1.4401960784313725,1.1553921568627452,3.4799019607843134,1.6426470588235293,4.047058823529412,9.169607843137255,21.513725490196077,19.388725490196077,32.443627450980394,1.384313725490196,17.376470588235293,2.3838235294117647,1.7534313725490196,12.926960784313724,2.557352941176471,6.029411764705882,0.6034313725490196,10.802450980392157,0.9436274509803921,0.5980392156862745,9.447058823529412,0.9147058823529411,1.9823529411764707,12.344117647058823,13.054901960784315,0.2018733053980774,0.30592226148409896,0.6526140288198167,0.24066999706141642,0.28181903072182274,0.6339976939548675,0.643199287066949,0.39590885002649706,0.5842181045039226,0.43590651558073656,0.6216711803204694,0.3958461854822126,0.5546547386077718,0.730802775776421,0.35767682576193227,0.3287804878048781,0.5737787094422164,0.4023872478658307
Ricardo Romero,Orthodox,No,No,No,Ricardo Romero,0.0,0.16666666666666666,0.6666666666666666,0.16666666666666666,1.3805555555555555,4.0,2.6666666666666665,0.0,1.5,0.0,5.166666666666667,6.666666666666667,10.666666666666666,8.833333333333334,13.333333333333334,2.333333333333333,8.0,2.6666666666666665,0.0,4.333333333333334,0.16666666666666666,6.166666666666667,0.5,0.0,1.0,0.0,0.3277777777777777,7.0,1.0,0.3333333333333333,2.8333333333333335,2.0,3.5,8.333333333333332,16.333333333333336,13.666666666666666,22.833333333333336,0.16666666666666666,14.833333333333334,1.0,0.5,7.833333333333333,3.3333333333333335,5.166666666666667,0.16666666666666666,7.833333333333333,0.0,0.16666666666666666,5.0,1.3333333333333335,1.6666666666666667,8.0,9.166666666666668,0.07142857142857144,0.5,1.0,inf,0.3461538461538461,0.0,0.8378378378378378,0.6250000000000001,0.6625,1.0,0.5280898876404494,0.0,1.0,0.6382978723404256,0.4,0.32258064516129037,0.48979591836734704,0.4014598540145986
Matt Hughes,Switch,Yes,No,Yes,Matt Hughes,0.058333333333333334,0.7416666666666667,0.21666666666666665,0.041666666666666664,2.511388888888889,7.666666666666666,1.6666666666666667,0.775,2.8666666666666667,0.675,6.566666666666667,10.108333333333333,17.883333333333333,20.916666666666664,28.958333333333332,1.2,15.308333333333334,1.75,0.825,7.258333333333333,0.8416666666666666,9.783333333333335,0.08333333333333333,0.35,0.2916666666666667,0.09166666666666666,0.897638888888889,2.95,0.725,0.3166666666666667,1.6166666666666667,0.5083333333333333,1.8666666666666665,3.9916666666666663,8.908333333333335,15.333333333333334,20.675,0.5,7.441666666666667,1.05,0.4166666666666667,5.666666666666666,0.675,2.566666666666667,0.15,4.491666666666667,0.325,0.1,4.05,0.16666666666666669,0.7,4.916666666666666,5.341666666666667,0.6180555555555556,0.5008165487207403,0.9523809523809524,0.8989898989898991,0.39494833524684275,0.8019801980198021,0.6712095400340715,0.565237651444548,0.7223021582733813,0.30000000000000004,0.6035834266517357,0.30952380952380953,0.16000000000000014,0.7147058823529411,0.24691358024691368,0.2727272727272728,0.5519176800748364,0.25836356307940345
Donny Walker,,No,No,No,Donny Walker,0.0,0.0,0.3333333333333333,0.0,1.7277777777777779,4.666666666666667,1.3333333333333333,4.166666666666667,8.666666666666666,0.6666666666666666,0.8333333333333334,10.166666666666666,26.666666666666668,25.166666666666668,42.5,0.0,18.166666666666668,3.8333333333333335,4.666666666666667,24.5,1.0,1.1666666666666667,0.0,0.5,1.3333333333333333,0.5,1.2222222222222223,10.833333333333334,3.3333333333333335,5.333333333333333,15.666666666666666,1.8333333333333333,2.0,19.5,37.666666666666664,34.166666666666664,54.333333333333336,1.8333333333333333,26.166666666666668,4.666666666666667,6.833333333333333,32.666666666666664,1.8333333333333333,3.1666666666666665,1.3333333333333333,15.333333333333334,1.3333333333333333,1.5,17.0,0.0,1.1666666666666667,18.166666666666668,20.166666666666668,,0.25688073394495414,0.34782608695652173,0.0,0.3537414965986394,0.6666666666666666,0.7142857142857143,0.38125,0.592156862745098,0.7272727272727273,0.5859872611464968,0.2857142857142857,0.9268292682926829,0.5204081632653061,0.0,0.36842105263157887,0.4823008849557522,0.3711656441717792
Mike Lullo,Orthodox,No,No,No,Mike Lullo,0.0,0.3333333333333333,0.16666666666666666,0.0,0.8250000000000001,2.6666666666666665,1.6666666666666667,6.166666666666667,7.666666666666667,2.8333333333333335,0.0,10.5,29.0,20.833333333333332,39.833333333333336,3.0,17.666666666666668,3.1666666666666665,8.166666666666666,25.5,3.5,0.0,0.3333333333333333,0.5,0.0,0.0,0.9722222222222223,6.0,4.5,10.0,17.333333333333332,3.1666666666666665,0.0,20.5,34.333333333333336,25.5,39.833333333333336,0.5,18.5,5.0,10.833333333333334,30.666666666666668,3.5,0.16666666666666666,0.0,12.5,0.5,0.8333333333333334,13.333333333333334,0.3333333333333333,0.16666666666666666,13.833333333333334,14.333333333333334,0.1111111111111111,0.1509433962264151,0.5263157894736843,0.04081632653061225,0.3006535947712418,0.8095238095238095,,0.3620689655172414,0.5230125523012552,0.0,0.6756756756756757,0.09999999999999998,0.9538461538461539,0.4347826086956522,0.09523809523809523,1.0,0.40291262135922334,0.35983263598326365
Ian Loveland,Orthodox,No,No,No,Ian Loveland,0.2222222222222222,0.3333333333333333,0.1111111111111111,0.1111111111111111,1.0148148148148148,11.0,2.222222222222222,0.3333333333333333,10.111111111111112,1.4444444444444444,2.0,13.555555555555555,33.77777777777778,18.88888888888889,40.55555555555555,0.8888888888888888,30.555555555555557,2.7777777777777772,0.4444444444444444,26.666666666666668,2.7777777777777772,4.333333333333333,0.0,0.7777777777777777,0.0,0.1111111111111111,0.5296296296296296,4.333333333333333,4.777777777777778,2.6666666666666665,10.777777777777779,0.5555555555555555,0.4444444444444444,11.777777777777779,33.55555555555555,15.333333333333334,37.88888888888889,2.555555555555556,21.888888888888886,6.888888888888888,4.777777777777778,32.0,0.8888888888888888,0.6666666666666666,1.777777777777778,17.555555555555557,2.111111111111111,2.111111111111111,21.222222222222225,0.3333333333333333,0.2222222222222222,21.777777777777775,22.555555555555554,0.375,0.36,0.8,0.75,0.3791666666666667,0.5200000000000001,0.46153846153846156,0.4013157894736842,0.46575342465753433,0.6956521739130436,0.8020304568527918,0.30645161290322576,0.8372093023255814,0.6631944444444444,0.3750000000000001,0.33333333333333337,0.6490066225165563,0.5953079178885631
TJ O'Brien,Orthodox,No,No,No,TJ O'Brien,0.0,0.25,0.0,0.0,0.14166666666666666,7.0,2.25,5.75,14.0,0.0,1.0,15.0,32.5,16.5,34.5,0.25,22.25,3.25,7.0,30.25,0.75,1.5,0.5,0.25,0.5,0.25,0.9291666666666666,13.5,0.75,4.75,10.0,0.5,8.5,19.0,45.0,35.5,63.0,0.25,38.0,1.25,5.75,33.0,0.5,11.5,0.0,24.5,0.5,1.0,23.0,0.0,3.0,26.0,27.5,1.0,0.3146067415730337,0.6923076923076923,0.03571428571428571,0.4628099173553719,0.0,0.6666666666666666,0.46153846153846156,0.4782608695652174,0.0,0.6447368421052632,0.4,0.9565217391304348,0.696969696969697,0.0,0.26086956521739135,0.5777777777777777,0.4365079365079365
Chris Lytle,Orthodox,No,No,No,Chris Lytle,0.03333333333333333,0.18315508021390373,0.6190730837789661,0.1997326203208556,0.5521420083184788,11.11711229946524,5.250267379679144,1.3539215686274508,13.74313725490196,3.4785204991087344,0.49964349376114087,17.721301247771837,40.4475935828877,31.853743315508023,55.18868092691622,0.3526737967914439,31.92076648841355,6.82994652406417,1.6968805704099823,34.42878787878788,5.208734402852049,0.8100713012477719,0.09991087344028521,0.5991978609625669,0.16354723707664884,0.08324420677361855,1.5736883541295306,8.562477718360071,3.640017825311943,2.3172905525846703,9.666310160427807,2.5114973262032088,2.3419786096256683,14.519786096256686,35.454188948306594,24.764171122994654,46.261497326203205,1.2662210338680928,27.87317290552585,4.868805704099821,2.712210338680927,27.144919786096256,4.09982174688057,4.209447415329769,0.6670231729055258,19.310695187165773,1.2287878787878788,0.3949197860962567,17.47860962566845,1.5883244206773617,1.8674688057040998,20.93440285204991,21.49732620320856,0.5193328278999241,0.3482720975231118,0.7687128092702787,0.10793634119439044,0.39917575092352653,0.6678245097703707,0.616789525800418,0.4381299275927567,0.5771789211213517,0.5267825719715633,0.6928057760994062,0.25237973200556485,0.7790739706220631,0.6438998443687083,0.3874130434782608,0.44363751852636046,0.5904634536294985,0.4646915349847992
Jason Reinhardt,Orthodox,No,No,No,Jason Reinhardt,0.0,0.16666666666666666,0.0,0.0,0.22499999999999995,0.5,0.0,0.16666666666666666,0.5,0.16666666666666666,0.0,0.6666666666666666,1.6666666666666667,0.8333333333333334,2.0,2.3333333333333335,1.5,0.0,0.16666666666666666,1.3333333333333333,0.3333333333333333,0.0,0.0,0.16666666666666666,0.5,0.16666666666666666,0.5722222222222222,6.0,1.1666666666666667,0.8333333333333333,1.8333333333333333,0.5,5.666666666666666,8.0,12.833333333333332,15.333333333333332,20.833333333333336,0.3333333333333333,10.833333333333332,1.1666666666666667,0.8333333333333333,5.333333333333334,0.6666666666666666,6.833333333333334,0.16666666666666666,4.833333333333334,0.0,0.0,3.5,0.16666666666666666,1.1666666666666667,4.833333333333334,5.5,0.07142857142857142,0.3333333333333333,,1.0,0.375,0.5,,0.39999999999999997,0.4166666666666667,0.5,0.4461538461538461,0.0,0.8,0.65625,0.25,0.17073170731707332,0.3766233766233765,0.2640000000000001
Andre Winner,Orthodox,No,No,No,Andre Winner,0.1111111111111111,0.0,0.0,0.0,0.5629629629629629,6.055555555555556,3.4722222222222228,2.5,6.444444444444444,5.416666666666667,0.16666666666666666,12.027777777777779,36.27777777777778,18.277777777777775,42.583333333333336,0.2222222222222222,26.805555555555557,6.027777777777778,3.444444444444444,29.555555555555557,6.5,0.2222222222222222,0.05555555555555555,0.6388888888888888,0.13888888888888887,0.0,1.4958333333333333,11.055555555555555,5.888888888888889,4.694444444444444,13.0,8.166666666666666,0.47222222222222215,21.63888888888889,44.75,30.38888888888889,54.361111111111114,2.4166666666666665,30.972222222222218,7.777777777777779,6.0,32.0,12.111111111111112,0.638888888888889,1.777777777777778,19.916666666666668,1.8888888888888886,1.3055555555555556,19.0,3.944444444444444,0.16666666666666666,23.11111111111111,23.972222222222225,0.0,0.22590673575129536,0.5760368663594471,0.0,0.21804511278195485,0.8333333333333334,0.75,0.3315467075038285,0.42922374429223736,0.735632183908046,0.6430493273542601,0.24285714285714288,0.8935185185185185,0.59375,0.32568807339449557,0.26086956521739146,0.5164494103041589,0.4409810935104752
Curt Warburton,Orthodox,No,No,No,Curt Warburton,0.0,0.7222222222222222,0.2222222222222222,0.0,2.2685185185185186,3.5555555555555554,3.1666666666666665,3.1666666666666665,6.222222222222222,2.8888888888888893,0.7777777777777778,9.888888888888888,23.055555555555557,19.333333333333332,39.166666666666664,1.5555555555555554,15.111111111111109,3.5,4.444444444444444,17.11111111111111,3.555555555555556,2.388888888888889,0.1111111111111111,0.16666666666666666,0.4444444444444444,0.0,0.39999999999999997,6.666666666666667,6.4444444444444455,4.0,8.444444444444445,6.388888888888888,2.277777777777778,17.11111111111111,29.333333333333332,34.77777777777778,50.11111111111111,1.0,17.444444444444446,7.333333333333333,4.555555555555555,19.11111111111111,7.0555555555555545,3.1666666666666665,0.8333333333333334,10.777777777777779,0.8888888888888888,0.5555555555555555,10.666666666666666,0.6666666666666666,0.888888888888889,12.222222222222221,15.333333333333334,0.46428571428571436,0.23529411764705885,0.9047619047619048,0.16250000000000003,0.36363636363636365,0.8125,0.32558139534883723,0.4289156626506023,0.49361702127659574,0.8333333333333334,0.6178343949044587,0.121212121212121,0.9634146341463414,0.5581395348837209,0.0944881889763779,0.2807017543859648,0.41666666666666663,0.3059866962305986
Javier Vazquez,Southpaw,No,No,No,Javier Vazquez,0.0,1.0,0.3333333333333333,0.0,1.4111111111111112,18.0,2.6666666666666665,0.0,18.666666666666668,0.3333333333333333,1.6666666666666667,20.666666666666668,53.666666666666664,35.666666666666664,69.66666666666667,1.6666666666666667,50.333333333333336,3.0,0.3333333333333333,50.333333333333336,1.0,2.3333333333333335,0.0,0.0,0.3333333333333333,0.0,0.44999999999999996,6.0,2.0,1.0,9.0,0.0,0.0,9.0,25.333333333333332,9.666666666666666,26.0,1.0,20.666666666666668,3.3333333333333335,1.3333333333333333,24.666666666666668,0.6666666666666666,0.0,1.0,14.666666666666666,1.3333333333333333,0.3333333333333333,15.666666666666666,0.6666666666666666,0.0,16.333333333333332,16.333333333333332,0.6,0.3576158940397351,0.8888888888888888,3.0,0.3708609271523179,0.3333333333333333,0.7142857142857143,0.3850931677018634,0.5119617224880382,1.0,0.7096774193548387,0.4,1.0,0.6351351351351351,1.0,,0.6447368421052632,0.6282051282051282
Joe Stevenson,Orthodox,No,No,Yes,Joe Stevenson,0.020833333333333332,0.9097222222222222,0.5555555555555556,0.13888888888888887,1.5076388888888888,6.5555555555555545,1.263888888888889,1.201388888888889,4.444444444444444,0.9305555555555555,3.6458333333333335,9.020833333333334,21.215277777777775,16.166666666666668,29.618055555555554,1.986111111111111,17.854166666666668,1.9791666666666667,1.3819444444444444,14.194444444444445,1.4722222222222223,5.548611111111112,0.13194444444444445,0.6875,0.4444444444444445,0.14583333333333334,1.2609953703703705,10.25,1.7430555555555556,0.625,8.909722222222221,0.7361111111111112,2.972222222222222,12.618055555555555,32.56944444444444,21.291666666666668,42.02777777777778,1.1319444444444444,29.45138888888889,2.361111111111111,0.7569444444444443,26.006944444444443,1.6319444444444444,4.930555555555555,0.4444444444444444,19.20138888888889,0.6180555555555555,0.13194444444444445,17.097222222222225,0.8958333333333334,1.9583333333333333,19.95138888888889,20.73611111111111,0.4580419580419581,0.36717230649552696,0.6385964912280703,0.6582914572864321,0.31311154598825824,0.6320754716981131,0.6570713391739674,0.42520458265139127,0.5458382180539274,0.3926380368098159,0.6519688752652677,0.2617647058823529,0.09174311926605483,0.6574098798397864,0.548936170212766,0.3971830985915493,0.6125799573560767,0.4933906146728354
Jesse Bongfeldt,Orthodox,No,No,No,Jesse Bongfeldt,0.0,0.5,0.0,0.3333333333333333,1.5916666666666668,12.5,2.8333333333333335,2.5,4.5,2.3333333333333335,11.0,17.833333333333332,27.666666666666668,25.166666666666668,35.833333333333336,1.6666666666666667,22.0,2.8333333333333335,2.8333333333333335,10.5,2.6666666666666665,14.5,0.0,1.1666666666666667,0.16666666666666666,0.0,2.088888888888889,3.3333333333333335,0.5,0.8333333333333334,0.8333333333333334,1.6666666666666667,2.1666666666666665,4.666666666666667,9.5,17.166666666666668,24.0,2.1666666666666665,7.666666666666667,0.8333333333333334,1.0,3.8333333333333335,2.5,3.1666666666666665,1.0,4.333333333333333,0.3333333333333333,0.16666666666666666,3.0,0.8333333333333334,1.0,4.833333333333333,6.833333333333333,0.3,0.5681818181818182,1.0,0.1764705882352941,0.42857142857142855,0.8750000000000001,0.7586206896551724,0.644578313253012,0.7023255813953488,0.46153846153846145,0.5652173913043479,0.4,-0.16666666666666674,0.782608695652174,0.33333333333333326,0.3157894736842105,0.5087719298245614,0.2847222222222222
Shane Carwin,Orthodox,No,Yes,Yes,Shane Carwin,0.2222222222222222,0.3888888888888889,0.0,0.0,0.5518518518518518,8.111111111111112,0.2222222222222222,1.4444444444444446,4.111111111111112,2.2777777777777777,3.388888888888889,9.777777777777777,27.444444444444446,13.0,31.055555555555554,0.6666666666666666,25.722222222222225,0.2222222222222222,1.5,18.944444444444446,3.0555555555555554,5.444444444444444,0.05555555555555555,0.8888888888888888,0.16666666666666666,0.0,0.44259259259259265,12.388888888888888,2.2777777777777777,1.0555555555555556,13.055555555555557,0.7222222222222223,1.9444444444444446,15.722222222222221,35.61111111111111,20.11111111111111,40.55555555555556,1.0555555555555556,30.333333333333332,4.222222222222222,1.0555555555555556,31.944444444444446,0.8333333333333334,2.8333333333333335,0.16666666666666666,17.944444444444446,1.9444444444444444,0.0,18.88888888888889,0.1111111111111111,0.888888888888889,19.88888888888889,20.444444444444446,0.5833333333333334,0.31533477321814257,1.0,0.25925925925925924,0.21700879765395895,0.7454545454545455,0.6224489795918368,0.3562753036437246,0.4186046511627907,0.1578947368421053,0.5915750915750916,0.4605263157894737,0.1578947368421053,0.5913043478260869,0.1333333333333333,0.3137254901960784,0.5585023400936038,0.5041095890410959
Chuck O'Neil,,No,No,No,Chuck O'Neil,0.0,0.0,0.0,0.0,0.5777777777777778,6.0,3.0,6.666666666666667,13.666666666666666,2.0,0.0,15.666666666666666,41.666666666666664,16.0,42.0,0.6666666666666666,30.0,3.6666666666666665,8.0,39.666666666666664,2.0,0.0,0.0,0.0,0.0,0.0,0.19444444444444442,9.666666666666666,6.333333333333333,6.0,19.0,3.0,0.0,22.0,79.33333333333333,27.666666666666668,85.33333333333333,0.0,59.0,11.666666666666666,8.666666666666666,76.0,3.3333333333333335,0.0,0.0,49.333333333333336,5.333333333333333,2.6666666666666665,57.0,0.3333333333333333,0.0,57.333333333333336,57.666666666666664,0.0,0.2,0.8181818181818182,0.0,0.3445378151260504,1.0,,0.376,0.38095238095238093,,0.8361581920903955,0.4571428571428572,1.0,0.75,0.10000000000000009,,0.7226890756302521,0.67578125
Tim Credeur,Orthodox,No,No,No,Tim Credeur,0.13333333333333333,0.06666666666666667,0.6222222222222222,0.0,0.4451851851851852,11.733333333333334,1.8888888888888886,0.6222222222222222,13.222222222222221,0.5777777777777777,0.4444444444444444,14.244444444444445,47.68888888888889,17.466666666666665,53.355555555555554,0.06666666666666667,44.555555555555564,2.511111111111111,0.6222222222222222,45.37777777777777,1.2444444444444445,1.0666666666666667,0.5111111111111111,0.24444444444444446,0.0,0.0,2.078888888888889,11.777777777777777,2.222222222222222,2.4,11.4,0.19999999999999998,4.8,16.400000000000002,37.044444444444444,32.4,59.0,0.48888888888888893,29.377777777777776,4.711111111111111,2.9555555555555557,21.777777777777782,1.2666666666666666,14.0,0.24444444444444446,17.599999999999998,2.488888888888889,0.5555555555555555,10.377777777777778,1.0666666666666667,9.200000000000001,20.644444444444446,26.599999999999998,1.0,0.26334164588528675,0.7522123893805309,0.10714285714285714,0.2913809990205681,0.46428571428571425,0.41666666666666663,0.29869524697110905,0.32736359850062474,0.5,0.5990922844175492,0.5283018867924529,0.9172932330827068,0.476530612244898,0.8421052631578947,0.6571428571428571,0.5572885422915417,0.45084745762711864
Ryan McGillivray,,No,No,No,Ryan McGillivray,0.0,0.0,0.0,0.0,0.0,5.666666666666667,0.6666666666666666,0.0,6.0,0.0,0.3333333333333333,6.333333333333333,30.333333333333332,8.333333333333334,32.333333333333336,0.3333333333333333,29.0,1.0,0.3333333333333333,30.0,0.0,0.3333333333333333,0.0,1.6666666666666667,0.0,0.0,3.1166666666666667,7.0,3.0,1.0,6.666666666666667,2.6666666666666665,1.6666666666666667,11.0,23.0,21.0,35.0,3.0,18.666666666666668,3.3333333333333335,1.0,16.333333333333332,3.0,3.6666666666666665,1.3333333333333333,11.666666666666666,0.3333333333333333,0.0,9.666666666666666,0.3333333333333333,2.0,12.0,14.0,0.0,0.19540229885057472,0.6666666666666666,0.0,0.2,,1.0,0.2087912087912088,0.25773195876288657,0.4444444444444444,0.625,0.10000000000000009,-0.6666666666666667,0.5918367346938775,0.11111111111111116,0.5454545454545454,0.5217391304347826,0.4
Kendall Grove,Orthodox,No,No,No,Kendall Grove,0.05128205128205129,0.19017094017094016,0.6517094017094017,0.1485042735042735,0.6642450142450143,6.355769230769231,2.5373931623931623,1.0534188034188035,3.2702991452991452,4.919871794871795,1.7564102564102564,9.946581196581198,22.446581196581196,24.00641025641026,37.31303418803419,0.2670940170940171,18.13568376068376,2.871794871794872,1.439102564102564,13.441239316239317,6.298076923076923,2.7072649572649574,0.05128205128205129,1.280982905982906,0.21581196581196582,0.2061965811965812,2.547275641025641,5.7168803418803416,2.5277777777777777,1.3685897435897436,3.1965811965811963,1.636752136752137,4.77991452991453,9.613247863247864,18.379273504273502,18.544871794871796,28.97970085470085,3.1399572649572653,13.881410256410257,2.959401709401709,1.5384615384615383,8.461538461538462,2.158119658119658,7.759615384615384,1.8589743589743588,8.164529914529915,0.43162393162393164,0.16987179487179485,5.264957264957265,0.5213675213675214,2.9797008547008548,8.76602564102564,10.434829059829061,0.712,0.3504565537555228,0.8835565476190476,0.1321455085374907,0.24330339400683568,0.7811704834605597,0.648776637726914,0.4431223227034746,0.6433786685755191,0.5920381082000681,0.5881628569229586,0.1458483754512635,0.16736111111111096,0.6222222222222222,0.24158415841584147,0.3840011014732204,0.47695169447189434,0.36007373271889387
Charlie Valencia,Orthodox,No,No,No,Charlie Valencia,0.0,0.0,0.0,0.0,0.0,1.0,3.0,1.0,2.0,3.0,0.0,5.0,10.0,5.0,10.0,0.0,4.0,3.0,3.0,7.0,3.0,0.0,1.0,0.0,0.0,0.0,0.2166666666666666,5.0,2.0,1.0,0.0,4.0,4.0,8.0,24.0,12.0,29.0,0.0,18.0,4.0,2.0,10.0,5.0,9.0,0.0,13.0,2.0,1.0,10.0,1.0,5.0,16.0,17.0,,0.25,1.0,0.0,0.2857142857142857,1.0,,0.5,0.5,,0.7222222222222222,0.5,1.0,1.0,0.19999999999999996,0.5555555555555556,0.6666666666666667,0.5862068965517242
Ryan Jensen,Orthodox,No,No,No,Ryan Jensen,0.041666666666666664,0.2916666666666667,0.20833333333333334,0.08333333333333333,0.4145833333333333,5.583333333333333,0.7916666666666666,0.7916666666666666,4.875,0.5416666666666666,1.75,7.166666666666667,19.083333333333332,10.041666666666666,22.25,0.7083333333333334,16.833333333333332,1.0833333333333333,1.1666666666666667,14.666666666666666,0.7083333333333334,3.7083333333333335,0.041666666666666664,0.8333333333333334,0.75,0.0,0.5951388888888888,8.833333333333334,2.5416666666666665,2.1666666666666665,9.0,0.041666666666666664,4.5,13.541666666666666,30.583333333333332,16.375,33.708333333333336,1.0,23.75,4.333333333333333,2.5,23.416666666666668,0.2916666666666667,6.875,0.16666666666666666,14.916666666666666,1.7916666666666667,0.3333333333333333,14.416666666666666,0.25,2.375,17.041666666666668,17.333333333333332,0.4117647058823529,0.3316831683168317,0.7307692307692308,0.25,0.33238636363636365,0.7647058823529411,0.47191011235955055,0.3755458515283843,0.45131086142322097,0.16666666666666663,0.6280701754385964,0.41346153846153844,0.6666666666666666,0.6156583629893239,0.8571428571428572,0.34545454545454546,0.5572207084468666,0.5142150803461063
Kyle Watson,Southpaw,No,No,No,Kyle Watson,0.0,0.0,0.0,0.0,0.4555555555555555,6.666666666666667,6.166666666666667,3.3333333333333335,12.666666666666666,3.5,0.0,16.166666666666668,46.0,18.833333333333332,50.0,2.5,33.0,8.333333333333334,4.666666666666667,41.5,4.5,0.0,0.16666666666666666,0.0,0.0,0.0,0.49722222222222223,9.5,2.5,2.3333333333333335,11.333333333333334,3.0,0.0,14.333333333333334,38.333333333333336,18.166666666666668,42.666666666666664,0.16666666666666666,31.166666666666668,4.0,3.1666666666666665,33.833333333333336,4.5,0.0,0.16666666666666666,21.666666666666668,1.5,0.8333333333333334,22.5,1.5,0.0,24.0,24.5,0.0,0.20202020202020202,0.74,0.0,0.3052208835341365,0.7777777777777778,,0.35144927536231885,0.37666666666666665,1.0,0.6951871657754011,0.375,1.0,0.6650246305418719,0.33333333333333337,,0.6260869565217391,0.57421875
Randy Couture,Orthodox,Yes,Yes,Yes,Randy Couture,0.01,0.8594117647058823,0.09019607843137255,0.03333333333333333,2.26090522875817,9.598627450980391,1.5435294117647058,1.483921568627451,3.3464705882352943,3.1723529411764706,6.1072549019607845,12.62607843137255,21.895294117647058,24.577450980392157,34.302352941176466,1.7115686274509805,18.580392156862747,1.70078431372549,1.6141176470588234,8.511960784313725,4.140588235294118,9.242745098039217,0.09549019607843137,0.23176470588235293,0.11352941176470588,0.04019607843137255,0.9159215686274509,4.673333333333334,1.0131372549019608,0.7586274509803921,2.6437254901960783,1.3607843137254902,2.4405882352941175,6.4450980392156865,15.898235294117649,14.701960784313723,24.69058823529412,0.4792156862745098,13.78078431372549,1.1701960784313727,0.9472549019607843,9.974313725490196,2.0488235294117647,3.875098039215686,0.24745098039215688,9.107450980392157,0.15705882352941175,0.18862745098039216,7.330588235294118,0.6880392156862745,1.4345098039215687,9.45313725490196,9.988627450980392,0.5021193722075838,0.5165998311523848,0.907539774037353,0.5324344023323615,0.3931492018152082,0.7661599659042477,0.660762017904875,0.5766571740726811,0.7164946096420529,0.516366612111293,0.6608804530320708,0.13421581769437008,0.7553301593872904,0.7349466276121017,0.33582160972341846,0.3701867125436422,0.5946029279362612,0.40455202426899206
Kris McCray,Orthodox,No,No,No,Kris McCray,0.0,0.611111111111111,0.0,0.3333333333333333,1.4027777777777777,4.333333333333333,4.111111111111111,2.0555555555555554,5.055555555555556,3.555555555555556,1.8888888888888886,10.5,22.38888888888889,29.666666666666668,44.5,1.3333333333333333,14.722222222222223,5.055555555555555,2.611111111111111,15.444444444444443,4.944444444444445,2.0,0.0,1.6666666666666667,0.7777777777777777,0.1111111111111111,2.0416666666666665,7.944444444444444,3.2222222222222228,0.7777777777777777,5.722222222222222,2.277777777777778,3.9444444444444446,11.944444444444445,25.944444444444443,55.72222222222223,82.88888888888889,2.388888888888889,21.555555555555557,3.611111111111111,0.7777777777777777,15.666666666666666,3.7222222222222228,6.555555555555556,0.7222222222222222,13.611111111111112,0.38888888888888884,0.0,9.944444444444445,1.4444444444444446,2.611111111111111,14.0,27.166666666666668,0.4583333333333333,0.29433962264150937,0.8131868131868132,0.23404255319148934,0.32733812949640295,0.7191011235955056,0.9444444444444443,0.46898263027295284,0.6666666666666667,0.3023255813953488,0.6314432989690721,0.10769230769230753,-1.1428571428571432,0.6347517730496454,0.3880597014925373,0.39830508474576276,0.5396145610278372,0.32774798927613935
Jon Madsen,Orthodox,No,No,No,Jon Madsen,0.0,0.4388888888888889,0.0,0.0,0.9167592592592593,8.1,1.5611111111111111,1.5666666666666667,6.866666666666667,2.4,1.961111111111111,11.22777777777778,28.561111111111114,18.849999999999998,36.855555555555554,0.6333333333333333,24.75,2.027777777777778,1.7833333333333332,22.650000000000002,2.9111111111111114,3.0,0.0,0.25,0.1111111111111111,0.0,0.31972222222222224,2.361111111111111,2.0555555555555554,1.3111111111111111,4.094444444444444,1.6333333333333335,0.0,5.727777777777778,31.82777777777778,7.927777777777777,34.51111111111111,0.8111111111111112,27.194444444444446,3.3222222222222224,1.3111111111111111,29.138888888888886,2.6888888888888887,0.0,0.5611111111111111,24.833333333333332,1.2666666666666666,0.0,25.044444444444448,1.0555555555555556,0.0,26.099999999999998,26.583333333333332,0.6929824561403509,0.32727272727272727,0.76986301369863,0.2461059190031153,0.3031640912435614,0.8244274809160305,0.6537037037037037,0.3931141801205991,0.5114561350618028,0.6917808219178083,0.9131767109295199,0.3812709030100335,0.8093220338983051,0.859485224022879,0.3925619834710743,,0.8200384011171234,0.7702833226014166
Mario Miranda,Orthodox,No,No,No,Mario Miranda,0.08333333333333333,0.27777777777777773,0.0,0.27777777777777773,1.0796296296296297,5.916666666666667,1.3888888888888886,1.8333333333333333,2.5277777777777777,2.0,4.611111111111112,9.138888888888888,16.333333333333332,26.0,38.861111111111114,0.5555555555555555,12.083333333333334,2.0833333333333335,2.1666666666666665,6.527777777777778,2.75,7.0555555555555545,0.16666666666666666,1.8055555555555556,0.16666666666666666,0.0,2.810185185185185,5.361111111111111,1.0,5.555555555555556,2.4166666666666665,4.444444444444444,5.055555555555556,11.916666666666666,18.25,28.0,38.94444444444445,4.055555555555555,11.166666666666666,1.4166666666666667,5.666666666666667,6.638888888888889,4.944444444444444,6.666666666666667,2.25,5.805555555555556,0.4166666666666667,0.1111111111111111,4.222222222222222,0.5,1.611111111111111,6.333333333333333,10.944444444444445,0.5,0.4896551724137931,0.6666666666666665,0.1282051282051282,0.3872340425531915,0.7272727272727273,0.6535433070866143,0.5595238095238095,0.6690493209435311,0.5547945205479452,0.5199004975124378,0.2941176470588236,0.6813725490196079,0.6359832635983265,0.101123595505618,0.24166666666666659,0.3470319634703196,0.2810271041369473
Sean McCorkle,Orthodox,No,No,No,Sean McCorkle,0.0,0.3333333333333333,0.6666666666666666,0.0,0.8444444444444443,3.0,0.3333333333333333,0.0,2.1666666666666665,0.0,1.1666666666666667,3.333333333333333,7.5,5.0,9.666666666666668,1.1666666666666665,7.166666666666666,0.3333333333333333,0.0,5.166666666666667,0.5,1.8333333333333333,0.0,0.6666666666666666,0.6666666666666666,0.3333333333333333,2.055555555555556,6.166666666666667,1.1666666666666667,1.1666666666666667,2.0,1.5,5.0,8.5,19.833333333333336,23.833333333333336,38.666666666666664,0.8333333333333333,17.5,1.1666666666666667,1.1666666666666667,9.0,2.0,8.833333333333332,0.16666666666666666,11.333333333333334,0.0,0.0,7.0,0.5,3.833333333333333,11.333333333333334,14.833333333333332,0.28571428571428575,0.4186046511627907,1.0,inf,0.4193548387096774,0.0,0.6363636363636365,0.4444444444444444,0.5172413793103448,0.19999999999999996,0.6476190476190475,0.0,0.4285714285714286,0.7777777777777778,0.25,0.4339622641509433,0.5714285714285714,0.38362068965517226
Waylon Lowe,Southpaw,No,No,No,Waylon Lowe,0.0,1.361111111111111,0.1111111111111111,0.0,2.2175925925925926,8.333333333333334,0.7777777777777778,0.0,6.888888888888889,0.7222222222222222,1.5,9.111111111111112,16.13888888888889,17.027777777777775,25.305555555555557,2.638888888888889,15.25,0.8888888888888888,0.0,12.583333333333334,1.0833333333333333,2.472222222222222,0.08333333333333333,0.1111111111111111,0.1111111111111111,0.0,0.1953703703703704,6.527777777777778,2.1666666666666665,2.75,7.666666666666667,0.8333333333333334,2.944444444444444,11.444444444444445,23.916666666666668,23.638888888888886,36.69444444444445,0.4166666666666667,17.666666666666668,2.805555555555556,3.4444444444444446,19.52777777777778,1.0277777777777777,3.361111111111111,0.3055555555555555,11.138888888888891,0.6388888888888888,0.6944444444444445,11.861111111111112,0.19444444444444442,0.4166666666666667,12.472222222222223,13.055555555555557,0.5157894736842105,0.546448087431694,0.8750000000000001,inf,0.5474613686534217,0.6666666666666667,0.6067415730337079,0.5645438898450947,0.6728869374313939,0.7333333333333334,0.6305031446540881,0.22772277227722781,0.967741935483871,0.6073968705547652,0.18918918918918903,0.12396694214876036,0.5214866434378629,0.3557910673732023
Kurt Pellegrino,Orthodox,No,No,No,Kurt Pellegrino,0.1111111111111111,0.85,0.2388888888888889,0.15,2.028796296296296,8.222222222222223,1.6222222222222225,0.5888888888888889,5.105555555555555,1.25,4.077777777777778,10.433333333333334,24.28333333333333,24.23888888888889,39.74444444444444,1.5777777777777777,21.477777777777778,2.0,0.8055555555555555,16.23888888888889,2.0055555555555555,6.038888888888889,0.05555555555555555,0.4666666666666666,0.35000000000000003,0.19444444444444445,0.7835185185185184,7.372222222222223,1.3333333333333333,0.65,5.405555555555556,1.1722222222222223,2.777777777777778,9.355555555555556,24.21111111111111,21.472222222222225,37.800000000000004,1.461111111111111,21.33888888888889,1.9611111111111112,0.9111111111111111,18.483333333333334,1.6166666666666665,4.111111111111111,0.9944444444444445,13.966666666666667,0.6277777777777778,0.2611111111111111,13.077777777777778,0.4444444444444444,1.3333333333333333,14.855555555555556,16.32777777777778,0.5387323943661972,0.3828246249353337,0.8111111111111112,1.0551724137931036,0.3144030106055422,0.6232686980609419,0.6752529898804049,0.42964996568291014,0.6098686049762372,0.6806083650190113,0.6545170528508201,0.32011331444759217,0.4878048780487805,0.7075443342350466,0.27491408934707895,0.3243243243243241,0.6135842129417164,0.4319517930629042
Ricardo Almeida,Orthodox,No,No,No,Ricardo Almeida,0.0,1.2967171717171717,0.39015151515151514,0.0,2.109701178451178,6.546717171717172,2.3434343434343434,1.4128787878787878,4.886363636363637,1.2512626262626263,4.165404040404041,10.303030303030303,19.416666666666668,17.632575757575758,27.508838383838384,3.2866161616161613,14.813131313131313,2.75,1.8535353535353536,11.042929292929292,1.904040404040404,6.46969696969697,0.07196969696969698,0.3409090909090909,0.3181818181818182,0.05555555555555555,0.9193602693602694,2.8244949494949494,1.9444444444444446,1.7840909090909092,2.9785353535353534,2.4886363636363638,1.0858585858585859,6.553030303030304,15.77651515151515,19.60227272727273,29.77272727272727,0.5795454545454546,11.304292929292929,2.268939393939394,2.2032828282828283,10.190656565656566,3.507575757575758,2.0782828282828283,0.23863636363636365,8.47979797979798,0.32449494949494945,0.41919191919191917,7.212121212121212,1.0189393939393938,0.9924242424242425,9.22348484848485,10.170454545454545,0.39454475605071077,0.4419536310944426,0.852157943067034,0.6995912806539509,0.44248799451177684,0.6571618037135278,0.6438329430132709,0.5306281701131486,0.6409785651994309,0.41176470588235303,0.750139618005138,0.14301613800779067,0.8452722063037249,0.7077189939288813,0.29049676025917925,0.47752126366950187,0.5846338535414165,0.3416030534351143
Todd Brown,Orthodox,No,No,No,Todd Brown,0.0,0.0,0.0,0.0,0.975,3.3333333333333335,2.3333333333333335,4.166666666666667,6.333333333333333,3.5,0.0,9.833333333333334,23.333333333333332,15.666666666666666,29.5,0.5,15.666666666666666,3.3333333333333335,4.333333333333333,19.5,3.8333333333333335,0.0,0.16666666666666666,0.8333333333333334,0.3333333333333333,0.0,1.0527777777777778,12.833333333333334,4.833333333333333,2.0,12.333333333333334,4.166666666666667,3.1666666666666665,19.666666666666668,38.333333333333336,36.833333333333336,55.666666666666664,1.3333333333333333,30.166666666666668,5.833333333333333,2.3333333333333335,27.833333333333332,6.0,4.5,0.5,17.333333333333332,1.0,0.3333333333333333,15.5,1.8333333333333333,1.3333333333333333,18.666666666666668,18.833333333333332,0.0,0.21276595744680854,0.7000000000000001,0.0,0.3247863247863248,0.9130434782608695,,0.4214285714285715,0.5310734463276836,0.3749999999999999,0.574585635359116,0.17142857142857149,0.6428571428571428,0.5568862275449101,0.30555555555555547,0.2962962962962963,0.4869565217391304,0.3383233532934131
Rob Kimmons,Orthodox,No,No,No,Rob Kimmons,0.0,0.5952380952380952,0.5357142857142857,0.047619047619047616,1.1232142857142857,4.571428571428572,1.6904761904761905,0.6428571428571429,1.7619047619047619,3.3214285714285716,1.8214285714285714,6.904761904761905,13.88095238095238,22.857142857142858,31.46428571428571,1.0833333333333333,10.738095238095239,2.5,0.6428571428571429,5.738095238095238,5.571428571428572,2.5714285714285716,0.21428571428571427,0.32142857142857145,0.32142857142857145,0.08333333333333333,2.0507936507936506,11.523809523809524,6.4523809523809526,1.2619047619047619,4.190476190476191,6.488095238095238,8.55952380952381,19.238095238095237,31.36904761904762,41.547619047619044,58.607142857142854,0.4523809523809524,22.678571428571427,7.3809523809523805,1.3095238095238095,10.380952380952381,8.583333333333334,12.404761904761905,0.13095238095238096,11.154761904761905,0.9285714285714285,0.047619047619047616,6.19047619047619,2.0952380952380953,3.845238095238095,12.13095238095238,17.05952380952381,0.5494505494505495,0.42572062084257206,0.6761904761904762,0.9259259259259258,0.30705394190871366,0.5961538461538461,0.7083333333333333,0.4974271012006862,0.7264472190692396,0.2894736842105262,0.49186351706036746,0.12580645161290316,0.7545454545454545,0.5963302752293578,0.24410540915395285,0.3099808061420345,0.38671726755218216,0.2910826731667683
Maciej Jewtuszko,Southpaw,No,No,No,Maciej Jewtuszko,0.0,0.0,0.0,0.0,0.0,6.333333333333333,3.0,0.6666666666666666,8.666666666666666,1.3333333333333333,0.0,10.0,22.333333333333332,15.0,28.666666666666668,0.0,18.333333333333332,3.0,1.0,20.333333333333332,2.0,0.0,0.0,1.3333333333333333,0.0,0.0,2.766666666666667,4.333333333333333,0.3333333333333333,1.3333333333333333,4.666666666666667,0.3333333333333333,1.0,6.0,19.333333333333332,17.333333333333332,37.333333333333336,2.3333333333333335,16.333333333333332,0.3333333333333333,2.6666666666666665,14.0,1.0,4.333333333333333,1.0,12.0,0.0,1.3333333333333333,9.333333333333334,0.6666666666666666,3.3333333333333335,13.333333333333334,20.0,,0.34545454545454546,1.0,0.0,0.4262295081967213,0.6666666666666666,,0.44776119402985076,0.5232558139534883,0.4285714285714286,0.7346938775510203,0.0,0.5,0.6666666666666666,0.6666666666666667,0.7692307692307692,0.6896551724137931,0.5357142857142858
Chris Tuchscherer,Orthodox,No,No,No,Chris Tuchscherer,0.0,0.25,0.16666666666666666,0.0,0.6888888888888888,2.4166666666666665,0.4166666666666667,1.0,2.9166666666666665,0.8333333333333334,0.08333333333333333,3.8333333333333335,12.833333333333334,8.833333333333334,18.666666666666668,1.75,11.416666666666666,0.4166666666666667,1.0,11.0,1.5,0.3333333333333333,0.3333333333333333,0.3333333333333333,0.08333333333333333,0.0,1.5416666666666667,10.666666666666666,2.1666666666666665,0.25,3.75,3.8333333333333335,5.5,13.083333333333334,23.75,21.5,32.916666666666664,0.3333333333333333,20.166666666666668,3.3333333333333335,0.25,11.0,5.833333333333333,6.916666666666667,0.0,9.5,1.1666666666666667,0.0,7.25,2.0,1.4166666666666667,10.666666666666666,11.416666666666666,0.14285714285714285,0.2116788321167883,1.0,0.25,0.26515151515151514,0.5555555555555556,0.25,0.2987012987012987,0.4732142857142857,0.0,0.47107438016528935,0.3500000000000001,-0.33333333333333326,0.6590909090909092,0.34285714285714275,0.20481927710843373,0.4491228070175438,0.34683544303797464
Tom Blackledge,Orthodox,No,No,No,Tom Blackledge,0.0,0.0,0.0,0.0,0.15,6.0,1.0,1.0,4.0,0.0,4.0,8.0,13.0,8.0,13.0,0.0,11.0,1.0,1.0,9.0,0.0,4.0,0.0,1.0,1.0,0.0,1.1333333333333333,7.0,0.0,0.0,3.0,0.0,4.0,7.0,13.0,11.0,18.0,4.0,13.0,0.0,0.0,6.0,0.0,7.0,3.0,6.0,0.0,0.0,3.0,0.0,3.0,6.0,7.0,,0.5454545454545454,1.0,0.0,0.4444444444444444,,1.0,0.6153846153846154,0.6153846153846154,0.75,0.46153846153846156,,-inf,0.5,,0.4285714285714286,0.46153846153846156,0.38888888888888884
Paul Kelly,Orthodox,No,No,No,Paul Kelly,0.037037037037037035,0.47222222222222215,0.5092592592592592,0.3796296296296296,1.957253086419753,11.703703703703704,2.3333333333333335,1.3333333333333333,5.305555555555555,1.9351851851851851,8.12962962962963,15.370370370370372,39.620370370370374,35.888888888888886,62.35185185185185,0.7870370370370371,35.129629629629626,2.7870370370370368,1.7037037037037035,22.435185185185187,3.4537037037037037,13.731481481481481,0.1111111111111111,0.8981481481481483,0.5370370370370371,0.07407407407407407,1.040432098765432,7.351851851851852,1.8148148148148149,2.009259259259259,7.0555555555555545,1.6203703703703702,2.5,11.175925925925926,27.546296296296294,21.85185185185185,39.56481481481482,1.3333333333333333,22.157407407407405,2.6574074074074074,2.7314814814814814,20.35185185185185,2.75,4.444444444444445,0.4351851851851852,14.805555555555557,0.8425925925925926,0.7222222222222223,13.296296296296296,1.1296296296296295,1.9444444444444444,16.37037037037037,17.712962962962965,0.5999999999999999,0.3331576172904587,0.8372093023255816,0.27717391304347827,0.23648369789517124,0.5603217158176943,0.5920431557653406,0.3879411077354522,0.5755865755865756,0.32638888888888873,0.6681989134977016,0.31707317073170727,0.6711864406779661,0.6533212010919018,0.4107744107744108,0.4375,0.5942857142857143,0.44769482798970284
Antonio Banuelos,Orthodox,No,No,No,Antonio Banuelos,0.0,0.0,0.0,0.0,0.005555555555555533,3.0,0.0,0.3333333333333333,2.6666666666666665,0.6666666666666666,0.0,3.3333333333333335,45.0,3.3333333333333335,45.0,0.0,40.0,3.3333333333333335,1.6666666666666667,42.0,3.0,0.0,0.0,0.0,0.0,0.0,0.0,20.333333333333332,1.6666666666666667,2.3333333333333335,24.0,0.3333333333333333,0.0,24.333333333333332,62.666666666666664,24.333333333333332,62.666666666666664,0.0,58.333333333333336,2.0,2.3333333333333335,61.333333333333336,1.3333333333333333,0.0,0.0,38.0,0.3333333333333333,0.0,37.333333333333336,1.0,0.0,38.333333333333336,38.333333333333336,,0.075,0.0,0.0,0.06349206349206349,0.2222222222222222,,0.07407407407407408,0.07407407407407408,,0.6514285714285715,0.16666666666666663,1.0,0.6086956521739131,0.75,,0.6117021276595744,0.6117021276595744
Gabe Ruediger,Orthodox,No,No,No,Gabe Ruediger,0.0,0.3333333333333333,0.0,0.0,0.5652777777777778,3.0,1.1666666666666667,0.3333333333333333,2.333333333333333,1.5,0.6666666666666666,4.5,15.166666666666666,15.916666666666666,27.333333333333332,3.3333333333333335,12.5,1.5833333333333333,1.0833333333333335,10.75,3.5833333333333335,0.8333333333333334,0.6666666666666666,0.8333333333333334,0.16666666666666666,0.0,1.0708333333333333,12.083333333333334,1.5,0.75,7.333333333333333,2.666666666666667,4.333333333333334,14.333333333333334,24.416666666666664,17.25,27.666666666666668,1.1666666666666667,21.833333333333336,1.6666666666666665,0.9166666666666666,13.666666666666668,4.0,6.75,0.3333333333333333,9.75,0.16666666666666666,0.16666666666666666,6.333333333333334,1.3333333333333335,2.4166666666666665,10.083333333333332,10.416666666666668,0.09999999999999999,0.24,0.736842105263158,0.30769230769230765,0.21705426356589144,0.41860465116279066,0.7999999999999999,0.2967032967032967,0.5823170731707317,0.2857142857142857,0.44656488549618323,0.09999999999999987,0.09090909090909083,0.46341463414634154,0.33333333333333326,0.3580246913580246,0.41296928327645044,0.37650602409638556
Paul Taylor,Orthodox,No,No,No,Paul Taylor,0.16335978835978834,0.08333333333333333,0.1574074074074074,0.07407407407407407,0.5964726631393298,11.83664021164021,2.9874338624338623,5.568121693121693,14.680555555555557,4.183201058201058,1.5284391534391535,20.39219576719577,42.88425925925926,33.289021164021165,56.78174603174603,0.33002645502645506,31.90079365079365,4.1190476190476195,6.86441798941799,33.958333333333336,5.722222222222222,3.2037037037037037,0.0,0.8915343915343916,0.07407407407407407,0.041666666666666664,2.0430665784832454,12.947751322751323,5.0396825396825395,2.641534391534391,11.30952380952381,3.2592592592592595,6.060185185185186,20.628968253968253,46.39087301587301,38.47883597883598,65.93716931216932,1.9814814814814816,36.75,6.251322751322751,3.3895502645502646,30.64484126984127,5.048280423280423,10.697751322751323,1.08994708994709,23.802248677248674,1.2116402116402116,0.748015873015873,19.33531746031746,1.789021164021164,4.637566137566138,25.76190476190476,27.458333333333332,0.25250501002004005,0.3710453207281171,0.7252729608220937,0.012139897870700451,0.4323108384458078,0.7310448451225149,0.47708505367464904,0.47551703397541684,0.5862627250914343,0.5500667556742322,0.6476802361156102,0.19382141345746928,0.7369756097560975,0.6309485270314017,0.35438228743613254,0.43350850077279746,0.5553226979171122,0.4164317883186054
Amilcar Alves,Southpaw,No,No,No,Amilcar Alves,0.0,0.0,0.0,0.0,0.0,1.3333333333333333,0.6666666666666666,0.3333333333333333,1.1666666666666667,0.5,0.6666666666666666,2.3333333333333335,5.0,6.166666666666667,10.0,0.16666666666666666,3.1666666666666665,0.8333333333333334,1.0,3.3333333333333335,0.6666666666666666,1.0,0.0,1.1666666666666667,0.3333333333333333,0.0,4.044444444444444,2.8333333333333335,2.5,4.166666666666667,0.3333333333333333,0.8333333333333334,8.333333333333334,9.5,13.666666666666666,33.5,42.166666666666664,2.5,6.666666666666667,2.5,4.5,2.1666666666666665,1.1666666666666667,10.333333333333334,1.3333333333333333,3.8333333333333335,0.0,0.3333333333333333,1.8333333333333333,0.3333333333333333,2.0,4.166666666666667,8.666666666666666,0.0,0.42105263157894735,0.7999999999999999,0.0,0.35000000000000003,0.75,0.6666666666666666,0.4666666666666667,0.6166666666666667,0.5333333333333333,0.575,0.0,0.7407407407407407,0.8461538461538461,0.2857142857142857,0.19354838709677413,0.30487804878048774,0.2055335968379446
Mike Guymon,Orthodox,No,No,No,Mike Guymon,0.0,0.75,0.6666666666666666,0.3333333333333333,1.9277777777777778,11.5,3.25,0.75,2.3333333333333335,3.0833333333333335,10.083333333333334,15.5,20.666666666666668,35.75,40.916666666666664,1.1666666666666667,16.583333333333332,3.3333333333333335,0.75,7.5,3.0833333333333335,10.083333333333334,0.0,0.6666666666666666,0.6666666666666666,0.3333333333333333,1.7722222222222221,2.5833333333333335,0.4166666666666667,0.08333333333333333,1.3333333333333333,0.4166666666666667,1.3333333333333333,3.0833333333333335,8.416666666666666,6.5,11.833333333333334,1.6666666666666667,7.083333333333333,1.1666666666666667,0.16666666666666666,6.583333333333333,0.4166666666666667,1.4166666666666667,1.0,4.5,0.75,0.08333333333333333,5.25,0.0,0.08333333333333333,5.333333333333333,5.333333333333333,0.6428571428571428,0.6934673366834171,0.975,1.0,0.3111111111111111,1.0,1.0,0.75,0.8737270875763749,0.6000000000000001,0.6352941176470588,0.6428571428571428,-3.0,0.7974683544303798,0.0,0.05882352941176483,0.6336633663366336,0.45070422535211274
Tim Hague,Orthodox,No,No,No,Tim Hague,0.0,0.5666666666666667,0.13333333333333333,0.0,1.1383333333333332,12.200000000000001,1.4000000000000001,0.5666666666666667,6.8,3.6999999999999997,3.6666666666666665,14.166666666666666,27.900000000000002,18.366666666666667,32.333333333333336,1.2,24.933333333333334,2.4,0.5666666666666667,18.599999999999998,5.133333333333334,4.166666666666667,0.19999999999999998,0.16666666666666666,0.16666666666666666,0.16666666666666666,0.5683333333333332,14.966666666666667,0.3333333333333333,1.8,12.9,2.8333333333333335,1.3666666666666665,17.099999999999998,32.166666666666664,22.133333333333336,37.699999999999996,0.8666666666666667,29.733333333333334,0.5666666666666667,1.8666666666666665,26.066666666666666,4.366666666666666,1.7333333333333334,0.7000000000000001,14.766666666666666,0.2333333333333333,0.06666666666666667,13.166666666666666,1.5333333333333332,0.3666666666666667,15.066666666666668,15.566666666666668,0.4722222222222222,0.4893048128342246,0.5833333333333334,1.0,0.3655913978494624,0.7207792207792206,0.8799999999999999,0.5077658303464755,0.568041237113402,0.8076923076923077,0.4966367713004485,0.4117647058823529,0.9107142857142857,0.5051150895140665,0.35114503816793885,0.21153846153846168,0.46839378238341967,0.4129089301503093
Willamy Freire,,No,No,No,Willamy Freire,0.0,0.3333333333333333,0.0,0.0,0.48888888888888893,5.333333333333333,1.0,1.3333333333333333,2.3333333333333335,0.6666666666666666,4.666666666666667,7.666666666666667,16.666666666666668,22.333333333333332,32.666666666666664,0.3333333333333333,13.333333333333334,1.6666666666666667,1.6666666666666667,11.0,0.6666666666666666,5.0,0.0,1.3333333333333333,0.0,0.0,3.2055555555555557,3.6666666666666665,1.3333333333333333,0.0,3.6666666666666665,0.3333333333333333,1.0,5.0,9.333333333333334,12.666666666666666,18.0,2.6666666666666665,8.0,1.3333333333333333,0.0,7.0,0.6666666666666666,1.6666666666666667,1.3333333333333333,4.333333333333333,0.0,0.0,3.3333333333333335,0.3333333333333333,0.6666666666666666,4.333333333333333,5.333333333333333,1.0,0.39999999999999997,0.6,0.19999999999999998,0.21212121212121213,1.0,0.9333333333333333,0.45999999999999996,0.6836734693877551,0.5,0.5416666666666667,0.0,-inf,0.47619047619047616,0.5,0.4,0.4642857142857143,0.2962962962962963
Greg Soto,Orthodox,No,No,No,Greg Soto,0.0,0.4444444444444444,0.27777777777777773,0.0,1.847222222222222,8.944444444444445,4.222222222222222,1.0555555555555556,2.8333333333333335,2.8888888888888893,8.5,14.222222222222221,21.722222222222225,32.94444444444444,45.27777777777778,1.4444444444444446,16.055555555555554,4.5,1.1666666666666667,7.666666666666667,3.944444444444444,10.111111111111112,0.0,0.7222222222222222,0.38888888888888884,0.0,1.4388888888888889,5.055555555555556,2.111111111111111,3.1111111111111107,2.388888888888889,6.166666666666667,1.7222222222222223,10.277777777777777,22.166666666666668,19.666666666666668,33.27777777777778,1.2777777777777777,16.055555555555557,2.5,3.6111111111111107,9.555555555555555,9.222222222222221,3.388888888888889,0.5555555555555555,11.0,0.38888888888888884,0.5,7.166666666666667,3.0555555555555554,1.6666666666666667,11.888888888888891,13.611111111111109,0.30769230769230765,0.5570934256055364,0.9382716049382717,0.38095238095238093,0.3695652173913044,0.7323943661971832,0.8406593406593406,0.6547314578005113,0.7276073619631901,0.4347826086956521,0.685121107266436,0.15555555555555556,0.8,0.75,0.3313253012048192,0.4918032786885246,0.5363408521303259,0.40901502504173626
Antonio McKee,Southpaw,No,No,No,Antonio McKee,0.0,0.3333333333333333,0.0,0.3333333333333333,0.9333333333333336,4.666666666666667,2.6666666666666665,1.0,5.666666666666667,1.3333333333333333,1.3333333333333333,8.333333333333334,18.333333333333332,13.666666666666666,25.0,1.3333333333333333,14.333333333333334,3.0,1.0,14.666666666666666,1.6666666666666667,2.0,0.0,0.3333333333333333,0.6666666666666666,0.0,1.4666666666666668,1.0,0.6666666666666666,1.6666666666666667,2.3333333333333335,0.0,1.0,3.3333333333333335,15.666666666666666,7.0,19.333333333333332,0.6666666666666666,12.333333333333334,0.6666666666666666,2.6666666666666665,14.666666666666666,0.0,1.0,0.3333333333333333,11.333333333333334,0.0,1.0,12.333333333333334,0.0,0.0,12.333333333333334,12.333333333333334,0.25,0.32558139534883723,0.8888888888888888,0.3333333333333333,0.3863636363636364,0.7999999999999999,0.6666666666666666,0.4545454545454546,0.5466666666666666,0.5,0.918918918918919,0.0,0.875,0.8409090909090908,,0.0,0.7872340425531914,0.6379310344827587
Marcus Davis,Southpaw,No,No,No,Marcus Davis,0.16666666666666666,0.41111111111111115,0.37777777777777777,0.0,0.8174074074074072,7.355555555555555,2.1999999999999997,2.1444444444444444,8.522222222222224,2.022222222222222,1.1555555555555557,11.700000000000001,30.877777777777776,22.51111111111111,42.333333333333336,0.811111111111111,24.944444444444443,3.4,2.533333333333333,26.255555555555556,2.8888888888888893,1.7333333333333334,0.1111111111111111,0.39999999999999997,0.19999999999999998,0.10000000000000002,0.8831481481481481,7.088888888888889,2.533333333333333,2.9,8.433333333333334,2.3111111111111113,1.7777777777777777,12.52222222222222,37.37777777777777,19.744444444444444,45.24444444444445,0.7222222222222222,30.133333333333336,3.8222222222222224,3.4222222222222225,28.855555555555554,4.355555555555555,4.166666666666667,0.32222222222222224,23.04444444444444,1.288888888888889,0.5222222222222223,20.42222222222222,2.0444444444444443,2.388888888888889,24.855555555555554,25.5,0.5068493150684933,0.29487750556792874,0.6470588235294117,0.162280701754386,0.3245873889123995,0.6999999999999998,0.6666666666666667,0.3789132781576107,0.531758530183727,0.44615384615384623,0.7647492625368733,0.33720930232558144,0.8831168831168832,0.7077396996534462,0.46938775510204067,0.5733333333333334,0.6649821640903686,0.5636051080550099
Phil Baroni,Orthodox,No,No,No,Phil Baroni,0.16666666666666666,0.4222222222222222,0.09999999999999999,0.12222222222222223,1.1603703703703703,7.533333333333334,4.0777777777777775,0.16666666666666666,3.777777777777778,4.177777777777778,3.8222222222222224,11.777777777777777,25.03333333333333,32.0,46.4,0.8666666666666667,20.188888888888886,4.611111111111112,0.2333333333333333,12.944444444444443,6.966666666666666,5.122222222222223,0.03333333333333333,0.7333333333333334,0.2111111111111111,0.18888888888888888,1.8635185185185186,11.955555555555556,4.711111111111111,3.0888888888888886,8.777777777777779,6.177777777777777,4.8,19.755555555555556,32.333333333333336,43.53333333333333,57.67777777777778,2.1999999999999997,23.022222222222222,5.933333333333334,3.3777777777777778,17.044444444444444,9.011111111111111,6.277777777777778,1.4666666666666668,11.066666666666668,1.2222222222222223,0.2888888888888889,8.266666666666667,2.8333333333333335,1.4777777777777779,12.577777777777778,14.144444444444446,0.48717948717948717,0.37314254265272434,0.8843373493975902,1.8095238095238098,0.29184549356223183,0.5996810207336524,0.7462039045553145,0.4704837993786063,0.6896551724137931,0.6666666666666665,0.48069498069498073,0.20599250936329594,0.7828947368421053,0.48500651890482394,0.3144266337854501,0.23539823008849559,0.3890034364261169,0.24523213253708342
Joe Doerksen,Orthodox,No,No,No,Joe Doerksen,0.041666666666666664,0.47685185185185186,0.5805555555555556,0.14537037037037037,0.7371141975308642,3.2916666666666665,1.1212962962962962,0.5925925925925926,3.662962962962963,0.6574074074074074,0.6851851851851851,5.0055555555555555,11.666666666666666,17.362962962962964,24.884259259259256,1.55,9.438888888888888,1.5148148148148148,0.7129629629629629,9.019444444444444,1.4138888888888888,1.2333333333333334,0.21203703703703702,0.8250000000000001,0.48055555555555557,0.2611111111111111,2.336126543209877,8.90462962962963,1.6305555555555555,0.8277777777777778,4.527777777777778,1.511111111111111,5.3240740740740735,11.362962962962962,21.044444444444444,23.45277777777778,35.55555555555555,1.0194444444444444,18.322222222222223,1.8574074074074074,0.8648148148148148,10.33611111111111,2.1962962962962966,8.512037037037038,0.19444444444444442,9.417592592592593,0.22685185185185186,0.037037037037037035,5.808333333333334,0.6851851851851851,3.187962962962963,9.681481481481482,12.10277777777778,0.3076463560334528,0.34873454973513834,0.7402200488997555,0.6688311688311689,0.4061184683297403,0.46496398166339237,0.5555555555555555,0.42904761904761907,0.6977488372093025,0.1907356948228882,0.5139983828582979,0.12213359920239286,0.04603854389721618,0.5619457135178716,0.3119730185497471,0.3745240944196673,0.4600492784230905,0.34039062499999984
Dustin Hazelett,Orthodox,No,No,No,Dustin Hazelett,0.0,0.11666666666666665,0.5499999999999999,0.03333333333333333,0.6658333333333334,6.766666666666667,1.3833333333333335,0.7166666666666667,4.466666666666667,2.033333333333333,2.3666666666666667,8.866666666666667,23.316666666666666,18.266666666666666,33.21666666666667,0.2333333333333333,19.983333333333334,1.8499999999999999,1.4833333333333334,13.549999999999999,2.9333333333333336,6.833333333333333,0.15,1.05,0.06666666666666667,0.0,1.6883333333333332,6.733333333333333,2.2666666666666666,1.1666666666666667,5.066666666666666,1.9666666666666668,3.1333333333333333,10.166666666666666,19.849999999999998,20.666666666666668,30.55,1.2833333333333334,15.416666666666666,2.8833333333333333,1.55,12.65,3.0500000000000003,4.1499999999999995,0.2333333333333333,8.683333333333334,0.6166666666666667,0.3833333333333333,7.583333333333333,1.0833333333333333,1.0166666666666666,9.683333333333334,9.883333333333333,0.5,0.3386155129274395,0.7477477477477479,0.07865168539325841,0.32964329643296436,0.6931818181818181,0.3463414634146342,0.3802716225875626,0.549924736578023,0.18181818181818188,0.5632432432432433,0.21387283236994226,0.32258064516129026,0.5994729907773386,0.35519125683060115,0.2449799196787148,0.4878253568429891,0.32351336606655756
Pat Audinwood,Orthodox,No,No,No,Pat Audinwood,0.0,0.3333333333333333,0.0,0.0,0.03055555555555553,3.0,2.6666666666666665,0.5,6.166666666666667,0.0,0.0,6.166666666666667,47.166666666666664,6.666666666666667,48.0,0.5,39.666666666666664,5.666666666666667,1.8333333333333333,47.0,0.16666666666666666,0.0,0.16666666666666666,0.3333333333333333,0.16666666666666666,0.0,0.5472222222222222,12.666666666666666,2.8333333333333335,6.833333333333333,20.833333333333332,0.3333333333333333,1.1666666666666667,22.333333333333332,38.0,30.0,47.833333333333336,0.3333333333333333,22.833333333333332,6.0,9.166666666666666,35.833333333333336,0.3333333333333333,1.8333333333333333,0.0,10.166666666666666,3.1666666666666665,2.3333333333333335,15.0,0.0,0.6666666666666666,15.666666666666666,17.833333333333332,0.6666666666666666,0.07563025210084034,0.4705882352941176,0.18181818181818182,0.13120567375886524,0.0,,0.13074204946996468,0.1388888888888889,0.0,0.44525547445255476,0.5277777777777777,0.9636363636363636,0.4186046511627908,0.0,0.36363636363636354,0.412280701754386,0.372822299651568
Aaron Wilkinson,,No,No,No,Aaron Wilkinson,0.0,1.0,0.0,1.0,1.0666666666666669,0.0,0.0,0.0,0.0,0.0,0.0,0.0,1.0,0.0,1.0,1.0,1.0,0.0,0.0,1.0,0.0,0.0,0.0,1.0,2.0,2.0,0.8666666666666667,0.0,0.0,0.0,0.0,0.0,0.0,0.0,2.0,8.0,10.0,1.0,2.0,0.0,0.0,2.0,0.0,0.0,0.0,2.0,0.0,0.0,2.0,0.0,0.0,2.0,2.0,1.0,0.0,,inf,0.0,,,0.0,0.0,0.0,1.0,,-inf,1.0,,,1.0,0.19999999999999996
Fredson Paixao,Orthodox,No,No,No,Fredson Paixao,0.0,0.0,0.0,0.0,0.0,0.0,0.0,1.0,1.0,0.0,0.0,1.0,1.0,1.0,1.0,0.0,0.0,0.0,1.0,1.0,0.0,0.0,1.0,0.0,0.0,0.0,0.0166666666666666,2.0,0.0,1.0,2.0,0.0,1.0,3.0,7.0,3.0,7.0,0.0,6.0,0.0,1.0,6.0,0.0,1.0,0.0,4.0,0.0,0.0,4.0,0.0,0.0,4.0,4.0,,,,0.0,1.0,,,1.0,1.0,,0.6666666666666667,,1.0,0.6666666666666667,,0.0,0.5714285714285714,0.5714285714285714
Tyler Toner,Orthodox,No,No,No,Tyler Toner,0.0,0.0,0.0,0.0,0.0,3.3333333333333335,1.3333333333333333,2.3333333333333335,6.666666666666667,0.0,0.3333333333333333,7.0,26.0,10.0,29.0,0.0,20.333333333333332,1.6666666666666667,4.0,25.666666666666668,0.0,0.3333333333333333,0.6666666666666666,0.0,0.0,0.0,2.1222222222222222,13.0,1.3333333333333333,0.3333333333333333,10.333333333333334,1.0,3.3333333333333335,14.666666666666666,37.333333333333336,25.0,49.666666666666664,0.0,34.333333333333336,2.3333333333333335,0.6666666666666666,27.666666666666668,1.3333333333333333,8.333333333333334,0.0,21.333333333333332,1.0,0.3333333333333333,17.333333333333332,0.3333333333333333,5.0,22.666666666666668,24.666666666666668,,0.1639344262295082,0.7999999999999999,0.0,0.2597402597402597,,1.0,0.2692307692307692,0.3448275862068966,,0.6213592233009708,0.4285714285714286,1.0,0.6265060240963856,0.25,0.6000000000000001,0.6071428571428572,0.49664429530201337
Sako Chivitchian,,No,No,No,Sako Chivitchian,0.0,0.0,0.0,0.0,0.9888888888888889,8.666666666666666,2.0,1.3333333333333333,8.333333333333334,3.6666666666666665,0.0,12.0,44.0,18.0,51.0,0.3333333333333333,40.666666666666664,2.0,1.3333333333333333,38.666666666666664,5.333333333333333,0.0,0.0,0.0,0.0,0.0,0.8166666666666665,9.333333333333334,10.333333333333334,4.333333333333333,18.0,6.0,0.0,24.0,45.0,29.333333333333332,53.0,4.0,28.666666666666668,11.0,5.333333333333333,38.333333333333336,6.666666666666667,0.0,4.0,19.333333333333332,0.6666666666666666,1.0,20.333333333333332,0.6666666666666666,0.0,21.0,23.666666666666668,0.0,0.21311475409836064,1.0,0.0,0.2155172413793104,0.6875,,0.2727272727272727,0.35294117647058826,1.0,0.6744186046511628,0.06060606060606055,1.0,0.5304347826086957,0.10000000000000009,,0.4666666666666667,0.44654088050314467
Gerald Harris,Southpaw,No,No,No,Gerald Harris,0.16666666666666666,0.8333333333333334,0.0,0.1111111111111111,0.8546296296296297,4.916666666666667,0.4444444444444444,0.08333333333333333,3.5833333333333335,0.5,1.361111111111111,5.444444444444444,21.416666666666668,7.0,23.305555555555554,1.4722222222222223,20.416666666666668,0.9166666666666666,0.08333333333333333,17.194444444444446,1.0555555555555556,3.1666666666666665,0.19444444444444442,0.19444444444444442,0.27777777777777773,0.0,0.7712962962962964,4.027777777777778,1.2777777777777777,1.1111111111111112,3.4166666666666665,1.7222222222222223,1.2777777777777777,6.416666666666667,18.805555555555554,14.861111111111112,28.527777777777775,0.7222222222222222,15.888888888888891,1.4444444444444444,1.4722222222222223,14.777777777777779,2.5,1.5277777777777777,0.5277777777777778,11.861111111111112,0.16666666666666666,0.3611111111111111,11.361111111111112,0.7777777777777778,0.25,12.388888888888891,13.666666666666666,0.5660377358490566,0.24081632653061225,0.48484848484848486,10.000000000000002,0.2084006462035541,0.47368421052631576,0.4298245614035087,0.2542153047989623,0.30035756853396905,0.7307692307692308,0.7465034965034966,0.11538461538461542,0.8679245283018868,0.768796992481203,0.3111111111111111,0.1636363636363637,0.6587887740029541,0.47906523855890937
Maiquel Falcao,Orthodox,No,No,No,Maiquel Falcao,0.3333333333333333,0.3333333333333333,1.0,0.0,1.3555555555555554,6.0,2.0,0.3333333333333333,3.0,1.6666666666666667,3.6666666666666665,8.333333333333334,15.0,18.0,25.666666666666668,0.3333333333333333,12.333333333333334,2.0,0.6666666666666666,7.333333333333333,3.0,4.666666666666667,0.0,0.6666666666666666,0.0,0.0,0.3222222222222222,1.6666666666666667,1.0,0.0,2.0,0.6666666666666666,0.0,2.6666666666666665,20.333333333333332,2.6666666666666665,20.333333333333332,2.3333333333333335,19.0,1.3333333333333333,0.0,18.333333333333332,2.0,0.0,1.6666666666666667,17.333333333333332,0.3333333333333333,0.0,16.333333333333332,1.3333333333333333,0.0,17.666666666666668,17.666666666666668,1.0,0.48648648648648646,1.0,0.5,0.4090909090909091,0.5555555555555556,0.7857142857142856,0.5555555555555556,0.7012987012987013,0.7142857142857143,0.9122807017543859,0.25,-inf,0.8909090909090909,0.6666666666666667,,0.8688524590163934,0.8688524590163934
Karo Parisyan,Orthodox,No,No,No,Karo Parisyan,0.0,1.672079772079772,0.3210826210826211,0.06267806267806268,1.8347910731244064,10.117378917378916,0.6928774928774929,0.8977207977207978,4.9817663817663815,2.2632478632478636,4.462962962962963,11.707977207977208,28.16581196581197,23.10968660968661,41.015099715099716,2.804843304843305,26.320512820512818,0.8108262108262109,1.0344729344729344,14.963532763532763,4.337037037037037,8.865242165242165,0.0846153846153846,0.5387464387464388,0.2022792022792023,0.30313390313390315,1.0410873694207028,5.725641025641025,3.166951566951567,1.456695156695157,4.35954415954416,2.733333333333333,3.256410256410257,10.349287749287749,24.884045584045584,22.54957264957265,37.82279202279202,1.331908831908832,19.275783475783474,3.727920227920228,1.88034188034188,15.612535612535611,4.311965811965812,4.959544159544159,0.7931623931623931,13.55014245014245,0.5609686609686609,0.4236467236467236,11.252991452991452,1.5786324786324786,1.703133903133903,14.534757834757835,15.273219373219371,0.5961401726764854,0.38439140553120094,0.8545326774420239,1.6163591297163316,0.33292715433532616,0.5218419496814032,0.5034225664427805,0.41568044344642024,0.5634433847585838,0.5955080213903743,0.7029619557184664,0.15047764615972492,0.7134848484848484,0.7207664233576642,0.36610505450941533,0.3434053308823528,0.5840994699060028,0.4038099398906281
Brian Foster,Orthodox,No,No,No,Brian Foster,0.1,0.7333333333333334,0.3666666666666667,0.1,0.8049999999999999,7.366666666666667,1.6666666666666665,0.8666666666666667,3.966666666666667,0.5666666666666667,5.366666666666667,9.9,24.03333333333333,16.7,32.333333333333336,1.1333333333333333,20.666666666666668,2.2,1.1666666666666665,13.666666666666668,1.1666666666666667,9.2,0.0,0.5666666666666667,0.4666666666666667,0.1,0.7838888888888889,2.7,0.8666666666666666,0.9,2.6,0.6,1.2666666666666668,4.466666666666667,12.833333333333334,9.333333333333334,18.066666666666666,1.0,10.033333333333333,1.4,1.4,10.0,0.8,2.033333333333333,0.43333333333333335,7.333333333333333,0.5333333333333333,0.5,7.4,0.2,0.7666666666666666,8.366666666666667,8.733333333333334,0.6470588235294118,0.3564516129032258,0.7575757575757575,0.6285714285714287,0.29024390243902437,0.48571428571428565,0.5833333333333335,0.41192787794729546,0.5164948453608247,0.43333333333333335,0.7308970099667773,0.38095238095238093,0.5952380952380952,0.74,0.2500000000000001,0.3770491803278687,0.6519480519480519,0.4833948339483395
Nick Osipczak,Orthodox,No,No,No,Nick Osipczak,0.13333333333333333,0.3833333333333333,0.2833333333333333,0.15,1.0525,7.616666666666667,3.1166666666666667,2.9499999999999997,6.2,4.2,3.283333333333333,13.683333333333332,26.916666666666668,23.78333333333333,37.483333333333334,0.8333333333333334,18.650000000000002,4.3500000000000005,3.9166666666666665,15.0,6.316666666666666,5.6000000000000005,0.0,0.7666666666666666,0.16666666666666666,0.0,2.1494444444444447,9.733333333333333,6.283333333333334,2.2666666666666666,7.766666666666667,4.533333333333333,5.983333333333333,18.283333333333335,36.916666666666664,32.5,54.6,2.716666666666667,25.099999999999998,8.683333333333334,3.1333333333333333,21.416666666666668,7.066666666666666,8.433333333333334,1.95,15.366666666666667,2.4,0.8666666666666667,13.65,2.533333333333333,2.4499999999999997,18.633333333333333,22.099999999999998,0.45999999999999996,0.40840035746201964,0.7164750957854406,0.09787234042553192,0.41333333333333333,0.6649076517150396,0.5863095238095237,0.5083591331269349,0.6345042240995997,0.7177914110429449,0.6122177954847278,0.2763915547024951,0.7553191489361702,0.6373540856031128,0.3584905660377359,0.29051383399209485,0.5047404063205416,0.40476190476190477
Goran Reljic,Southpaw,No,No,No,Goran Reljic,0.08333333333333333,0.5555555555555555,0.38888888888888884,0.19444444444444442,1.4226851851851852,4.416666666666667,2.4166666666666665,1.0833333333333333,6.25,0.3611111111111111,1.3055555555555556,7.916666666666667,21.416666666666668,15.916666666666666,30.833333333333332,1.1666666666666667,16.055555555555554,3.361111111111111,2.0,17.72222222222222,0.9722222222222222,2.722222222222222,0.08333333333333333,0.5277777777777778,0.5,0.1111111111111111,1.1624999999999999,8.055555555555555,2.5833333333333335,2.3333333333333335,6.138888888888889,3.527777777777778,3.305555555555556,12.972222222222221,31.583333333333332,27.75,47.388888888888886,0.7777777777777778,25.027777777777775,3.5555555555555554,3.0,20.194444444444443,4.805555555555555,6.583333333333333,0.25,16.97222222222222,0.9722222222222223,0.6666666666666666,14.055555555555555,1.2777777777777777,3.277777777777778,18.61111111111111,19.63888888888889,0.4761904761904761,0.27508650519031147,0.7190082644628099,0.27777777777777773,0.35266457680250785,0.37142857142857144,0.47959183673469397,0.36964980544747084,0.5162162162162162,0.3214285714285714,0.6781354051054383,0.2734374999999999,0.8240740740740741,0.6960110041265475,0.2658959537572253,0.4978902953586497,0.5892700087950747,0.4144196951934349
Mark Scanlon,Orthodox,No,No,No,Mark Scanlon,0.0,1.0,0.6666666666666666,0.3333333333333333,1.0944444444444443,9.333333333333334,0.6666666666666666,1.0,8.666666666666666,1.0,1.3333333333333333,11.0,31.333333333333332,20.666666666666668,43.0,1.3333333333333333,27.666666666666668,2.3333333333333335,1.3333333333333333,26.333333333333332,3.0,2.0,0.0,1.0,0.6666666666666666,0.0,2.711111111111111,8.0,7.0,1.6666666666666667,3.6666666666666665,4.666666666666667,8.333333333333334,16.666666666666668,32.666666666666664,76.66666666666667,96.66666666666667,1.3333333333333333,22.333333333333332,8.333333333333334,2.0,15.666666666666666,6.0,11.0,0.3333333333333333,14.333333333333334,1.3333333333333333,0.3333333333333333,12.0,1.3333333333333333,2.6666666666666665,16.0,20.0,0.75,0.3373493975903615,0.2857142857142857,0.75,0.3291139240506329,0.3333333333333333,0.6666666666666666,0.35106382978723405,0.4806201550387597,0.25,0.6417910447761194,0.16000000000000003,0.5,0.7659574468085106,0.2222222222222222,0.24242424242424232,0.4897959183673468,0.2068965517241379
Seth Petruzelli,Orthodox,No,No,No,Seth Petruzelli,0.19444444444444442,0.1111111111111111,0.7222222222222222,0.0,0.15185185185185182,4.861111111111112,1.777777777777778,1.222222222222222,5.75,1.027777777777778,1.0833333333333333,7.861111111111111,18.88888888888889,16.083333333333332,27.694444444444443,0.19444444444444442,14.972222222222221,2.527777777777778,1.3888888888888886,14.666666666666666,2.1666666666666665,2.055555555555556,0.0,1.722222222222222,0.3055555555555555,0.08333333333333333,2.7074074074074073,4.777777777777778,0.8055555555555557,0.7777777777777778,2.388888888888889,0.4444444444444444,3.527777777777778,6.361111111111111,14.388888888888888,25.833333333333332,36.916666666666664,3.1111111111111107,12.555555555555555,0.888888888888889,0.9444444444444445,7.222222222222222,0.8055555555555555,6.361111111111111,1.3888888888888886,7.777777777777778,0.08333333333333333,0.16666666666666666,4.833333333333333,0.3611111111111111,2.8333333333333335,8.027777777777777,11.083333333333334,0.5714285714285715,0.32467532467532473,0.7032967032967032,0.08000000000000002,0.3920454545454546,0.47435897435897445,0.527027027027027,0.41617647058823526,0.5807422266800402,0.4464285714285714,0.6194690265486726,0.09374999999999989,-0.8235294117647056,0.6692307692307693,0.4482758620689655,0.445414847161572,0.5579150579150579,0.3002257336343115
Alexandre Ferreira,Orthodox,No,No,No,Alexandre Ferreira,0.0,0.0,0.0,0.0,0.0,1.0,3.0,2.0,3.0,3.0,0.0,6.0,10.0,9.0,13.0,3.0,3.0,5.0,2.0,5.0,5.0,0.0,0.0,2.0,0.0,0.0,0.6333333333333333,19.0,0.0,0.0,3.0,0.0,16.0,19.0,33.0,33.0,48.0,2.0,32.0,1.0,0.0,9.0,1.0,23.0,0.0,13.0,1.0,0.0,6.0,1.0,7.0,14.0,15.0,0.0,0.3333333333333333,0.6,0.0,0.6,0.6,,0.6,0.6923076923076923,0.0,0.40625,1.0,-inf,0.6666666666666667,1.0,0.30434782608695654,0.4242424242424242,0.3125
Gilbert Yvel,Orthodox,No,No,No,Gilbert Yvel,0.0,0.0,0.4444444444444444,0.5555555555555555,0.3962962962962962,8.555555555555555,0.4444444444444444,0.3333333333333333,1.1111111111111112,0.7777777777777777,7.444444444444444,9.333333333333334,17.22222222222222,20.444444444444446,30.0,0.3333333333333333,15.666666666666666,1.111111111111111,0.4444444444444444,3.6666666666666665,2.2222222222222223,11.333333333333334,0.1111111111111111,1.3333333333333333,0.4444444444444444,0.0,3.3833333333333333,11.444444444444445,3.777777777777778,0.1111111111111111,1.4444444444444444,1.111111111111111,12.777777777777779,15.333333333333334,25.11111111111111,36.55555555555556,52.55555555555555,1.7777777777777777,20.333333333333332,4.555555555555555,0.2222222222222222,4.111111111111112,1.6666666666666667,19.333333333333332,0.4444444444444444,8.888888888888888,0.7777777777777777,0.1111111111111111,2.6666666666666665,0.5555555555555556,6.555555555555556,9.777777777777779,16.0,0.0,0.5460992907801419,0.4,0.0,0.30303030303030304,0.3499999999999999,0.6568627450980391,0.5419354838709678,0.6814814814814816,0.25,0.4371584699453551,0.1707317073170731,-5.0,0.6486486486486487,0.3333333333333335,0.3390804597701148,0.38938053097345127,0.3044397463002113
James McSweeney,Switch,No,No,No,James McSweeney,0.0,0.16666666666666666,0.2222222222222222,0.27777777777777773,1.2666666666666666,8.444444444444445,4.333333333333333,2.555555555555556,8.166666666666666,2.611111111111111,4.555555555555555,15.333333333333334,27.888888888888886,23.0,35.94444444444445,0.4444444444444444,19.222222222222225,5.666666666666667,3.0,17.0,4.055555555555555,6.833333333333333,0.27777777777777773,0.0,0.611111111111111,0.16666666666666666,1.0555555555555556,11.722222222222221,6.388888888888888,0.1111111111111111,11.555555555555557,1.3888888888888886,5.277777777777778,18.22222222222222,30.222222222222218,28.777777777777775,42.111111111111114,0.5555555555555555,21.722222222222225,7.777777777777778,0.7222222222222222,21.333333333333332,2.055555555555556,6.833333333333333,0.5555555555555555,10.0,1.388888888888889,0.611111111111111,9.777777777777779,0.6666666666666666,1.5555555555555554,12.0,13.333333333333334,0.375,0.43930635838150284,0.7647058823529411,0.05555555555555555,0.48039215686274506,0.6438356164383562,0.6666666666666666,0.5498007968127491,0.6398763523956722,1.0,0.4603580562659848,0.1785714285714286,1.0,0.45833333333333326,0.32432432432432456,0.22764227642276424,0.3970588235294117,0.3166226912928761
James Wilks,Orthodox,No,No,No,James Wilks,0.0,0.3611111111111111,1.111111111111111,0.4444444444444444,1.2300925925925925,4.777777777777778,1.75,1.9444444444444446,3.972222222222222,3.4444444444444446,1.0555555555555556,8.472222222222223,18.833333333333332,21.5,33.416666666666664,1.75,13.972222222222223,2.3333333333333335,2.5277777777777777,11.416666666666666,5.611111111111111,1.8055555555555556,0.1111111111111111,0.38888888888888884,0.5277777777777778,0.1111111111111111,2.482407407407407,7.25,1.5833333333333333,0.75,3.3055555555555554,1.9444444444444444,4.333333333333333,9.583333333333334,19.305555555555557,20.27777777777778,31.0,1.25,15.916666666666666,2.5555555555555554,0.8333333333333334,9.222222222222223,3.6666666666666665,6.416666666666667,0.8611111111111112,8.666666666666666,0.9722222222222222,0.08333333333333333,5.916666666666667,1.722222222222222,2.0833333333333335,9.722222222222221,10.722222222222221,0.20634920634920634,0.341948310139165,0.75,0.14285714285714285,0.3479318734793187,0.613861386138614,0.5846153846153846,0.44985250737463134,0.6433915211970075,0.6888888888888889,0.544502617801047,0.3804347826086957,0.5333333333333334,0.641566265060241,0.4696969696969697,0.3246753246753248,0.5035971223021583,0.34587813620071683
Mark Holst,Orthodox,No,No,No,Mark Holst,0.0,0.3333333333333333,0.8333333333333334,0.0,0.8194444444444443,0.16666666666666666,0.3333333333333333,0.5,0.5,0.16666666666666666,0.3333333333333333,1.0,6.166666666666667,2.5,7.666666666666667,0.3333333333333333,5.0,0.6666666666666666,0.5,5.666666666666667,0.16666666666666666,0.3333333333333333,0.0,1.1666666666666667,0.6666666666666666,0.0,3.4555555555555557,6.833333333333333,1.6666666666666667,0.6666666666666666,3.0,0.16666666666666666,6.0,9.166666666666666,17.333333333333332,25.333333333333332,35.166666666666664,2.5,14.833333333333334,1.6666666666666667,0.8333333333333334,7.333333333333333,0.5,9.5,1.3333333333333333,8.0,0.0,0.16666666666666666,4.333333333333333,0.3333333333333333,3.5,8.166666666666666,9.833333333333334,1.0,0.03333333333333333,0.5,0.6666666666666666,0.08823529411764705,1.0,1.0,0.16216216216216214,0.32608695652173914,0.5333333333333333,0.5393258426966292,0.0,-0.40000000000000013,0.5909090909090908,0.6666666666666667,0.368421052631579,0.47115384615384615,0.2796208530805687
Vinicius Queiroz,,No,No,No,Vinicius Queiroz,0.0,1.6666666666666667,0.0,0.0,1.861111111111111,12.0,2.6666666666666665,1.0,11.0,0.6666666666666666,4.0,15.666666666666666,34.333333333333336,21.0,43.666666666666664,2.3333333333333335,29.333333333333332,3.6666666666666665,1.3333333333333333,24.666666666666668,0.6666666666666666,9.0,0.0,0.0,2.0,0.0,0.6722222222222222,15.333333333333334,3.0,4.0,19.0,0.6666666666666666,2.6666666666666665,22.333333333333332,33.0,49.0,68.66666666666667,0.3333333333333333,26.0,3.0,4.0,29.333333333333332,1.0,2.6666666666666665,0.3333333333333333,10.666666666666666,0.0,0.0,10.333333333333334,0.3333333333333333,0.0,10.666666666666666,19.666666666666668,0.7142857142857143,0.4090909090909091,0.7272727272727273,1.2500000000000002,0.44594594594594594,1.0,0.4444444444444444,0.45631067961165045,0.48091603053435117,1.0,0.41025641025641024,0.0,1.0,0.3522727272727273,0.33333333333333337,0.0,0.3232323232323233,0.28640776699029136
Matt Serra,Orthodox,Yes,No,Yes,Matt Serra,0.11904761904761905,0.6722943722943723,0.2766233766233766,0.12857142857142856,1.6575324675324676,4.694805194805195,3.1792207792207794,1.436796536796537,5.583549783549784,1.629004329004329,2.0982683982683983,9.310822510822511,23.644588744588745,18.717748917748917,34.068831168831174,3.243290043290043,17.841558441558444,4.134199134199134,1.6688311688311688,17.275324675324676,2.3783549783549787,3.9909090909090907,0.05714285714285714,0.5454545454545454,0.16363636363636366,0.17489177489177488,1.034126984126984,8.30995670995671,3.594372294372294,0.9233766233766234,7.4216450216450225,2.5965367965367965,2.8095238095238098,12.827705627705628,23.855411255411255,28.870995670995672,40.56580086580087,0.8567099567099566,18.962337662337664,3.8376623376623376,1.0554112554112554,16.167532467532467,3.165800865800866,4.522077922077922,0.3112554112554113,10.652380952380952,0.2432900432900433,0.13203463203463203,8.745887445887446,0.5692640692640693,1.7125541125541126,11.027705627705629,11.694805194805193,0.20728777362520023,0.26313873926335707,0.7690052356020943,0.40285343709468224,0.32320954242469807,0.6849290134692391,0.5257620132335394,0.39378238341968913,0.5494097764901713,0.36331480545730166,0.561765175901194,0.06339537507050208,0.48318293683347,0.5409537579993038,0.179816764665664,0.3787095538962282,0.46227271077559606,0.28829223003617654
Sean Sherk,Orthodox,Yes,No,Yes,Sean Sherk,0.0,1.858080808080808,0.12777777777777777,0.053030303030303025,2.545395622895623,7.563131313131313,1.0686868686868687,1.3272727272727274,4.52979797979798,1.2691919191919192,4.160101010101011,9.959090909090909,26.22020202020202,32.79040404040404,50.425252525252525,3.3075757575757576,23.626767676767678,1.1313131313131313,1.4621212121212122,17.752525252525253,2.5954545454545457,5.872222222222222,0.0404040404040404,0.22272727272727275,0.505050505050505,0.05454545454545454,0.6847979797979798,9.373737373737374,2.066161616161616,0.48434343434343435,8.533838383838383,1.007070707070707,2.3833333333333333,11.924242424242426,26.537373737373734,22.025757575757574,36.90050505050505,0.46616161616161617,23.33939393939394,2.530808080808081,0.6671717171717171,21.446969696969695,1.5373737373737373,3.553030303030303,0.24343434343434342,13.965656565656568,0.46464646464646464,0.18282828282828284,12.913131313131313,0.5303030303030303,1.1696969696969697,14.61313131313131,14.874747474747474,0.561765154985494,0.32010859109467515,0.9446428571428572,1.2708117443868738,0.25516358463726885,0.4890056431212298,0.7084372581061325,0.3798251020879883,0.6502774383525971,0.5222101841820151,0.5983727170431923,0.18359608860506893,0.6661619984859954,0.6020958436359355,0.3449408672798949,0.3292110874200427,0.5506623020706454,0.4031041703735134
Steve Lopez,Orthodox,No,No,No,Steve Lopez,0.0,0.0,0.0,0.0,0.0,1.8333333333333333,1.3333333333333333,2.3333333333333335,5.166666666666667,0.0,0.3333333333333333,5.5,22.333333333333332,15.166666666666666,32.333333333333336,0.0,16.5,2.6666666666666665,3.1666666666666665,21.0,0.5,0.8333333333333334,0.16666666666666666,1.1666666666666667,0.16666666666666666,0.0,2.111111111111111,10.0,0.16666666666666666,1.1666666666666667,6.5,0.16666666666666666,4.666666666666667,11.333333333333334,28.5,24.666666666666668,44.333333333333336,1.6666666666666667,26.333333333333332,1.0,1.1666666666666667,20.0,0.16666666666666666,8.333333333333334,0.5,16.333333333333332,0.8333333333333334,0.0,13.5,0.0,3.6666666666666665,17.166666666666668,19.666666666666668,,0.1111111111111111,0.5,0.0,0.24603174603174605,0.0,0.39999999999999997,0.24626865671641793,0.46907216494845355,0.29999999999999993,0.620253164556962,0.8333333333333334,0.0,0.675,0.0,0.44000000000000006,0.6023391812865497,0.443609022556391
Julio Paulino,Orthodox,No,No,No,Julio Paulino,0.0,0.0,0.16666666666666666,0.16666666666666666,0.5333333333333333,2.6666666666666665,1.8333333333333333,0.3333333333333333,3.0,1.1666666666666667,0.6666666666666666,4.833333333333333,17.333333333333332,11.666666666666666,24.5,0.0,13.166666666666666,3.0,1.1666666666666667,13.5,2.6666666666666665,1.1666666666666667,0.0,1.6666666666666667,0.16666666666666666,0.3333333333333333,3.427777777777777,6.333333333333333,1.5,1.5,2.8333333333333335,1.3333333333333333,5.166666666666667,9.333333333333334,18.166666666666668,21.0,31.666666666666668,2.6666666666666665,13.666666666666666,2.6666666666666665,1.8333333333333333,7.166666666666667,3.3333333333333335,7.666666666666667,1.0,7.333333333333333,1.1666666666666667,0.3333333333333333,4.333333333333333,2.0,2.5,8.833333333333334,10.666666666666666,,0.20253164556962025,0.611111111111111,0.0,0.2222222222222222,0.43750000000000006,0.5714285714285714,0.27884615384615385,0.47619047619047616,0.3749999999999999,0.5365853658536586,0.4375,0.09090909090909083,0.6046511627906976,0.6000000000000001,0.32608695652173914,0.4862385321100917,0.33684210526315794
Forrest Petz,Orthodox,No,No,No,Forrest Petz,0.29523809523809524,0.44761904761904764,0.0,0.11428571428571428,0.7596825396825396,5.647619047619048,4.504761904761906,1.2380952380952381,7.819047619047619,2.657142857142857,0.9142857142857143,11.39047619047619,38.05714285714286,20.704761904761906,48.23809523809524,0.44761904761904764,29.628571428571423,7.076190476190476,1.3523809523809522,32.12380952380952,4.285714285714286,1.6476190476190478,0.11428571428571428,0.7999999999999999,0.3904761904761905,0.0,1.2068253968253968,6.104761904761905,1.5142857142857142,2.5714285714285716,5.980952380952381,1.7523809523809524,2.4571428571428573,10.19047619047619,25.02857142857143,23.56190476190476,39.87619047619048,2.5142857142857142,20.114285714285714,2.1619047619047618,2.752380952380952,17.99047619047619,3.2761904761904765,3.7619047619047614,1.7142857142857142,14.009523809523811,0.6476190476190476,0.18095238095238098,12.009523809523808,1.5238095238095237,1.3047619047619048,14.83809523809524,16.314285714285713,1.0,0.19061395049823213,0.6366083445491253,0.3309859154929578,0.24340349836940411,0.62,0.5549132947976878,0.2992992992992993,0.42922013820335636,0.6818181818181819,0.6964962121212122,0.29955947136563876,0.7093425605536332,0.6675489677077819,0.4651162790697675,0.34683544303797453,0.5928462709284628,0.409123477430141
Tomasz Drwal,Orthodox,No,No,No,Tomasz Drwal,0.05555555555555555,0.5555555555555555,0.1111111111111111,0.0,0.7388888888888889,7.333333333333333,1.1666666666666667,1.111111111111111,5.666666666666667,2.611111111111111,1.3333333333333333,9.611111111111112,27.666666666666668,12.166666666666666,30.666666666666668,1.0,24.333333333333332,1.5555555555555554,1.7777777777777777,19.444444444444446,6.111111111111112,2.111111111111111,0.1111111111111111,0.5,0.1111111111111111,0.0,1.200925925925926,5.833333333333333,1.5,1.1666666666666667,5.111111111111111,2.944444444444444,0.4444444444444444,8.5,18.444444444444443,18.11111111111111,29.055555555555557,2.3333333333333335,14.055555555555557,2.3333333333333335,2.055555555555556,12.777777777777777,4.777777777777778,0.8888888888888888,1.8333333333333333,8.222222222222221,0.8333333333333334,0.888888888888889,7.666666666666667,1.8333333333333333,0.4444444444444444,9.944444444444445,10.944444444444445,0.5555555555555555,0.3013698630136986,0.7500000000000001,0.31249999999999994,0.2914285714285714,0.42727272727272725,0.631578947368421,0.34738955823293177,0.3967391304347826,0.7857142857142857,0.5849802371541503,0.3571428571428572,0.7567567567567568,0.6,0.38372093023255816,0.5,0.5391566265060241,0.37667304015296377
John Gunderson,Orthodox,No,No,No,John Gunderson,0.0,0.5555555555555555,0.6666666666666666,0.0,1.5203703703703704,3.3333333333333335,1.111111111111111,0.7777777777777777,2.222222222222222,0.4444444444444444,2.555555555555556,5.222222222222222,19.0,14.111111111111112,28.666666666666668,1.6666666666666667,16.333333333333332,1.3333333333333333,1.3333333333333333,13.444444444444445,1.111111111111111,4.444444444444445,0.0,0.8888888888888888,0.8888888888888888,0.1111111111111111,2.261111111111111,6.666666666666667,1.1111111111111112,0.7777777777777778,2.6666666666666665,0.5555555555555555,5.333333333333333,8.555555555555555,20.666666666666668,17.555555555555554,31.0,1.0,17.88888888888889,1.5555555555555554,1.2222222222222223,10.333333333333334,1.111111111111111,9.222222222222221,0.1111111111111111,11.222222222222221,0.4444444444444444,0.4444444444444444,7.666666666666667,0.5555555555555555,3.888888888888889,12.111111111111112,13.444444444444445,0.33333333333333326,0.20408163265306126,0.8333333333333333,0.41666666666666663,0.16528925619834708,0.4,0.5750000000000001,0.27485380116959063,0.4922480620155039,0.11111111111111116,0.6273291925465838,0.2857142857142856,0.2727272727272728,0.7419354838709677,0.5,0.42168674698795183,0.5860215053763441,0.43369175627240153
John Salter,Southpaw,No,No,No,John Salter,0.0,0.6666666666666666,0.0,0.0,0.5851851851851851,3.3888888888888893,0.3333333333333333,0.16666666666666666,3.2222222222222228,0.5555555555555556,0.1111111111111111,3.8888888888888893,18.166666666666668,7.666666666666667,23.055555555555554,1.5,17.444444444444443,0.3333333333333333,0.38888888888888884,16.944444444444443,1.1111111111111112,0.1111111111111111,0.0,0.3333333333333333,0.27777777777777773,0.3333333333333333,0.6953703703703704,6.666666666666667,0.7222222222222223,0.7222222222222223,5.333333333333333,0.4444444444444444,2.3333333333333335,8.111111111111112,27.666666666666668,11.166666666666666,31.38888888888889,0.5555555555555555,25.666666666666668,1.277777777777778,0.7222222222222223,21.11111111111111,0.5555555555555556,6.0,0.2222222222222222,19.0,0.5555555555555555,0.0,15.777777777777779,0.1111111111111111,3.6666666666666665,19.555555555555554,20.22222222222222,0.4444444444444444,0.19426751592356692,1.0,1.7142857142857144,0.19016393442622956,0.5,1.0,0.21406727828746178,0.33253012048192776,0.3999999999999999,0.7402597402597403,0.4347826086956521,0.5384615384615385,0.7473684210526316,0.20000000000000007,0.6111111111111112,0.7068273092369477,0.6442477876106195
James Toney,Orthodox,No,No,No,James Toney,0.0,0.0,0.0,0.0,0.0,0.0,0.0,0.0,0.0,0.0,0.0,0.0,0.0,4.0,6.0,0.0,0.0,0.0,0.0,0.0,0.0,0.0,0.0,1.0,2.0,0.0,3.033333333333333,7.0,1.0,0.0,0.0,0.0,8.0,8.0,11.0,41.0,50.0,1.0,10.0,1.0,0.0,0.0,0.0,11.0,0.0,3.0,0.0,0.0,0.0,0.0,3.0,3.0,9.0,,,,,,,,,0.6666666666666666,0.0,0.30000000000000004,0.0,-inf,,,0.2727272727272727,0.2727272727272727,0.18000000000000005
Rodney Wallace,Switch,No,No,No,Rodney Wallace,0.0,2.0,0.3333333333333333,0.1111111111111111,1.2537037037037038,4.555555555555555,1.1111111111111112,0.0,2.4444444444444446,2.0,1.222222222222222,5.666666666666667,12.222222222222221,9.777777777777779,17.555555555555554,3.6666666666666665,10.666666666666666,1.5555555555555554,0.0,6.111111111111112,3.6666666666666665,2.444444444444444,0.1111111111111111,0.5555555555555555,0.0,0.3333333333333333,2.577777777777778,10.333333333333334,4.888888888888888,2.0,2.5555555555555554,4.111111111111111,10.555555555555555,17.22222222222222,31.444444444444443,41.44444444444444,57.88888888888889,0.7777777777777777,23.333333333333332,6.0,2.111111111111111,9.0,6.444444444444444,16.0,0.2222222222222222,13.0,1.111111111111111,0.1111111111111111,6.4444444444444455,2.3333333333333335,5.444444444444444,14.222222222222221,16.444444444444446,0.5454545454545455,0.4270833333333333,0.7142857142857144,inf,0.4,0.5454545454545455,0.5,0.4636363636363637,0.5569620253164558,0.2857142857142857,0.5571428571428572,0.18518518518518523,0.736842105263158,0.7160493827160495,0.3620689655172413,0.3402777777777778,0.45229681978798586,0.28406909788867574
James Irvin,Orthodox,No,No,No,James Irvin,0.55,0.0,0.05,0.05,0.11833333333333332,2.25,0.6,2.3,3.35,0.35,1.45,5.15,9.85,5.7,10.4,0.1,5.65,0.85,3.35,7.25,0.55,2.05,0.15,0.6,0.2,0.0,0.7925,6.15,1.55,0.65,4.2,2.25,1.9,8.35,12.8,13.45,18.1,0.95,10.3,1.85,0.65,7.5,3.05,2.25,0.35,4.15,0.3,0.0,3.3,0.8,0.35,4.45,4.65,0.0,0.3982300884955752,0.7058823529411765,0.0,0.4620689655172414,0.6363636363636362,0.7073170731707318,0.5228426395939086,0.5480769230769231,0.368421052631579,0.40291262135922334,0.16216216216216217,0.07692307692307698,0.43999999999999995,0.2622950819672131,0.15555555555555556,0.3476562500000001,0.25690607734806636
Steve Steinbeiss,Orthodox,No,No,No,Steve Steinbeiss,0.0,0.0,0.0,0.0,1.236111111111111,5.666666666666667,14.333333333333334,2.1666666666666665,7.0,15.166666666666666,0.0,22.166666666666668,34.333333333333336,39.5,52.0,0.3333333333333333,15.166666666666666,16.833333333333332,2.3333333333333335,16.0,18.333333333333332,0.0,0.0,1.5,0.8333333333333334,0.0,2.488888888888889,7.0,3.6666666666666665,1.0,1.8333333333333333,5.333333333333333,4.5,11.666666666666666,20.666666666666668,37.0,50.666666666666664,2.3333333333333335,13.5,6.166666666666667,1.0,6.666666666666667,8.166666666666666,5.833333333333333,0.8333333333333334,6.5,2.5,0.0,4.833333333333333,2.8333333333333335,1.3333333333333333,9.0,13.666666666666666,0.0,0.3736263736263737,0.8514851485148516,0.0,0.4375,0.8272727272727273,,0.645631067961165,0.7596153846153846,0.3571428571428572,0.4814814814814815,0.4054054054054055,-0.5,0.7250000000000001,0.346938775510204,0.22857142857142854,0.435483870967742,0.26973684210526316
James Hammortree,Orthodox,No,No,No,James Hammortree,0.0,0.6666666666666666,0.3333333333333333,0.0,0.7944444444444444,7.0,0.6666666666666666,2.0,4.666666666666667,4.333333333333333,0.6666666666666666,9.666666666666666,31.666666666666668,13.333333333333334,35.666666666666664,1.3333333333333333,28.0,1.0,2.6666666666666665,18.666666666666668,11.333333333333334,1.6666666666666667,0.0,0.0,0.0,0.0,1.2444444444444445,5.666666666666667,7.0,8.0,13.0,7.666666666666667,0.0,20.666666666666668,37.0,23.666666666666668,41.0,1.6666666666666667,18.0,9.666666666666666,9.333333333333334,24.666666666666668,12.333333333333334,0.0,1.6666666666666667,12.333333333333334,2.6666666666666665,1.3333333333333333,11.666666666666666,4.666666666666667,0.0,16.333333333333332,17.333333333333332,0.5,0.25,0.6666666666666666,0.25,0.25,0.38235294117647056,0.39999999999999997,0.3052631578947368,0.3738317757009346,1.0,0.6851851851851851,0.27586206896551724,1.0,0.472972972972973,0.3783783783783784,,0.4414414414414414,0.4227642276422764
Jamie Yager,Orthodox,No,No,No,Jamie Yager,0.0,0.0,0.0,0.0,0.0,8.5,0.5,5.5,12.0,2.0,0.5,14.5,37.0,15.5,38.0,0.5,28.5,2.5,6.0,34.0,2.5,0.5,0.0,0.5,0.0,0.0,0.9666666666666668,10.5,0.5,1.0,6.0,0.5,5.5,12.0,32.5,19.0,39.5,1.5,30.0,1.0,1.5,24.5,0.5,7.5,1.0,19.5,0.5,0.5,18.5,0.0,2.0,20.5,20.5,0.0,0.2982456140350877,0.2,0.0,0.35294117647058826,0.8,1.0,0.3918918918918919,0.40789473684210525,0.6666666666666667,0.65,0.5,0.6666666666666667,0.7551020408163265,0.0,0.2666666666666667,0.6307692307692307,0.5189873417721519
Josh Bryant,Orthodox,No,No,No,Josh Bryant,0.0,0.0,0.0,0.0,0.0,3.5,0.5,0.5,4.5,0.0,0.0,4.5,22.5,4.5,22.5,1.0,19.0,1.0,2.5,22.5,0.0,0.0,0.5,0.0,0.0,0.0,0.0416666666666666,14.0,2.0,9.0,21.5,2.0,1.5,25.0,44.0,25.0,44.0,0.0,31.0,2.0,11.0,37.0,3.0,4.0,0.0,17.0,0.0,2.0,15.5,1.0,2.5,19.0,19.0,0.0,0.18421052631578946,0.5,0.0,0.2,,,0.2,0.2,,0.5483870967741935,0.0,1.0,0.41891891891891897,0.33333333333333337,0.625,0.43181818181818177,0.43181818181818177
Keith Jardine,Orthodox,No,No,No,Keith Jardine,0.09971509971509972,0.09294871794871795,0.0,0.0,0.1602207977207977,11.074430199430198,2.3016381766381766,5.1930199430199435,15.818732193732194,2.0804843304843303,0.6698717948717948,18.56908831908832,49.91203703703704,21.624643874643876,53.083333333333336,0.29024216524216523,41.02564102564103,2.73539886039886,6.150997150997152,44.87464387464388,3.7008547008547006,1.3365384615384617,0.3158831908831909,0.5284900284900286,0.037037037037037035,0.0,0.7092473884140551,9.486823361823362,1.7891737891737893,2.5003561253561255,10.677350427350428,2.0811965811965814,1.0178062678062678,13.776353276353277,37.13710826210826,17.142450142450144,40.67022792022792,1.5299145299145298,31.97008547008547,2.146723646723647,3.0202991452991452,32.489316239316246,3.216880341880342,1.4309116809116809,1.0014245014245013,22.48326210826211,0.3575498575498575,0.51994301994302,21.81196581196581,1.1356837606837606,0.4131054131054131,23.360754985754983,23.527777777777775,0.3202453987730062,0.26993923611111104,0.8414268975393829,0.015111162575266325,0.3525093644847946,0.5621632024634334,0.501199040767386,0.3720362746427119,0.40737162715184694,0.6545623836126628,0.70325936817716,0.16655607166556063,0.8250206343591557,0.6713581058862217,0.3530388575224178,0.2887008461921353,0.6290407648564935,0.5785012521672125
Chuck Liddell,Orthodox,Yes,No,Yes,Chuck Liddell,0.2152777777777778,0.08611111111111111,0.0,0.020833333333333332,0.3129861111111111,8.954166666666666,0.7361111111111112,2.6638888888888888,9.95138888888889,0.9416666666666668,1.461111111111111,12.354166666666666,32.42916666666667,13.433333333333334,33.74305555555556,0.11388888888888889,28.288888888888888,1.026388888888889,3.113888888888889,28.49861111111111,1.4277777777777778,2.5027777777777778,0.1,0.18194444444444444,0.0125,0.0,0.1536574074074074,5.354166666666666,0.8680555555555556,2.3499999999999996,7.5777777777777775,0.5819444444444444,0.4125,8.572222222222223,21.683333333333334,9.204166666666666,22.41111111111111,1.2722222222222221,17.879166666666666,1.0597222222222222,2.7444444444444445,20.02777777777778,0.9361111111111111,0.7194444444444444,1.0902777777777777,12.525,0.19166666666666665,0.3944444444444445,12.45,0.3541666666666667,0.30694444444444446,13.11111111111111,13.206944444444444,0.7560975609756098,0.31652592301649646,0.7171853856562922,0.027653880463871544,0.3491885569472197,0.6595330739299612,0.5837957824639289,0.3809584992933316,0.3981066062975921,0.8569868995633187,0.7005360055931018,0.1808650065530799,0.9337044534412955,0.6216366158113731,0.37833827893175087,0.4266409266409267,0.6046630796822956,0.5893034209221617
David Loiseau,Orthodox,No,No,Yes,David Loiseau,0.12301587301587302,0.27222222222222225,0.02222222222222222,0.050793650793650794,0.4235978835978836,4.199206349206349,1.4873015873015873,0.6055555555555555,2.672222222222222,2.1126984126984127,1.5071428571428571,6.292063492063493,15.411111111111111,8.496825396825397,17.710317460317462,0.3888888888888889,12.213492063492064,2.4126984126984126,0.784920634920635,9.663492063492063,3.5404761904761903,2.207142857142857,0.1007936507936508,1.1214285714285714,0.06666666666666667,0.2,2.316574074074074,10.363492063492064,6.345238095238095,1.1238095238095238,6.501587301587302,5.315873015873016,6.015079365079365,17.832539682539682,31.86349206349206,41.210317460317455,59.36349206349206,1.546031746031746,23.19126984126984,7.301587301587301,1.3706349206349207,17.142857142857146,7.05,7.67063492063492,0.4246031746031746,12.827777777777778,0.9563492063492063,0.24682539682539684,10.641269841269843,1.7341269841269842,1.6555555555555557,14.03095238095238,18.1531746031746,0.7000000000000001,0.3438170121515368,0.6164473684210526,0.34681496461071787,0.27652759526938236,0.5967271912127327,0.6828478964401296,0.40828097641363686,0.47976697288819176,0.27464065708418894,0.5531295985763662,0.1309782608695652,0.18181818181818177,0.6207407407407408,0.24597545874141624,0.21583031557165022,0.4403457208329181,0.3057969464424183
Jesse Lennox,Orthodox,No,No,No,Jesse Lennox,0.0,0.3333333333333333,0.1111111111111111,0.0,0.49259259259259247,5.666666666666667,3.1111111111111107,1.888888888888889,8.555555555555555,0.888888888888889,1.222222222222222,10.666666666666666,40.22222222222222,12.0,42.333333333333336,0.5555555555555555,31.666666666666668,6.111111111111111,2.444444444444444,36.0,1.8888888888888886,2.3333333333333335,0.1111111111111111,0.3333333333333333,0.5555555555555555,0.2222222222222222,0.9148148148148149,9.222222222222223,3.0,3.222222222222222,11.888888888888891,1.4444444444444444,2.111111111111111,15.444444444444445,45.333333333333336,21.11111111111111,51.44444444444445,1.111111111111111,37.55555555555556,4.111111111111112,3.6666666666666665,38.77777777777778,3.0,3.5555555555555554,0.7777777777777777,28.333333333333332,1.1111111111111112,0.4444444444444444,26.888888888888886,1.5555555555555554,1.4444444444444446,29.88888888888889,30.333333333333332,0.6000000000000001,0.17894736842105263,0.509090909090909,0.13636363636363638,0.23765432098765432,0.47058823529411775,0.5238095238095237,0.26519337016574585,0.28346456692913385,0.7,0.7544378698224852,0.2702702702702704,0.9090909090909091,0.6934097421203438,0.5185185185185186,0.40625,0.6593137254901961,0.5896328293736501
Joe Brammer,Orthodox,No,No,No,Joe Brammer,0.0,0.3333333333333333,0.0,0.0,0.19166666666666662,5.5,3.3333333333333335,1.3333333333333333,8.333333333333334,1.8333333333333333,0.0,10.166666666666666,31.166666666666668,14.166666666666666,35.5,0.6666666666666666,22.0,5.166666666666667,4.0,26.5,4.666666666666667,0.0,0.0,1.3333333333333333,0.16666666666666666,0.0,1.9194444444444443,5.0,3.3333333333333335,5.0,7.5,4.833333333333333,1.0,13.333333333333334,30.5,37.333333333333336,55.333333333333336,2.6666666666666665,20.5,4.333333333333333,5.666666666666667,23.333333333333332,5.833333333333333,1.3333333333333333,1.3333333333333333,15.5,1.0,0.6666666666666666,15.833333333333334,1.0,0.3333333333333333,17.166666666666668,18.0,0.5,0.25,0.6451612903225806,0.08333333333333333,0.3144654088050315,0.3928571428571428,,0.3262032085561497,0.39906103286384975,0.5,0.7560975609756098,0.23076923076923073,0.7647058823529412,0.6785714285714286,0.17142857142857149,0.25,0.5628415300546448,0.32530120481927705
Dan Lauzon,Orthodox,No,No,No,Dan Lauzon,0.1111111111111111,0.3333333333333333,0.0,0.0,0.7407407407407408,4.777777777777778,1.0,1.222222222222222,5.222222222222222,1.0,0.7777777777777778,7.0,24.88888888888889,7.888888888888888,26.11111111111111,1.0,22.333333333333332,1.2222222222222223,1.3333333333333333,18.88888888888889,3.222222222222222,2.777777777777778,0.4444444444444444,0.0,0.1111111111111111,0.0,0.38333333333333336,14.0,1.6666666666666667,5.666666666666667,12.111111111111109,8.88888888888889,0.3333333333333333,21.333333333333332,57.0,24.333333333333332,60.0,0.5555555555555555,45.77777777777777,2.6666666666666665,8.555555555555555,38.333333333333336,18.0,0.6666666666666666,0.5555555555555555,31.777777777777775,1.0,2.8888888888888893,26.222222222222218,9.11111111111111,0.3333333333333333,35.666666666666664,35.666666666666664,0.3333333333333333,0.21393034825870647,0.8181818181818181,0.25,0.27647058823529413,0.3103448275862069,0.27999999999999997,0.28125,0.3021276595744681,1.0,0.6941747572815533,0.3749999999999999,1.0,0.6840579710144928,0.5061728395061729,0.5,0.6257309941520468,0.5944444444444444
Jesse Forbes,Southpaw,No,No,No,Jesse Forbes,0.1111111111111111,0.1111111111111111,0.1111111111111111,0.0,0.3833333333333333,5.222222222222222,3.888888888888889,0.2222222222222222,4.444444444444444,4.777777777777778,0.1111111111111111,9.333333333333334,43.11111111111111,12.333333333333334,46.111111111111114,0.4444444444444444,37.333333333333336,5.5555555555555545,0.2222222222222222,33.77777777777778,9.0,0.3333333333333333,0.0,0.7777777777777778,0.1111111111111111,0.0,0.8481481481481481,7.111111111111112,2.8888888888888893,2.0,5.888888888888889,4.888888888888889,1.222222222222222,12.0,32.55555555555556,29.222222222222218,52.111111111111114,2.444444444444444,27.333333333333332,3.1111111111111107,2.111111111111111,22.11111111111111,8.555555555555555,1.8888888888888886,1.6666666666666667,20.22222222222222,0.2222222222222222,0.1111111111111111,16.22222222222222,3.6666666666666665,0.6666666666666666,20.555555555555554,22.88888888888889,0.25,0.13988095238095238,0.7000000000000002,0.5,0.13157894736842102,0.5308641975308642,0.3333333333333333,0.21649484536082478,0.2674698795180723,0.6818181818181818,0.7398373983739837,0.07142857142857117,0.631578947368421,0.7336683417085427,0.4285714285714285,0.3529411764705882,0.6313993174061434,0.4392324093816632
Paul Daley,Orthodox,No,No,No,Paul Daley,0.1111111111111111,0.0,0.0,0.0,0.009259259259259255,6.111111111111112,0.3333333333333333,0.4444444444444444,4.555555555555555,1.222222222222222,1.111111111111111,6.888888888888888,15.444444444444445,8.111111111111112,16.666666666666668,0.0,13.888888888888891,0.5555555555555556,1.0,12.333333333333334,2.0,1.111111111111111,0.0,0.8888888888888888,0.1111111111111111,0.0,3.288888888888889,4.333333333333333,2.777777777777778,0.3333333333333333,2.0,0.4444444444444444,5.0,7.444444444444444,13.0,26.777777777777782,32.333333333333336,1.5555555555555556,9.444444444444445,3.222222222222222,0.3333333333333333,6.5555555555555545,0.7777777777777778,5.666666666666667,0.6666666666666666,5.111111111111112,0.4444444444444444,0.0,4.555555555555555,0.3333333333333333,0.6666666666666666,5.5555555555555545,5.5555555555555545,,0.43999999999999995,0.6,0.0,0.3693693693693693,0.611111111111111,1.0,0.44604316546762585,0.4866666666666667,0.4285714285714286,0.5411764705882354,0.13793103448275845,-1.6666666666666665,0.6949152542372881,0.4285714285714286,0.11764705882352944,0.4273504273504274,0.17182130584192434
Kevin Ferguson,Orthodox,No,No,No,Kevin Ferguson,0.0,1.1666666666666667,0.16666666666666666,0.0,1.325,5.833333333333333,1.3333333333333333,0.0,3.8333333333333335,1.0,2.3333333333333335,7.166666666666667,19.166666666666668,10.5,22.666666666666668,1.6666666666666667,16.666666666666668,2.3333333333333335,0.16666666666666666,15.0,1.8333333333333333,2.3333333333333335,0.0,0.0,0.6666666666666666,0.0,0.6055555555555555,8.166666666666666,0.8333333333333334,8.833333333333334,12.5,1.0,4.333333333333333,17.833333333333332,29.5,25.5,37.333333333333336,0.0,17.0,0.8333333333333334,11.666666666666666,21.666666666666668,3.0,4.833333333333333,0.0,8.833333333333334,0.0,2.8333333333333335,9.166666666666666,2.0,0.5,11.666666666666666,11.833333333333334,0.7000000000000001,0.35,0.5714285714285714,7.000000000000001,0.2555555555555556,0.5454545454545455,1.0,0.3739130434782609,0.463235294117647,,0.5196078431372549,0.0,1.0,0.42307692307692313,0.6666666666666667,0.10344827586206895,0.3954802259887006,0.3169642857142858
Jonathan Goulet,Orthodox,No,No,No,Jonathan Goulet,0.16666666666666666,0.8240740740740741,0.07407407407407407,0.3703703703703704,1.4239197530864196,3.2129629629629632,0.7129629629629629,0.75,1.9074074074074074,1.0925925925925926,1.6759259259259258,4.6759259259259265,11.203703703703704,13.99074074074074,21.935185185185187,1.1759259259259258,9.25925925925926,0.9537037037037037,0.9907407407407408,6.0555555555555545,1.9259259259259258,3.222222222222222,0.48148148148148145,0.6759259259259259,0.7222222222222222,0.0,1.0084876543209875,4.027777777777778,0.5555555555555555,0.5185185185185185,2.324074074074074,0.6018518518518519,2.175925925925926,5.101851851851852,9.36111111111111,9.907407407407407,14.620370370370372,1.3148148148148149,8.25,0.5925925925925926,0.5185185185185185,5.148148148148148,0.8425925925925926,3.3703703703703702,0.6388888888888888,4.222222222222222,0.037037037037037035,0.0,2.824074074074074,0.24074074074074073,1.1944444444444444,4.2592592592592595,4.712962962962963,0.7007874015748032,0.34700000000000003,0.7475728155339805,0.8317757009345794,0.31498470948012236,0.5673076923076923,0.5201149425287357,0.4173553719008265,0.637821865766146,0.4859154929577465,0.5117845117845118,0.06250000000000011,-0.3035714285714286,0.5485611510791366,0.2857142857142857,0.35439560439560436,0.4549950544015825,0.3223559214692845
Yoshiyuki Yoshida,Southpaw,No,No,No,Yoshiyuki Yoshida,0.0,0.39999999999999997,0.5333333333333333,0.39999999999999997,1.366666666666667,1.8666666666666665,0.7333333333333334,0.19999999999999998,1.1333333333333333,0.6666666666666666,1.0,2.8000000000000003,7.333333333333333,4.2,8.733333333333333,1.2666666666666666,5.133333333333334,1.6666666666666667,0.5333333333333333,5.6000000000000005,0.7333333333333334,1.0,0.13333333333333333,0.7333333333333334,0.6666666666666666,0.3333333333333333,1.892222222222222,12.133333333333333,3.1333333333333333,0.6,2.733333333333333,3.466666666666667,9.666666666666666,15.866666666666667,21.2,34.6,39.93333333333333,0.7999999999999999,17.466666666666665,3.1333333333333333,0.6,7.6000000000000005,3.9333333333333336,9.666666666666666,0.06666666666666667,5.333333333333333,0.0,0.0,4.866666666666666,0.4666666666666666,0.0,5.333333333333333,5.333333333333333,0.3157894736842105,0.3636363636363636,0.44,0.75,0.20238095238095236,0.909090909090909,1.0,0.3818181818181819,0.4809160305343512,0.08333333333333315,0.30534351145038163,0.0,-0.22222222222222232,0.6403508771929826,0.11864406779661019,0.0,0.2515723270440251,0.1335559265442403
Brad Blackburn,Orthodox,No,No,No,Brad Blackburn,0.3333333333333333,0.2833333333333334,0.20000000000000004,0.0,0.6702777777777778,12.466666666666667,3.033333333333333,4.783333333333333,17.666666666666668,1.0833333333333333,1.5333333333333332,20.283333333333335,58.18333333333334,26.45,65.18333333333334,0.5666666666666668,46.23333333333333,5.716666666666666,6.233333333333333,53.46666666666667,2.3666666666666667,2.35,0.08333333333333333,0.21666666666666667,0.06666666666666667,0.08333333333333333,0.5058333333333334,9.866666666666667,4.45,2.4166666666666665,13.75,1.1833333333333333,1.8,16.733333333333334,47.68333333333334,18.466666666666665,49.56666666666666,0.9,39.583333333333336,5.3999999999999995,2.6999999999999997,42.88333333333333,2.4166666666666665,2.3833333333333333,0.6833333333333332,29.71666666666667,0.9500000000000001,0.2833333333333334,29.133333333333336,1.2333333333333334,0.5833333333333334,30.95,31.099999999999998,0.5,0.2696467195385725,0.5306122448979592,0.04545454545454546,0.33042394014962595,0.4577464788732394,0.652482269503546,0.34861071326267545,0.405778573254922,0.7592592592592593,0.7507368421052631,0.17592592592592582,0.9197530864197531,0.6793626117372716,0.5103448275862068,0.24475524475524468,0.6490737504369102,0.6274377942165434
Mostapha Al-Turk,Orthodox,No,No,No,Mostapha Al-Turk,0.0,0.0,0.0,0.0,0.1796296296296296,3.444444444444444,0.7777777777777778,2.5555555555555554,6.444444444444444,0.3333333333333333,0.0,6.777777777777778,39.44444444444444,7.111111111111111,39.77777777777778,1.0,35.22222222222222,1.5555555555555554,2.6666666666666665,39.0,0.4444444444444444,0.0,0.2222222222222222,0.5555555555555555,0.0,0.0,0.2037037037037037,11.555555555555555,2.0,1.1111111111111112,10.666666666666666,1.0,3.0,14.666666666666666,36.0,19.22222222222222,40.666666666666664,0.5555555555555555,32.44444444444444,2.3333333333333335,1.222222222222222,30.0,1.3333333333333333,4.666666666666667,0.0,20.88888888888889,0.3333333333333333,0.1111111111111111,19.333333333333332,0.3333333333333333,1.6666666666666667,21.333333333333332,21.444444444444446,0.0,0.09779179810725551,0.5000000000000001,0.0,0.16524216524216523,0.75,,0.17183098591549295,0.17877094972067037,0.0,0.6438356164383561,0.1428571428571429,0.5454545454545454,0.6444444444444445,0.25,0.3571428571428572,0.5925925925925926,0.5273224043715847
Renzo Gracie,Orthodox,No,No,No,Renzo Gracie,0.0,0.0,0.0,0.0,0.0,5.333333333333333,4.666666666666667,1.3333333333333333,9.666666666666666,1.6666666666666667,0.0,11.333333333333334,36.333333333333336,11.333333333333334,36.333333333333336,0.3333333333333333,28.666666666666668,6.0,1.6666666666666667,34.333333333333336,2.0,0.0,0.6666666666666666,0.0,0.0,0.0,0.5777777777777778,10.666666666666666,2.0,10.666666666666666,16.666666666666668,6.333333333333333,0.3333333333333333,23.333333333333332,41.0,23.666666666666668,41.333333333333336,0.3333333333333333,27.0,2.0,12.0,33.333333333333336,7.333333333333333,0.3333333333333333,0.3333333333333333,16.333333333333332,0.0,1.3333333333333333,16.666666666666668,1.0,0.0,17.666666666666668,17.666666666666668,0.0,0.18604651162790695,0.7777777777777778,0.0,0.2815533980582524,0.8333333333333334,,0.3119266055045872,0.3119266055045872,1.0,0.6049382716049383,0.0,1.0,0.5,0.13636363636363635,0.0,0.43089430894308944,0.42741935483870963
Matt Veach,Orthodox,No,No,No,Matt Veach,0.16666666666666666,0.8333333333333334,0.3333333333333333,0.0,1.0819444444444444,3.5,0.3333333333333333,0.16666666666666666,2.166666666666667,1.1666666666666667,0.6666666666666666,4.0,14.833333333333334,6.583333333333333,17.583333333333336,2.416666666666667,13.75,0.75,0.3333333333333333,10.5,2.8333333333333335,1.5,0.16666666666666666,0.0,1.0,0.41666666666666663,1.5569444444444445,17.5,2.25,0.3333333333333333,4.916666666666666,2.25,12.916666666666668,20.083333333333336,36.16666666666667,39.58333333333333,58.0,0.5833333333333333,32.5,3.0833333333333335,0.5833333333333333,13.583333333333334,4.5,18.083333333333332,0.5833333333333333,15.0,0.8333333333333334,0.25,8.666666666666668,2.25,5.166666666666667,16.083333333333336,18.416666666666664,0.3448275862068965,0.2545454545454545,0.4444444444444444,2.5000000000000004,0.20634920634920637,0.4117647058823529,0.4444444444444444,0.2696629213483146,0.37440758293838855,1.0,0.46153846153846156,0.2702702702702703,1.0,0.638036809815951,0.5,0.2857142857142856,0.4447004608294931,0.317528735632184
Caol Uno,Southpaw,No,No,Yes,Caol Uno,0.0,0.6285714285714286,0.06190476190476191,0.3057142857142857,1.4368095238095235,5.416190476190477,1.4238095238095236,3.853333333333333,6.173333333333334,1.9228571428571428,2.597142857142857,10.693333333333333,20.417142857142856,17.64190476190476,28.291428571428572,2.4952380952380953,13.734285714285715,1.7942857142857143,4.888571428571429,13.80857142857143,2.5457142857142854,4.062857142857142,0.06857142857142857,0.6009523809523809,0.21047619047619048,0.0,0.9601428571428572,7.3533333333333335,2.763809523809524,0.9295238095238096,4.892380952380952,3.9352380952380956,2.219047619047619,11.046666666666667,22.364761904761906,19.568571428571428,31.28857142857143,0.8685714285714285,18.374285714285712,2.9923809523809526,0.9980952380952381,13.085714285714285,6.14095238095238,3.138095238095238,0.2676190476190476,11.02095238095238,0.22857142857142856,0.06857142857142857,8.193333333333333,2.2057142857142855,0.919047619047619,11.318095238095239,11.72,0.25190839694656486,0.39435545385202136,0.793524416135881,0.12857977790765635,0.44706531484929996,0.7553310886644221,0.639240506329114,0.5237428864632895,0.623577728405036,0.3081140350877193,0.5998030373710672,0.07638446849140679,0.39790076335877866,0.6261280931586608,0.35918114143920576,0.2928679817905918,0.5060682195630882,0.37457766414026117
Ronys Torres,Orthodox,No,No,No,Ronys Torres,0.0,1.3333333333333333,0.16666666666666666,0.16666666666666666,1.472222222222222,3.1666666666666665,0.3333333333333333,0.8333333333333334,2.1666666666666665,1.3333333333333333,0.8333333333333334,4.333333333333333,16.5,12.666666666666666,25.666666666666668,2.8333333333333335,14.666666666666666,0.8333333333333334,1.0,11.166666666666666,3.5,1.8333333333333333,0.0,0.8333333333333334,0.0,0.3333333333333333,1.9361111111111111,7.0,1.8333333333333333,0.8333333333333334,4.5,0.5,4.666666666666667,9.666666666666666,23.0,19.666666666666668,35.166666666666664,1.0,19.5,2.5,1.0,14.5,1.1666666666666667,7.333333333333333,0.16666666666666666,12.5,0.6666666666666666,0.16666666666666666,10.0,0.6666666666666666,2.6666666666666665,13.333333333333334,15.5,0.4705882352941176,0.2159090909090909,0.39999999999999997,1.3333333333333333,0.19402985074626866,0.38095238095238093,0.4545454545454546,0.2626262626262626,0.49350649350649345,0.16666666666666663,0.641025641025641,0.2666666666666667,0.16666666666666663,0.6896551724137931,0.5714285714285714,0.36363636363636354,0.5797101449275363,0.44075829383886245
Nate Quarry,Switch,No,No,Yes,Nate Quarry,0.4055555555555555,0.03333333333333333,0.0,0.0,0.8639814814814814,9.805555555555555,2.3555555555555556,6.1499999999999995,14.31111111111111,1.5888888888888888,2.411111111111111,18.311111111111114,40.31666666666667,27.022222222222222,51.42777777777778,0.09999999999999999,30.383333333333336,3.3222222222222224,6.611111111111111,29.95555555555556,3.3222222222222224,7.038888888888889,0.3333333333333333,0.2333333333333333,0.06666666666666667,0.0,0.3264814814814815,7.333333333333333,1.4277777777777778,0.8444444444444444,7.738888888888888,1.3166666666666667,0.5499999999999999,9.605555555555556,27.833333333333332,14.072222222222223,34.08888888888889,0.5333333333333333,24.79444444444444,1.9111111111111112,1.1277777777777778,24.92222222222222,2.061111111111111,0.85,0.3,17.461111111111112,0.48333333333333334,0.2833333333333333,17.183333333333334,0.7444444444444445,0.3,18.227777777777778,20.016666666666666,0.33333333333333337,0.3227281038581093,0.7090301003344481,0.005042016806722689,0.4777448071216616,0.47826086956521735,0.3425414364640884,0.4541821689403335,0.5254402074106082,0.5625,0.7042348196280528,0.25290697674418605,0.7931034482758621,0.6894783771734285,0.36118598382749323,0.3529411764705883,0.6548902195608782,0.5871903520208605
Rob Emerson,Orthodox,No,No,No,Rob Emerson,0.10317460317460318,0.5634920634920635,0.10317460317460318,0.0,0.6347883597883598,6.111111111111111,1.142857142857143,3.5476190476190474,8.027777777777779,1.6190476190476193,1.1547619047619049,10.801587301587302,35.44047619047619,14.253968253968253,39.361111111111114,1.1706349206349207,29.94047619047619,1.5436507936507937,3.956349206349206,30.67063492063492,2.857142857142857,1.9126984126984123,0.047619047619047616,0.8015873015873015,0.28174603174603174,0.09523809523809523,1.3753968253968256,8.452380952380953,2.555555555555556,2.1865079365079363,8.03968253968254,2.2738095238095237,2.880952380952381,13.194444444444445,36.202380952380956,20.765873015873016,44.6031746031746,2.1785714285714284,30.174603174603174,3.3492063492063493,2.6785714285714284,27.015873015873016,3.51984126984127,5.666666666666667,1.3769841269841272,21.722222222222225,0.7936507936507938,0.4920634920634921,18.976190476190478,1.246031746031746,2.785714285714286,23.007936507936506,23.837301587301585,0.4813559322033898,0.20410868124585818,0.7403598971722366,0.14242728184553663,0.26174149307801786,0.5666666666666668,0.6037344398340251,0.3047810995409249,0.36213327956447217,0.6320582877959927,0.7198842714360862,0.23696682464454966,0.7007407407407407,0.7024089306698003,0.3540022547914319,0.4915966386554622,0.6355365559574702,0.5344306049822064
Lucio Linhares,Orthodox,No,No,No,Lucio Linhares,0.0,0.5,0.5,0.0,0.46249999999999997,2.75,0.0,1.25,2.0,0.0,2.0,4.0,17.75,10.0,24.0,1.0,15.25,0.0,2.5,13.0,0.0,4.75,0.25,0.25,0.75,0.75,1.6500000000000001,13.25,0.75,0.0,10.75,0.0,3.25,14.0,21.5,19.5,28.0,0.5,20.75,0.75,0.0,16.25,0.0,5.25,0.25,7.5,0.0,0.0,5.5,0.0,2.0,7.5,8.5,0.5,0.18032786885245902,,0.2,0.15384615384615385,,0.42105263157894735,0.22535211267605634,0.4166666666666667,0.5,0.3614457831325302,0.0,-inf,0.3384615384615385,,0.38095238095238093,0.34883720930232553,0.3035714285714286
Rory Markham,Orthodox,No,No,No,Rory Markham,0.3333333333333333,0.0,0.0,0.0,0.005555555555555533,2.6666666666666665,0.6666666666666666,0.3333333333333333,2.6666666666666665,1.0,0.0,3.6666666666666665,17.0,3.6666666666666665,17.0,0.0,15.333333333333334,1.0,0.6666666666666666,15.666666666666666,1.3333333333333333,0.0,0.6666666666666666,0.0,0.0,0.0,0.4388888888888889,15.333333333333334,0.6666666666666666,3.0,11.666666666666666,1.0,6.333333333333333,19.0,34.666666666666664,25.666666666666668,42.666666666666664,0.0,30.666666666666668,0.6666666666666666,3.3333333333333335,25.333333333333332,1.3333333333333333,8.0,0.0,15.333333333333334,0.0,0.3333333333333333,13.666666666666666,0.3333333333333333,1.6666666666666667,15.666666666666666,17.0,,0.17391304347826086,0.6666666666666666,0.0,0.1702127659574468,0.75,,0.2156862745098039,0.2156862745098039,,0.5,0.0,1.0,0.5394736842105263,0.25,0.20833333333333337,0.45192307692307687,0.3984374999999999
Chase Gormley,Orthodox,No,No,No,Chase Gormley,0.0,0.5,0.5,0.0,0.7416666666666667,3.0,2.0,0.0,1.5,1.0,2.5,5.0,14.5,6.0,17.0,1.5,11.0,3.5,0.0,5.5,1.5,7.5,0.5,0.5,1.5,0.5,0.5833333333333334,16.0,0.0,2.5,7.0,5.5,6.0,18.5,26.0,31.0,41.0,0.5,23.5,0.0,2.5,10.5,8.0,7.5,0.0,7.5,0.0,0.0,3.5,2.5,1.5,7.5,10.0,0.3333333333333333,0.2727272727272727,0.5714285714285714,inf,0.2727272727272727,0.6666666666666666,0.3333333333333333,0.3448275862068966,0.35294117647058826,0.0,0.3191489361702128,,0.8,0.33333333333333337,0.3125,0.19999999999999996,0.28846153846153844,0.24390243902439024
Paul Buentello,Orthodox,No,No,Yes,Paul Buentello,0.2222222222222222,0.05555555555555555,0.16666666666666666,0.05555555555555555,0.39074074074074067,7.722222222222221,2.277777777777778,0.7777777777777777,5.444444444444444,4.111111111111112,1.222222222222222,10.777777777777779,24.611111111111114,13.555555555555557,27.722222222222225,0.1111111111111111,21.0,2.722222222222222,0.888888888888889,15.611111111111112,7.222222222222221,1.777777777777778,0.05555555555555555,0.9444444444444443,0.1111111111111111,0.0,1.5435185185185185,7.0555555555555545,4.222222222222222,4.777777777777778,7.5555555555555545,5.4444444444444455,3.0555555555555554,16.055555555555554,31.944444444444443,28.666666666666668,45.833333333333336,1.1666666666666667,21.055555555555557,5.166666666666667,5.722222222222221,19.055555555555557,9.055555555555555,3.8333333333333335,0.2222222222222222,14.0,0.9444444444444443,0.9444444444444445,11.5,3.6111111111111107,0.7777777777777777,15.888888888888888,17.166666666666668,0.5,0.3677248677248677,0.8367346938775513,0.06249999999999999,0.34875444839857644,0.5692307692307693,0.6874999999999999,0.43792325056433407,0.48897795591182364,0.1904761904761907,0.6649076517150396,0.18279569892473124,0.8349514563106796,0.6034985422740526,0.39877300613496924,0.2028985507246378,0.4973913043478261,0.3745454545454545
Shannon Gugerty,Orthodox,No,No,No,Shannon Gugerty,0.0,0.6,0.6222222222222222,0.0,1.5477777777777775,1.111111111111111,1.8,1.8,3.3333333333333335,0.9777777777777779,0.39999999999999997,4.711111111111111,10.71111111111111,10.533333333333333,17.066666666666666,2.1777777777777776,6.222222222222222,2.2444444444444445,2.2444444444444445,8.6,1.511111111111111,0.6,0.06666666666666667,0.17777777777777778,1.0222222222222221,0.3333333333333333,1.062962962962963,2.288888888888889,1.6666666666666667,2.1777777777777776,2.3111111111111113,2.577777777777778,1.2444444444444445,6.133333333333333,14.97777777777778,21.155555555555555,31.333333333333332,0.39999999999999997,9.488888888888889,2.8666666666666667,2.6222222222222222,9.377777777777778,3.733333333333333,1.8666666666666665,0.2222222222222222,7.2,1.2,0.4444444444444444,7.066666666666666,1.1555555555555557,0.6222222222222222,8.844444444444443,10.177777777777777,0.2755102040816327,0.17857142857142855,0.801980198019802,0.26732673267326734,0.3875968992248062,0.6470588235294118,0.6666666666666666,0.4398340248962656,0.6171875,0.5555555555555556,0.7587822014051522,0.41860465116279066,0.9322033898305084,0.7535545023696683,0.3095238095238094,0.33333333333333326,0.5905044510385757,0.324822695035461
Rolles Gracie,Orthodox,No,No,No,Rolles Gracie,0.0,0.5,0.0,0.0,0.85,6.0,1.5,0.0,4.5,2.5,0.5,7.5,23.0,10.0,26.0,5.0,20.5,2.0,0.5,18.0,4.0,1.0,0.0,0.0,0.0,0.0,0.7,11.0,0.0,0.0,5.0,0.5,5.5,11.0,24.5,30.0,45.5,0.0,24.5,0.0,0.0,15.5,1.5,7.5,0.0,13.5,0.0,0.0,10.5,1.0,2.0,13.5,15.5,0.1,0.2926829268292683,0.75,1.0,0.25,0.625,0.5,0.32608695652173914,0.38461538461538464,,0.5510204081632653,,,0.6774193548387097,0.6666666666666667,0.2666666666666667,0.5510204081632653,0.34065934065934067
Justin Buchholz,Orthodox,No,No,No,Justin Buchholz,0.06666666666666667,0.0,0.2222222222222222,0.2222222222222222,0.6988888888888889,6.466666666666666,1.4666666666666668,0.8888888888888888,5.822222222222223,2.1999999999999997,0.7999999999999999,8.822222222222223,32.644444444444446,12.511111111111111,37.77777777777778,0.1111111111111111,28.555555555555557,2.1777777777777776,1.9111111111111112,24.844444444444445,4.688888888888889,3.111111111111111,0.13333333333333333,1.0222222222222221,0.4444444444444444,0.17777777777777778,1.4762962962962962,13.644444444444446,2.4,2.288888888888889,11.688888888888888,2.8444444444444446,3.8000000000000003,18.333333333333332,35.53333333333333,39.17777777777778,57.97777777777778,1.5333333333333332,29.333333333333332,3.777777777777778,2.422222222222222,24.88888888888889,5.266666666666667,5.377777777777777,0.5111111111111111,15.688888888888888,1.3777777777777775,0.13333333333333333,13.200000000000001,2.422222222222222,1.5777777777777777,17.2,18.8,0.0,0.22645914396887157,0.6734693877551021,0.0,0.23434704830053668,0.46919431279620843,0.2571428571428571,0.2702518720217835,0.3311764705882353,0.33333333333333337,0.5348484848484848,0.3647058823529412,0.5779816513761468,0.530357142857143,0.4599156118143459,0.293388429752066,0.48405253283302063,0.32426216941356845
Frank Trigg,Southpaw,No,No,Yes,Frank Trigg,0.07142857142857142,0.14285714285714285,0.14285714285714285,0.07142857142857142,1.525,11.357142857142858,1.5714285714285714,0.07142857142857142,3.142857142857143,1.5,8.357142857142858,13.0,21.92857142857143,24.5,34.07142857142857,0.21428571428571427,19.285714285714285,2.5,0.14285714285714285,8.785714285714285,2.5,10.642857142857142,0.14285714285714285,0.21428571428571427,0.6428571428571429,0.14285714285714285,0.6285714285714284,3.7142857142857144,0.42857142857142855,0.8571428571428572,1.3571428571428572,0.7142857142857143,2.9285714285714284,5.0,12.785714285714286,7.642857142857143,15.428571428571429,2.2142857142857144,10.785714285714285,1.1428571428571428,0.8571428571428572,7.642857142857143,1.6428571428571428,3.5,2.0,7.071428571428571,0.7142857142857143,0.0,6.285714285714286,0.9285714285714286,0.5714285714285714,7.785714285714286,7.785714285714286,0.6666666666666666,0.5888888888888889,0.6285714285714286,1.0,0.3577235772357724,0.6,0.7852348993288591,0.5928338762214983,0.7190775681341719,0.9032258064516129,0.6556291390728477,0.625,0.75,0.822429906542056,0.5652173913043478,0.16326530612244905,0.6089385474860336,0.5046296296296295
Mark Coleman,Orthodox,No,No,No,Mark Coleman,0.0,1.222222222222222,0.0,0.0,2.138888888888889,6.5,1.0,0.2222222222222222,3.0555555555555554,0.9444444444444443,3.7222222222222228,7.722222222222222,15.833333333333334,19.722222222222225,29.444444444444443,2.222222222222222,14.5,1.111111111111111,0.2222222222222222,9.166666666666666,1.1666666666666667,5.5,0.27777777777777773,0.2222222222222222,0.7222222222222222,0.16666666666666666,1.136111111111111,11.611111111111112,3.055555555555556,1.111111111111111,7.444444444444444,4.5,3.8333333333333335,15.777777777777777,27.666666666666668,28.666666666666668,41.111111111111114,0.38888888888888884,22.5,3.6666666666666665,1.5,16.055555555555557,6.333333333333333,5.277777777777778,0.16666666666666666,10.888888888888888,0.611111111111111,0.38888888888888884,8.611111111111112,1.8333333333333333,1.4444444444444446,11.888888888888888,12.444444444444443,0.55,0.4482758620689655,0.9000000000000001,5.5,0.3333333333333333,0.8095238095238093,0.6767676767676769,0.487719298245614,0.6698113207547172,0.4285714285714285,0.4839506172839505,0.16666666666666652,0.8518518518518519,0.536332179930796,0.2894736842105263,0.27368421052631575,0.42971887550200805,0.3027027027027027
Jay Silva,Southpaw,No,No,No,Jay Silva,0.0,0.0,0.3333333333333333,0.16666666666666666,0.35000000000000003,4.5,1.1666666666666667,0.0,4.0,1.1666666666666667,0.5,5.666666666666667,16.333333333333332,15.5,27.5,0.3333333333333333,14.666666666666666,1.6666666666666667,0.0,12.5,3.1666666666666665,0.6666666666666666,0.0,1.3333333333333333,0.6666666666666666,0.0,3.486111111111111,11.333333333333334,2.8333333333333335,1.1666666666666667,2.5,2.3333333333333335,10.5,15.333333333333334,25.666666666666668,41.333333333333336,55.5,2.1666666666666665,20.166666666666668,3.5,2.0,6.5,3.1666666666666665,16.0,0.8333333333333334,8.833333333333334,0.6666666666666666,0.8333333333333334,4.0,0.8333333333333334,5.5,10.333333333333334,14.166666666666666,0.0,0.3068181818181818,0.7000000000000001,,0.32,0.368421052631579,0.75,0.34693877551020413,0.5636363636363636,0.3846153846153846,0.4380165289256198,0.19047619047619047,0.33333333333333337,0.6153846153846154,0.26315789473684204,0.34375,0.4025974025974026,0.25525525525525516
Kyle Bradley,Orthodox,No,No,No,Kyle Bradley,0.0,0.08333333333333333,0.0,0.0,0.1347222222222222,2.0833333333333335,2.4166666666666665,0.9166666666666666,4.083333333333333,1.0833333333333333,0.25,5.416666666666667,13.666666666666666,7.416666666666667,16.0,0.16666666666666666,9.583333333333334,2.8333333333333335,1.25,11.833333333333334,1.1666666666666667,0.6666666666666666,0.08333333333333333,1.25,0.6666666666666666,0.0,1.9875,10.916666666666666,0.3333333333333333,1.0,3.6666666666666665,1.0,7.583333333333333,12.25,27.833333333333332,25.0,43.833333333333336,2.1666666666666665,25.416666666666668,0.6666666666666666,1.75,12.916666666666666,1.0833333333333333,13.833333333333334,0.9166666666666666,14.5,0.3333333333333333,0.75,9.25,0.08333333333333333,6.25,15.583333333333334,18.833333333333332,0.5,0.21739130434782608,0.8529411764705881,0.06666666666666667,0.34507042253521125,0.9285714285714285,0.375,0.39634146341463417,0.4635416666666667,0.423076923076923,0.5704918032786885,0.5,0.2857142857142857,0.7161290322580645,0.07692307692307687,0.4518072289156627,0.5598802395209581,0.4296577946768061
Wilson Gouveia,Orthodox,No,No,No,Wilson Gouveia,0.17777777777777778,0.13333333333333333,0.37777777777777777,0.0,0.29648148148148146,7.111111111111111,0.4666666666666666,3.055555555555556,8.488888888888889,0.6333333333333333,1.511111111111111,10.633333333333333,28.45555555555556,12.966666666666667,30.95555555555556,0.19999999999999998,24.255555555555556,0.5,3.6999999999999997,24.42222222222222,1.2666666666666666,2.766666666666667,0.25555555555555554,0.4666666666666666,0.05555555555555555,0.03333333333333333,0.7998148148148149,11.333333333333334,2.077777777777778,4.188888888888889,12.02222222222222,1.8777777777777775,3.6999999999999997,17.599999999999998,40.87777777777777,21.188888888888886,45.36666666666667,1.2555555555555555,33.74444444444445,2.411111111111111,4.722222222222222,30.51111111111111,2.6999999999999997,7.666666666666667,0.7888888888888889,22.41111111111111,0.3333333333333333,0.5333333333333333,18.48888888888889,0.8222222222222223,3.966666666666667,23.277777777777782,24.177777777777777,0.6666666666666667,0.293174530462666,0.9333333333333332,0.036036036036036036,0.3475887170154686,0.5,0.5461847389558232,0.37368215540804367,0.4188801148600143,0.6283185840707965,0.664142245637142,0.13824884792626713,0.9011764705882352,0.605972323379461,0.3045267489711935,0.5173913043478262,0.569448219624898,0.532941464609356
Shane Nelson,Southpaw,No,No,No,Shane Nelson,0.08333333333333333,0.4166666666666667,0.5555555555555555,0.0,0.9143518518518517,3.8333333333333335,1.9166666666666667,0.3611111111111111,3.5,1.4166666666666667,1.1944444444444444,6.111111111111111,20.055555555555554,19.77777777777778,34.80555555555555,2.25,16.916666666666668,2.527777777777778,0.611111111111111,14.333333333333334,3.0555555555555554,2.6666666666666665,0.0,0.5555555555555555,0.0,0.0,1.8592592592592592,7.888888888888889,3.138888888888889,1.861111111111111,5.055555555555555,4.583333333333333,3.25,12.888888888888888,33.916666666666664,34.75,58.27777777777778,1.111111111111111,26.805555555555557,4.638888888888888,2.4722222222222223,19.13888888888889,8.111111111111112,6.666666666666667,0.5555555555555555,18.916666666666668,1.5,0.611111111111111,14.083333333333334,3.527777777777778,3.4166666666666665,21.027777777777775,23.527777777777775,0.1851851851851852,0.22660098522167488,0.7582417582417582,0.6818181818181819,0.2441860465116279,0.4636363636363637,0.4479166666666667,0.30470914127423826,0.5682362330407025,0.5,0.705699481865285,0.32335329341317354,0.7752808988764045,0.7358490566037736,0.43493150684931525,0.5125,0.61998361998362,0.40371782650142995
Kevin Burns,Orthodox,No,No,No,Kevin Burns,0.13333333333333333,0.08333333333333333,0.2333333333333333,0.0,0.16305555555555554,5.605555555555555,2.327777777777778,3.7055555555555557,8.933333333333334,1.761111111111111,0.9444444444444445,11.638888888888888,30.333333333333332,22.63888888888889,41.53333333333333,0.16666666666666666,22.75,3.111111111111111,4.472222222222222,26.099999999999998,2.8222222222222224,1.4111111111111112,0.17777777777777778,0.8888888888888888,0.0,0.0,1.8385185185185184,10.972222222222221,5.727777777777778,2.283333333333333,14.355555555555556,2.25,2.3777777777777778,18.983333333333334,40.28333333333333,32.08888888888889,54.666666666666664,1.6055555555555554,30.655555555555555,7.077777777777778,2.5500000000000003,32.144444444444446,3.022222222222222,5.116666666666666,0.7166666666666667,19.683333333333334,1.3499999999999999,0.26666666666666666,17.788888888888888,0.7722222222222221,2.738888888888889,21.3,22.57777777777778,0.5,0.24639804639804638,0.7482142857142857,0.018633540372670804,0.3422733077905492,0.624015748031496,0.6692913385826772,0.38369963369963367,0.5450775815944355,0.44636678200692037,0.6420804639362088,0.19073783359497654,0.6514161220043573,0.5534047701348082,0.2555147058823529,0.5352877307274702,0.5287546545304096,0.4130081300813008
Darrill Schoonover,Orthodox,No,No,No,Darrill Schoonover,0.0,0.0,0.3333333333333333,0.3333333333333333,0.7000000000000001,4.333333333333333,0.6666666666666666,0.3333333333333333,2.0,2.3333333333333335,1.0,5.333333333333333,16.0,9.0,19.666666666666668,1.0,11.666666666666666,3.0,1.3333333333333333,11.333333333333334,3.6666666666666665,1.0,0.0,0.3333333333333333,0.6666666666666666,0.6666666666666666,2.433333333333333,13.333333333333334,4.666666666666667,1.3333333333333333,5.666666666666667,3.3333333333333335,10.333333333333334,19.333333333333332,31.666666666666668,34.333333333333336,46.666666666666664,0.6666666666666666,25.0,5.0,1.6666666666666667,11.333333333333334,5.0,15.333333333333334,0.3333333333333333,11.666666666666666,0.3333333333333333,0.3333333333333333,5.666666666666667,1.6666666666666667,5.0,12.333333333333334,12.333333333333334,0.0,0.37142857142857144,0.2222222222222222,0.0,0.1764705882352941,0.6363636363636365,1.0,0.3333333333333333,0.45762711864406774,0.5,0.4666666666666667,0.06666666666666665,0.8,0.5,0.33333333333333326,0.32608695652173914,0.3894736842105264,0.26428571428571423
Justin Wren,Orthodox,No,No,No,Justin Wren,0.0,0.0,0.0,0.0,0.08888888888888886,1.6666666666666667,3.0,1.0,4.0,1.6666666666666667,0.0,5.666666666666667,53.0,5.666666666666667,53.0,0.3333333333333333,46.333333333333336,5.666666666666667,1.0,49.0,4.0,0.0,0.0,0.0,0.0,0.0,0.0,6.666666666666667,2.0,0.0,7.666666666666667,1.0,0.0,8.666666666666666,33.333333333333336,8.666666666666666,33.333333333333336,0.3333333333333333,31.0,2.3333333333333335,0.0,31.666666666666668,1.6666666666666667,0.0,0.3333333333333333,24.333333333333332,0.3333333333333333,0.0,24.0,0.6666666666666666,0.0,24.666666666666668,24.666666666666668,0.0,0.03597122302158273,0.5294117647058824,0.0,0.08163265306122448,0.4166666666666667,,0.1069182389937107,0.1069182389937107,1.0,0.7849462365591398,0.1428571428571429,,0.7578947368421053,0.4,,0.74,0.74
Houston Alexander,Orthodox,No,No,No,Houston Alexander,0.16666666666666666,0.05555555555555555,0.0,0.0,0.17685185185185182,5.5,0.3888888888888889,7.833333333333333,10.277777777777779,1.6111111111111114,1.8333333333333333,13.722222222222221,24.166666666666668,20.27777777777778,31.055555555555557,0.05555555555555555,13.444444444444445,0.5555555555555556,10.166666666666666,18.055555555555557,3.1666666666666665,2.944444444444444,0.05555555555555555,1.5,0.4444444444444444,0.05555555555555555,1.4046296296296295,9.333333333333334,1.8333333333333333,0.05555555555555555,3.6666666666666665,1.7777777777777777,5.777777777777778,11.222222222222221,22.277777777777775,16.222222222222225,27.722222222222225,1.7222222222222223,20.22222222222222,2.0,0.05555555555555555,12.055555555555557,3.1666666666666665,7.0555555555555545,0.2222222222222222,10.888888888888891,0.16666666666666666,0.0,8.388888888888888,1.388888888888889,1.277777777777778,11.055555555555555,11.5,1.0,0.40909090909090906,0.7,0.00546448087431694,0.5692307692307692,0.5087719298245615,0.6226415094339622,0.5678160919540229,0.6529516994633273,0.12903225806451613,0.5384615384615384,0.08333333333333337,-26.0,0.695852534562212,0.4385964912280702,0.1811023622047243,0.4962593516209476,0.41482965931863724
Marcus Jones,Orthodox,No,No,No,Marcus Jones,0.0,1.5,0.5,0.0,1.3416666666666668,3.0,0.5,1.5,3.0,2.0,0.0,5.0,9.5,5.0,9.5,2.0,7.0,1.0,1.5,7.0,2.5,0.0,0.5,0.0,0.0,0.0,0.5249999999999999,3.0,2.0,2.0,2.5,3.0,1.5,7.0,17.0,8.5,18.5,0.0,12.5,2.0,2.5,10.0,5.0,2.0,0.0,9.5,0.0,0.5,7.5,2.0,0.5,10.0,10.0,0.75,0.42857142857142855,0.5,1.0,0.42857142857142855,0.8,,0.5263157894736842,0.5263157894736842,,0.76,0.0,1.0,0.75,0.4,0.25,0.5882352941176471,0.5405405405405406
Brock Larson,Southpaw,No,No,No,Brock Larson,0.0,0.6666666666666666,0.5,0.0,1.4013888888888886,3.5555555555555554,0.8055555555555555,0.7222222222222222,1.777777777777778,1.8055555555555554,1.5,5.083333333333333,11.694444444444445,11.583333333333334,18.88888888888889,2.5555555555555554,9.86111111111111,1.0555555555555556,0.7777777777777778,6.25,3.138888888888889,2.305555555555556,0.0,1.0833333333333333,0.2222222222222222,0.0,1.9912037037037036,4.666666666666667,1.4166666666666667,1.6111111111111114,2.444444444444444,1.3055555555555556,3.9444444444444446,7.6944444444444455,17.583333333333332,33.44444444444445,43.72222222222222,1.8055555555555556,13.694444444444445,1.9444444444444446,1.9444444444444444,8.777777777777777,2.5,6.305555555555556,0.7222222222222223,9.027777777777777,0.5277777777777778,0.3333333333333333,6.333333333333333,1.1944444444444444,2.361111111111111,9.888888888888888,10.277777777777777,0.2608695652173913,0.36056338028169016,0.763157894736842,0.8571428571428571,0.28444444444444444,0.575221238938053,0.6506024096385542,0.43467933491686456,0.6132352941176471,0.4,0.6592292089249493,0.27142857142857146,0.44285714285714284,0.7215189873417722,0.47777777777777775,0.3744493392070485,0.5624012638230647,0.23506988564167708
Jason Dent,Orthodox,No,No,No,Jason Dent,0.0,0.0,0.5277777777777778,0.1111111111111111,0.07407407407407406,6.138888888888889,1.7777777777777777,2.055555555555556,8.0,1.1388888888888888,0.8333333333333334,9.972222222222221,24.833333333333332,30.222222222222225,47.05555555555555,0.0,19.38888888888889,3.0,2.4444444444444446,21.88888888888889,1.861111111111111,1.0833333333333333,0.0,1.6111111111111114,0.3055555555555555,0.1111111111111111,3.336574074074074,15.583333333333334,2.3333333333333335,0.611111111111111,7.722222222222222,0.8888888888888888,9.916666666666666,18.52777777777778,48.666666666666664,38.25,73.27777777777777,2.222222222222222,44.361111111111114,3.3611111111111107,0.9444444444444443,27.944444444444443,1.8055555555555556,18.916666666666668,0.611111111111111,28.777777777777775,1.0277777777777777,0.3333333333333333,20.222222222222225,0.9166666666666666,9.0,30.13888888888889,35.02777777777778,,0.31661891117478513,0.5925925925925926,0.0,0.36548223350253806,0.6119402985074627,0.7692307692307693,0.4015659955257271,0.642266824085006,0.2749999999999998,0.6487163431433939,0.305785123966942,-0.7058823529411771,0.7236580516898607,0.5076923076923077,0.4757709251101322,0.6192922374429224,0.47801364670204693
Jake Rosholt,Orthodox,No,No,No,Jake Rosholt,0.0,1.2222222222222223,0.4444444444444444,0.0,0.9796296296296297,4.666666666666667,0.2222222222222222,0.888888888888889,2.222222222222222,0.7777777777777777,2.7777777777777772,5.777777777777778,11.333333333333334,10.888888888888888,16.777777777777775,1.5555555555555554,10.0,0.3333333333333333,1.0,5.777777777777778,1.3333333333333333,4.222222222222222,0.0,0.2222222222222222,0.3333333333333333,0.1111111111111111,1.1222222222222222,1.888888888888889,0.2222222222222222,1.5555555555555556,2.6666666666666665,0.3333333333333333,0.6666666666666666,3.6666666666666665,11.0,22.777777777777782,32.11111111111111,0.2222222222222222,8.111111111111112,0.5555555555555555,2.3333333333333335,9.666666666666666,0.3333333333333333,1.0,0.0,6.222222222222222,0.3333333333333333,0.7777777777777777,7.0,0.0,0.3333333333333333,7.333333333333333,9.333333333333334,0.7857142857142859,0.4666666666666667,0.6666666666666666,1.2222222222222223,0.3846153846153846,0.5833333333333333,0.6578947368421051,0.5098039215686274,0.6490066225165563,0.0,0.7671232876712328,0.6,0.9047619047619048,0.7241379310344828,0.0,0.33333333333333337,0.6666666666666667,0.2906574394463666
Rolando Delgado,Orthodox,No,No,No,Rolando Delgado,0.1111111111111111,0.3333333333333333,1.0555555555555556,0.1111111111111111,1.1249999999999998,2.611111111111111,2.1666666666666665,0.5555555555555555,3.555555555555556,0.8333333333333334,0.9444444444444445,5.333333333333333,13.777777777777777,12.666666666666666,21.888888888888886,1.8888888888888886,9.055555555555555,3.7222222222222228,1.0,10.777777777777777,1.7222222222222223,1.277777777777778,0.2222222222222222,0.3333333333333333,0.6666666666666666,0.27777777777777773,1.8546296296296296,8.222222222222221,0.8888888888888888,1.0555555555555556,1.9444444444444446,0.2222222222222222,8.0,10.166666666666666,24.166666666666668,24.666666666666668,39.38888888888889,0.3333333333333333,21.666666666666668,1.3333333333333333,1.1666666666666667,11.0,0.5555555555555555,12.611111111111112,0.0,13.444444444444445,0.4444444444444444,0.1111111111111111,9.055555555555555,0.3333333333333333,4.611111111111111,14.0,14.722222222222221,0.17647058823529413,0.2883435582822086,0.5820895522388059,0.3333333333333333,0.3298969072164949,0.4838709677419355,0.7391304347826086,0.3870967741935484,0.5786802030456853,0.0,0.6205128205128205,0.33333333333333337,0.7142857142857143,0.8232323232323232,0.6,0.36563876651982385,0.5793103448275863,0.37376586741889994
Denis Kang,Orthodox,No,No,No,Denis Kang,0.1111111111111111,1.3333333333333333,0.2222222222222222,0.0,2.679629629629629,6.666666666666667,2.111111111111111,0.3333333333333333,3.8888888888888893,0.6666666666666666,4.555555555555555,9.11111111111111,21.444444444444443,30.222222222222225,43.888888888888886,1.7777777777777777,18.0,2.888888888888889,0.5555555555555555,13.222222222222221,1.6666666666666667,6.555555555555556,0.0,0.3333333333333333,0.2222222222222222,0.3333333333333333,0.22777777777777777,3.888888888888889,2.3333333333333335,1.0,4.444444444444445,0.7777777777777778,2.0,7.222222222222221,19.77777777777778,11.222222222222221,24.222222222222218,0.3333333333333333,15.555555555555557,3.1111111111111107,1.1111111111111112,13.222222222222221,1.3333333333333333,5.222222222222222,0.0,11.666666666666666,0.7777777777777777,0.1111111111111111,8.777777777777779,0.5555555555555555,3.222222222222222,12.555555555555555,13.0,0.75,0.3703703703703704,0.7307692307692308,2.4000000000000004,0.2941176470588236,0.39999999999999997,0.6949152542372881,0.42487046632124353,0.688607594936709,0.0,0.75,0.2499999999999999,0.7,0.6638655462184874,0.41666666666666663,0.6170212765957447,0.6348314606741574,0.536697247706422
Razak Al-Hassan,Orthodox,No,No,No,Razak Al-Hassan,0.0,0.16666666666666666,0.0,0.3333333333333333,1.2666666666666666,4.833333333333333,2.5,4.0,9.5,1.8333333333333333,0.0,11.333333333333334,32.5,15.666666666666666,36.833333333333336,1.3333333333333333,22.333333333333332,4.5,5.666666666666667,26.666666666666668,5.5,0.3333333333333333,0.0,0.6666666666666666,0.16666666666666666,0.0,1.4444444444444446,3.5,2.6666666666666665,3.5,6.666666666666667,1.8333333333333333,1.1666666666666667,9.666666666666666,33.333333333333336,20.5,44.166666666666664,2.0,23.166666666666668,4.166666666666667,6.0,28.166666666666668,3.3333333333333335,1.8333333333333333,1.3333333333333333,19.666666666666668,1.5,2.5,21.5,1.5,0.6666666666666666,23.666666666666668,23.666666666666668,0.125,0.21641791044776118,0.5555555555555556,0.02941176470588235,0.35625,0.3333333333333333,0.0,0.34871794871794876,0.42533936651583704,0.6666666666666667,0.8489208633093526,0.3600000000000001,0.8888888888888888,0.7633136094674556,0.45000000000000007,0.36363636363636354,0.71,0.5358490566037736
Antoni Hardonk,Orthodox,No,No,No,Antoni Hardonk,0.15,0.0,0.125,0.06666666666666667,0.1348611111111111,7.191666666666666,2.3249999999999997,2.891666666666667,4.491666666666666,6.25,1.6666666666666667,12.408333333333333,19.525000000000002,16.941666666666666,24.3,0.10833333333333334,13.483333333333334,2.725,3.3166666666666664,9.375,8.35,1.8,0.17500000000000002,0.8666666666666667,0.041666666666666664,0.0,2.80875,6.741666666666667,0.9249999999999999,1.7083333333333333,3.9333333333333336,1.9416666666666667,3.5,9.375,17.099999999999998,23.825,37.15,1.5166666666666666,14.091666666666667,1.0916666666666666,1.9166666666666667,8.333333333333334,2.5416666666666665,6.2250000000000005,0.65,7.3500000000000005,0.16666666666666666,0.20833333333333334,4.3999999999999995,0.6,2.725,7.7250000000000005,13.325000000000001,0.0,0.5333745364647713,0.8532110091743118,0.0,0.47911111111111104,0.7485029940119761,0.9259259259259259,0.635510029876227,0.6971879286694102,0.4285714285714285,0.5215848610289768,0.15267175572519087,0.5478260869565217,0.528,0.23606557377049175,0.43775100401606426,0.45175438596491224,0.3586810228802153
Drew McFedries,Southpaw,No,No,No,Drew McFedries,0.3333333333333333,0.1111111111111111,0.05555555555555555,0.0,0.0574074074074074,4.666666666666667,0.7222222222222222,0.6111111111111112,3.1666666666666665,1.4444444444444444,1.3888888888888888,6.0,12.166666666666666,6.888888888888889,13.055555555555555,0.1111111111111111,10.555555555555555,0.8333333333333334,0.7777777777777778,8.166666666666668,2.2222222222222223,1.7777777777777777,0.05555555555555555,0.8333333333333333,0.6666666666666666,0.0,0.799074074074074,5.611111111111111,0.6111111111111112,0.4444444444444444,4.222222222222222,1.7222222222222223,0.7222222222222222,6.666666666666667,14.777777777777779,8.666666666666668,17.11111111111111,1.7777777777777777,13.277777777777779,1.0,0.5,10.61111111111111,3.1666666666666665,1.0,0.9444444444444444,7.666666666666667,0.3888888888888889,0.05555555555555555,6.388888888888889,1.4444444444444444,0.2777777777777778,8.11111111111111,8.444444444444445,1.0,0.4421052631578948,0.8666666666666666,0.14285714285714285,0.38775510204081626,0.6499999999999999,0.78125,0.4931506849315069,0.5276595744680851,0.53125,0.5774058577405858,0.38888888888888884,-0.6666666666666665,0.6020942408376964,0.45614035087719296,0.2777777777777778,0.5488721804511278,0.49350649350649345
Hermes Franca,Orthodox,No,No,Yes,Hermes Franca,0.07954545454545454,0.30454545454545456,0.46590909090909094,0.09772727272727273,0.3756060606060606,3.8227272727272728,0.4795454545454546,1.134090909090909,3.8227272727272728,1.018181818181818,0.5954545454545455,5.436363636363636,15.695454545454547,17.5,28.622727272727275,0.8181818181818181,13.51590909090909,0.6318181818181818,1.5477272727272726,12.238636363636363,1.8454545454545452,1.6113636363636363,0.01818181818181818,3.254545454545455,0.075,0.03636363636363636,2.8997727272727274,6.484090909090909,1.9636363636363636,2.268181818181818,4.013636363636364,0.909090909090909,5.793181818181818,10.71590909090909,22.211363636363636,30.247727272727275,43.07954545454545,4.343181818181818,17.384090909090908,2.2,2.6272727272727274,11.952272727272726,1.390909090909091,8.868181818181819,1.0886363636363636,10.9,0.2363636363636364,0.35909090909090907,7.938636363636363,0.4818181818181818,3.075,11.495454545454546,12.831818181818182,0.3722222222222223,0.2828316798385741,0.7589928057553957,0.19676945668135098,0.3123491179201486,0.5517241379310345,0.36953455571227084,0.34636547929336803,0.6114022550420835,0.25065410779696484,0.6270100666753824,0.1074380165289257,-0.23875432525951568,0.6641947138239208,0.34640522875817015,0.3467452588416198,0.5175483474879772,0.29786336059087304
Roger Huerta,Orthodox,No,No,No,Roger Huerta,0.0,0.6190476190476191,0.13888888888888887,0.2341269841269841,1.6259589947089947,12.30952380952381,2.0376984126984126,1.4682539682539684,7.073412698412699,1.992063492063492,6.75,15.81547619047619,43.34126984126984,29.76190476190476,61.28769841269841,1.3035714285714286,37.6984126984127,3.5317460317460316,2.111111111111111,26.972222222222225,4.027777777777778,12.341269841269842,0.047619047619047616,0.8690476190476191,0.48412698412698413,0.2400793650793651,0.9136904761904762,7.2559523809523805,1.888888888888889,0.9642857142857143,6.517857142857143,1.75,1.8412698412698412,10.109126984126984,23.303571428571427,19.226190476190478,34.61507936507937,1.8690476190476193,19.09325396825397,2.777777777777778,1.4325396825396826,17.63095238095238,2.964285714285714,2.7083333333333335,1.0,11.837301587301587,0.8888888888888888,0.4682539682539682,11.113095238095239,1.2142857142857142,0.8670634920634921,13.194444444444445,15.388888888888888,0.4748858447488585,0.32652631578947366,0.5769662921348314,0.2932330827067669,0.26224805061056344,0.49458128078817737,0.5469453376205787,0.3649056949276689,0.4856097639936547,0.5350318471337581,0.6199729813987322,0.32000000000000006,0.39335180055401664,0.6303173531397703,0.40963855421686746,0.32014652014652023,0.5661983822903363,0.44457182162100195
Chris Wilson,Orthodox,No,No,No,Chris Wilson,0.25,0.4166666666666667,0.5,0.08333333333333333,1.1375,5.416666666666667,4.333333333333333,1.3333333333333333,5.833333333333333,2.1666666666666665,3.0833333333333335,11.083333333333334,21.75,19.75,31.25,0.8333333333333334,13.083333333333334,6.666666666666667,2.0,14.416666666666666,3.4166666666666665,3.9166666666666665,0.0,1.1666666666666667,0.3333333333333333,0.08333333333333333,1.7819444444444443,3.5,1.1666666666666667,1.8333333333333333,3.4166666666666665,0.25,2.8333333333333335,6.5,14.666666666666666,26.083333333333332,35.666666666666664,2.9166666666666665,10.416666666666666,1.5,2.75,10.333333333333334,0.6666666666666666,3.6666666666666665,1.75,6.916666666666667,0.3333333333333333,0.9166666666666666,6.916666666666667,0.4166666666666667,0.8333333333333334,8.166666666666666,9.583333333333334,0.5,0.4140127388535032,0.6499999999999999,0.20833333333333334,0.4046242774566474,0.6341463414634146,0.7872340425531915,0.5095785440613028,0.632,0.6,0.6639999999999999,0.2222222222222222,0.5757575757575757,0.6693548387096775,0.625,0.22727272727272718,0.5568181818181819,0.26869158878504673
Marcus Aurelio,Orthodox,No,No,No,Marcus Aurelio,0.05555555555555555,0.38888888888888884,0.2222222222222222,0.0,0.6824074074074075,9.305555555555555,0.9722222222222223,0.611111111111111,8.472222222222223,1.1388888888888888,1.277777777777778,10.888888888888888,33.0,19.527777777777775,42.0,2.694444444444444,31.305555555555557,1.0833333333333333,0.611111111111111,29.222222222222225,1.9722222222222223,1.8055555555555554,0.19444444444444442,0.3055555555555555,0.0,0.0,0.8305555555555554,11.388888888888888,2.5555555555555554,5.416666666666667,15.944444444444445,1.1944444444444444,2.222222222222222,19.36111111111111,47.94444444444445,27.083333333333332,55.77777777777778,0.4444444444444444,36.36111111111111,4.694444444444445,6.888888888888889,42.166666666666664,2.055555555555556,3.7222222222222228,0.13888888888888887,24.972222222222225,2.138888888888889,1.4722222222222223,26.222222222222225,0.8611111111111112,1.5,28.583333333333332,28.694444444444443,0.14432989690721648,0.2972493345164152,0.8974358974358976,0.6363636363636364,0.2899239543726236,0.5774647887323943,0.7076923076923078,0.3299663299663299,0.4649470899470899,0.3125,0.6867838044308632,0.45562130177514804,0.9556451612903226,0.621870882740448,0.41891891891891897,0.40298507462686584,0.5961761297798378,0.5144422310756973
Justin McCully,Orthodox,No,No,No,Justin McCully,0.1111111111111111,0.4166666666666667,0.0,0.08333333333333333,2.0652777777777778,5.916666666666667,0.3611111111111111,1.25,3.472222222222222,2.305555555555556,1.75,7.527777777777779,20.11111111111111,23.583333333333332,38.69444444444445,0.8888888888888888,17.0,0.6944444444444443,2.4166666666666665,12.388888888888888,3.8888888888888893,3.8333333333333335,0.08333333333333333,0.8888888888888888,0.38888888888888884,0.08333333333333333,1.4898148148148147,5.527777777777779,3.027777777777778,0.75,2.638888888888889,4.527777777777778,2.138888888888889,9.305555555555555,17.916666666666668,24.5,34.75,1.638888888888889,13.833333333333334,3.3333333333333335,0.75,8.166666666666666,6.527777777777779,3.222222222222222,0.75,8.305555555555555,0.3055555555555555,0.0,5.527777777777779,2.0,1.0833333333333333,8.611111111111112,10.25,0.46875000000000006,0.34803921568627455,0.5200000000000001,0.1724137931034483,0.2802690582959641,0.5928571428571429,0.45652173913043476,0.37430939226519344,0.6094759511844938,0.4576271186440679,0.6004016064257027,0.09166666666666656,-0.18518518518518512,0.6768707482993197,0.30638297872340436,0.3362068965517241,0.48062015503875977,0.29496402877697847
Danillo Villefort,Orthodox,No,No,No,Danillo Villefort,0.0,0.3333333333333333,0.3333333333333333,0.0,0.3444444444444444,6.0,4.0,4.333333333333333,10.0,1.3333333333333333,3.0,14.333333333333334,38.0,15.333333333333334,39.333333333333336,0.6666666666666666,26.666666666666668,6.333333333333333,5.0,30.666666666666668,3.6666666666666665,3.6666666666666665,0.0,0.3333333333333333,0.0,0.0,0.37222222222222223,8.0,3.6666666666666665,0.6666666666666666,8.0,1.6666666666666667,2.6666666666666665,12.333333333333334,38.0,13.0,40.333333333333336,0.6666666666666666,31.333333333333332,6.0,0.6666666666666666,31.0,3.0,4.0,0.3333333333333333,23.333333333333332,2.3333333333333335,0.0,23.0,1.3333333333333333,1.3333333333333333,25.666666666666668,27.333333333333332,0.5,0.22499999999999998,0.6315789473684211,0.06666666666666667,0.32608695652173914,0.36363636363636365,0.8181818181818182,0.37719298245614036,0.3898305084745763,0.5,0.7446808510638298,0.38888888888888895,0.5,0.7419354838709677,0.4444444444444444,0.33333333333333337,0.6754385964912281,0.6776859504132231
Dan Cramer,Orthodox,No,No,No,Dan Cramer,0.0,0.0,0.16666666666666666,0.3333333333333333,2.0833333333333335,4.333333333333333,0.3333333333333333,0.16666666666666666,0.5,0.5,3.8333333333333335,4.833333333333333,16.0,8.0,20.5,0.3333333333333333,15.5,0.3333333333333333,0.16666666666666666,3.6666666666666665,0.6666666666666666,11.666666666666666,0.0,0.6666666666666666,1.1666666666666667,0.16666666666666666,2.4194444444444443,6.5,3.0,1.0,1.0,1.5,8.0,10.5,15.333333333333334,55.0,64.33333333333333,2.0,11.0,3.3333333333333335,1.0,3.6666666666666665,2.5,9.166666666666666,1.3333333333333333,4.5,0.3333333333333333,0.0,2.6666666666666665,1.0,1.1666666666666667,4.833333333333333,9.333333333333334,0.0,0.27956989247311825,1.0,0.0,0.13636363636363638,0.75,0.3285714285714286,0.3020833333333333,0.3902439024390244,0.6666666666666667,0.40909090909090906,0.10000000000000009,0.33333333333333337,0.7272727272727273,0.4,0.1272727272727272,0.3152173913043479,0.14507772020725385
Jake O'Brien,Orthodox,No,No,No,Jake O'Brien,0.047619047619047616,2.142857142857143,0.1111111111111111,0.10317460317460318,2.274867724867725,4.992063492063492,0.21428571428571427,0.0,2.055555555555556,0.29365079365079366,2.857142857142857,5.2063492063492065,16.78571428571429,20.341269841269842,33.214285714285715,3.5,16.571428571428573,0.21428571428571427,0.0,10.484126984126984,0.5873015873015873,5.714285714285714,0.047619047619047616,0.15873015873015872,0.16666666666666666,0.0,0.32169312169312164,5.5555555555555545,0.9444444444444445,2.2539682539682544,6.198412698412699,0.35714285714285715,2.198412698412698,8.753968253968255,29.484126984126984,19.396825396825395,41.15873015873016,0.20634920634920637,24.674603174603174,1.7142857142857144,3.095238095238095,25.57936507936508,1.103174603174603,2.801587301587302,0.047619047619047616,19.11904761904762,0.7698412698412698,0.8412698412698413,19.38095238095238,0.746031746031746,0.6031746031746031,20.73015873015873,21.76190476190476,0.6122448979591837,0.30124521072796934,1.0,inf,0.19606358819076458,0.5,0.5,0.3101654846335697,0.6124253285543608,0.23076923076923084,0.7748472177549052,0.44907407407407407,0.9487179487179487,0.757679180887372,0.6762589928057554,0.21529745042492932,0.7030955585464334,0.5287311993829542
Cameron Dollar,Orthodox,No,No,No,Cameron Dollar,0.0,0.0,0.0,0.0,0.0833333333333333,18.0,6.0,0.0,24.0,0.0,0.0,24.0,63.0,24.0,63.0,1.0,56.0,7.0,0.0,61.0,2.0,0.0,0.0,0.0,1.0,0.0,0.5,4.0,3.0,7.0,13.0,1.0,0.0,14.0,36.0,14.0,36.0,0.0,25.0,3.0,8.0,33.0,3.0,0.0,0.0,21.0,0.0,1.0,20.0,2.0,0.0,22.0,22.0,0.0,0.32142857142857145,0.8571428571428571,,0.39344262295081966,0.0,,0.38095238095238093,0.38095238095238093,,0.84,0.0,1.0,0.6060606060606061,0.6666666666666667,,0.6111111111111112,0.6111111111111112
Frank Lester,Orthodox,No,No,No,Frank Lester,0.0,0.0,0.0,0.0,0.0666666666666666,1.0,3.0,4.0,2.0,6.0,0.0,8.0,22.0,10.0,24.0,2.0,9.0,6.0,7.0,10.0,12.0,0.0,0.0,1.0,1.0,0.0,2.333333333333333,3.0,3.0,8.0,1.0,13.0,0.0,14.0,30.0,17.0,33.0,1.0,13.0,7.0,10.0,9.0,20.0,1.0,0.0,10.0,4.0,2.0,8.0,7.0,1.0,16.0,16.0,0.0,0.1111111111111111,0.5,0.0,0.2,0.5,,0.36363636363636365,0.4166666666666667,0.0,0.7692307692307692,0.5714285714285714,0.9,0.8888888888888888,0.35,1.0,0.5333333333333333,0.48484848484848486
Mike Ciesnolevicz,Orthodox,No,No,No,Mike Ciesnolevicz,0.0,0.0,1.0,0.0,0.0,1.5,0.0,0.0,1.5,0.0,0.0,1.5,3.0,1.5,3.0,1.0,3.0,0.0,0.0,3.0,0.0,0.0,0.5,2.0,0.5,0.0,1.5416666666666667,13.0,0.0,0.5,3.0,4.5,6.0,13.5,32.0,19.5,39.0,2.5,31.5,0.0,0.5,12.5,10.0,9.5,0.5,18.5,0.0,0.0,9.5,5.5,3.5,18.5,19.5,0.0,0.5,,,0.5,,,0.5,0.5,0.19999999999999996,0.5873015873015873,,-3.0,0.76,0.55,0.368421052631579,0.578125,0.5
Dale Hartt,Orthodox,No,No,No,Dale Hartt,0.0,0.16666666666666666,0.3333333333333333,0.0,0.13888888888888884,0.16666666666666666,0.16666666666666666,2.666666666666667,3.0,0.0,0.0,3.0,7.333333333333333,3.8333333333333335,8.166666666666668,0.16666666666666666,3.6666666666666665,0.16666666666666666,3.5,7.166666666666667,0.16666666666666666,0.0,0.0,0.5,0.6666666666666666,0.0,1.1166666666666665,1.5,0.3333333333333333,1.3333333333333333,2.5,0.0,0.6666666666666666,3.1666666666666665,10.0,8.666666666666666,15.833333333333334,0.6666666666666666,7.166666666666667,0.5,2.333333333333333,8.333333333333332,0.0,1.6666666666666667,0.16666666666666666,5.666666666666667,0.16666666666666666,1.0,5.833333333333333,0.0,1.0,6.833333333333333,7.166666666666667,1.0,0.045454545454545456,1.0,0.047619047619047616,0.41860465116279066,0.0,,0.4090909090909091,0.4693877551020408,0.25,0.7906976744186047,0.33333333333333337,0.7857142857142857,0.7,,0.6000000000000001,0.6833333333333333,0.4526315789473685
Denis Stojnic,Orthodox,No,No,No,Denis Stojnic,0.0,0.0,0.25,0.0,1.2166666666666666,4.75,0.5,0.5,1.0,0.75,4.0,5.75,24.75,11.0,31.5,0.0,23.5,0.5,0.75,9.75,1.5,13.5,0.0,0.25,1.75,0.25,1.4,12.0,5.0,6.0,8.25,12.25,2.5,23.0,36.5,40.25,56.5,1.25,24.75,5.75,6.0,18.0,15.5,3.0,1.0,12.75,0.75,0.0,9.75,3.25,0.5,13.5,16.25,,0.20212765957446807,1.0,0.0,0.10256410256410256,0.5,0.2962962962962963,0.23232323232323232,0.3492063492063492,0.8,0.5151515151515151,0.13043478260869568,0.9583333333333334,0.5416666666666667,0.20967741935483875,0.16666666666666663,0.36986301369863017,0.28761061946902655
Xavier Foupa-Pokam,Switch,No,No,No,Xavier Foupa-Pokam,0.0,0.0,0.0,0.3333333333333333,0.03333333333333333,2.1666666666666665,3.0,0.5,4.166666666666667,1.1666666666666667,0.3333333333333333,5.666666666666667,13.0,8.166666666666666,15.5,0.0,8.666666666666666,3.6666666666666665,0.6666666666666666,10.666666666666666,1.6666666666666667,0.6666666666666666,0.3333333333333333,1.3333333333333333,0.16666666666666666,0.0,2.3916666666666666,8.0,1.5,0.0,2.5,1.1666666666666667,5.833333333333333,9.5,19.0,30.666666666666668,41.333333333333336,1.6666666666666667,16.333333333333332,2.6666666666666665,0.0,9.166666666666666,2.1666666666666665,7.666666666666667,0.3333333333333333,8.333333333333334,1.1666666666666667,0.0,6.666666666666667,1.0,1.8333333333333333,9.5,10.666666666666666,,0.25,0.8181818181818182,0.0,0.39062500000000006,0.7000000000000001,0.5,0.4358974358974359,0.5268817204301075,0.20000000000000007,0.510204081632653,0.4375,-inf,0.7272727272727273,0.46153846153846145,0.23913043478260876,0.5,0.25806451612903225
David Kaplan,Orthodox,No,No,No,David Kaplan,0.0,1.3333333333333333,0.16666666666666666,0.16666666666666666,1.3583333333333332,2.8333333333333335,2.0,8.333333333333334,12.0,1.0,0.16666666666666666,13.166666666666666,27.666666666666668,22.0,37.5,3.6666666666666665,14.333333333333334,2.6666666666666665,10.666666666666666,25.333333333333332,2.1666666666666665,0.16666666666666666,0.0,0.3333333333333333,0.3333333333333333,0.16666666666666666,0.5166666666666667,14.0,2.3333333333333335,2.5,16.833333333333332,1.1666666666666667,0.8333333333333334,18.833333333333332,60.833333333333336,34.666666666666664,77.66666666666667,0.3333333333333333,52.666666666666664,5.0,3.1666666666666665,56.666666666666664,2.5,1.6666666666666667,0.0,38.666666666666664,2.6666666666666665,0.6666666666666666,39.833333333333336,1.3333333333333333,0.8333333333333334,42.0,43.0,0.36363636363636365,0.19767441860465115,0.75,0.125,0.4736842105263158,0.46153846153846156,1.0,0.4759036144578313,0.5866666666666667,0.0,0.7341772151898733,0.5333333333333333,0.8947368421052632,0.7029411764705882,0.5333333333333333,0.5,0.6904109589041096,0.553648068669528
Andre Gusmao,Orthodox,No,No,No,Andre Gusmao,0.0,0.0,0.0,0.0,0.49722222222222223,3.5,3.5,4.333333333333333,7.333333333333333,4.0,0.0,11.333333333333334,28.833333333333332,15.166666666666666,33.333333333333336,0.3333333333333333,16.666666666666668,7.333333333333333,4.833333333333333,16.666666666666668,12.166666666666666,0.0,0.16666666666666666,0.5,0.0,0.0,1.3083333333333333,9.166666666666666,4.333333333333333,0.8333333333333334,6.333333333333333,6.833333333333333,1.1666666666666667,14.333333333333334,36.0,22.333333333333332,44.333333333333336,1.3333333333333333,27.0,7.0,2.0,20.5,13.666666666666666,1.8333333333333333,0.8333333333333334,17.833333333333332,2.6666666666666665,1.1666666666666667,14.166666666666666,6.833333333333333,0.6666666666666666,21.666666666666668,22.0,0.0,0.21,0.4772727272727273,0.0,0.43999999999999995,0.32876712328767127,,0.3930635838150289,0.45499999999999996,0.625,0.6604938271604939,0.38095238095238104,0.75,0.6910569105691058,0.5,0.36363636363636354,0.6018518518518519,0.4962406015037595
Brandon Wolff,Orthodox,No,No,No,Brandon Wolff,0.0,0.0,0.0,0.0,0.31666666666666665,0.0,1.0,0.0,0.5,0.5,0.0,1.0,3.0,4.0,6.0,0.5,2.0,1.0,0.0,2.0,1.0,0.0,0.5,0.0,0.5,0.5,0.9583333333333334,17.5,5.0,0.5,3.5,19.5,0.0,23.0,28.5,26.5,32.0,0.0,22.0,5.5,1.0,6.0,22.5,0.0,0.0,4.5,0.5,0.5,2.5,3.0,0.0,5.5,5.5,0.0,0.0,1.0,,0.25,0.5,,0.3333333333333333,0.6666666666666666,,0.20454545454545459,0.09090909090909094,1.0,0.41666666666666663,0.1333333333333333,,0.19298245614035092,0.171875
David Bielkheden,Orthodox,No,No,No,David Bielkheden,0.0,1.4444444444444444,0.0,0.0,2.7037037037037037,7.111111111111111,0.888888888888889,0.3333333333333333,0.1111111111111111,2.444444444444444,5.777777777777778,8.333333333333334,13.0,24.666666666666668,29.444444444444443,2.555555555555556,11.777777777777777,0.888888888888889,0.3333333333333333,1.111111111111111,2.7777777777777772,9.111111111111112,0.0,0.5555555555555555,0.5555555555555555,0.0,1.6814814814814814,6.222222222222221,0.5555555555555556,0.1111111111111111,0.1111111111111111,0.8888888888888888,5.888888888888888,6.888888888888889,15.333333333333334,25.111111111111114,33.888888888888886,0.6666666666666666,14.666666666666666,0.5555555555555556,0.1111111111111111,1.888888888888889,0.8888888888888888,12.555555555555557,0.1111111111111111,8.444444444444445,0.0,0.0,1.7777777777777777,0.0,6.666666666666667,8.444444444444445,8.777777777777777,0.5652173913043478,0.6037735849056604,1.0,4.333333333333334,0.1,0.8800000000000001,0.6341463414634145,0.6410256410256411,0.8377358490566038,0.16666666666666674,0.5757575757575758,0.0,-3.999999999999999,0.9411764705882353,0.0,0.5309734513274338,0.5507246376811594,0.25901639344262284
Ryo Chonan,Orthodox,No,No,No,Ryo Chonan,0.0,0.16666666666666666,0.0,0.3333333333333333,1.5541666666666665,7.0,3.4166666666666665,2.25,8.25,1.6666666666666667,2.75,12.666666666666666,33.416666666666664,20.583333333333332,42.083333333333336,0.3333333333333333,26.583333333333332,4.083333333333333,2.75,24.083333333333332,2.6666666666666665,6.666666666666667,0.08333333333333333,1.0,0.08333333333333333,0.16666666666666666,1.3722222222222225,11.083333333333334,1.4166666666666667,2.5,9.666666666666666,1.75,3.5833333333333335,15.0,43.333333333333336,30.583333333333332,60.666666666666664,1.6666666666666667,38.166666666666664,2.3333333333333335,2.8333333333333335,34.25,2.5,6.583333333333333,0.6666666666666666,27.083333333333332,0.9166666666666666,0.3333333333333333,24.583333333333332,0.75,3.0,28.333333333333332,30.083333333333332,0.5,0.26332288401253917,0.8367346938775511,0.0606060606060606,0.342560553633218,0.6250000000000001,0.4125,0.3790523690773067,0.48910891089108904,0.4,0.7096069868995634,0.3928571428571429,0.6470588235294118,0.7177615571776156,0.30000000000000004,0.45569620253164556,0.6538461538461539,0.4958791208791209
Tim McKenzie,Orthodox,No,No,No,Tim McKenzie,0.0,0.0,0.0,0.0,0.0,1.0,0.0,0.0,1.0,0.0,0.0,1.0,4.0,2.0,5.0,0.0,4.0,0.0,0.0,4.0,0.0,0.0,1.0,1.0,0.0,0.0,1.1,11.0,3.0,2.0,3.0,2.0,11.0,16.0,27.0,27.0,40.0,1.0,22.0,3.0,2.0,5.0,2.0,20.0,0.0,11.0,0.0,0.0,2.0,0.0,9.0,11.0,13.0,,0.25,,,0.25,,,0.25,0.4,0.0,0.5,0.0,0.5,0.4,0.0,0.44999999999999996,0.40740740740740744,0.32499999999999996
Jesse Sanders,Orthodox,No,No,No,Jesse Sanders,0.0,0.0,0.0,0.0,0.0,0.0,0.0,0.0,0.0,0.0,0.0,0.0,3.0,0.0,3.0,0.0,2.0,0.0,1.0,3.0,0.0,0.0,0.0,1.0,1.0,0.0,1.45,13.0,0.0,0.0,0.0,0.0,13.0,13.0,20.0,30.0,40.0,2.0,20.0,0.0,0.0,2.0,0.0,18.0,1.0,7.0,0.0,0.0,2.0,0.0,5.0,7.0,10.0,,0.0,,0.0,0.0,,,0.0,0.0,0.5,0.35,,-inf,1.0,,0.2777777777777778,0.35,0.25
Junie Browning,Orthodox,No,No,No,Junie Browning,0.0,0.75,0.75,0.25,1.3791666666666669,6.25,1.5,1.25,6.75,0.75,1.5,9.0,18.25,11.0,20.75,1.0,14.75,1.75,1.75,13.25,1.75,3.25,0.0,0.5,0.5,0.25,0.25,1.75,1.25,1.25,3.0,1.25,0.0,4.25,12.5,5.25,13.75,0.5,8.5,1.75,2.25,10.25,2.25,0.0,0.0,6.75,0.5,1.0,7.25,1.0,0.0,8.25,8.5,0.75,0.423728813559322,0.8571428571428571,0.42857142857142855,0.5094339622641509,0.42857142857142855,0.46153846153846156,0.4931506849315068,0.5301204819277109,0.0,0.7941176470588236,0.2857142857142857,0.7777777777777778,0.7073170731707317,0.4444444444444444,,0.6599999999999999,0.6181818181818182
Nissen Osterneck,Orthodox,No,No,No,Nissen Osterneck,0.0,0.3333333333333333,0.3333333333333333,0.3333333333333333,1.6166666666666665,3.6666666666666665,4.666666666666667,3.3333333333333335,3.3333333333333335,6.333333333333333,2.0,11.666666666666666,23.333333333333332,24.666666666666668,36.666666666666664,2.6666666666666665,14.333333333333334,5.333333333333333,3.6666666666666665,9.333333333333334,9.333333333333334,4.666666666666667,0.3333333333333333,1.3333333333333333,0.0,0.3333333333333333,2.3555555555555556,4.333333333333333,3.3333333333333335,2.0,2.3333333333333335,5.666666666666667,1.6666666666666667,9.666666666666666,16.0,20.333333333333332,28.333333333333332,2.6666666666666665,9.666666666666666,4.0,2.3333333333333335,6.0,7.0,3.0,1.3333333333333333,5.333333333333333,0.6666666666666666,0.3333333333333333,3.6666666666666665,1.3333333333333333,1.3333333333333333,6.333333333333333,8.0,0.125,0.25581395348837205,0.8750000000000001,0.09090909090909091,0.35714285714285715,0.6785714285714285,0.42857142857142855,0.5,0.6727272727272728,0.5,0.5517241379310345,0.16666666666666663,0.4285714285714286,0.6111111111111112,0.19047619047619047,0.4444444444444444,0.39583333333333337,0.2823529411764706
Matt Horwich,Orthodox,No,No,No,Matt Horwich,0.0,0.0,1.3333333333333333,0.3333333333333333,0.9611111111111109,2.1666666666666665,3.0,1.5,2.5,3.0,1.1666666666666667,6.666666666666667,10.5,19.0,22.833333333333332,0.3333333333333333,5.5,3.1666666666666665,1.8333333333333333,4.5,4.833333333333333,1.1666666666666667,0.0,2.5,0.16666666666666666,0.0,3.133333333333333,9.666666666666666,2.1666666666666665,0.16666666666666666,5.333333333333333,1.6666666666666667,5.0,12.0,19.333333333333332,36.833333333333336,45.333333333333336,3.6666666666666665,16.666666666666668,2.3333333333333335,0.3333333333333333,9.333333333333334,2.1666666666666665,7.833333333333333,1.1666666666666667,7.0,0.16666666666666666,0.16666666666666666,4.0,0.5,2.8333333333333335,7.333333333333333,8.5,0.0,0.3939393939393939,0.9473684210526316,0.0,0.5555555555555556,0.6206896551724138,1.0,0.634920634920635,0.832116788321168,0.3181818181818181,0.42000000000000004,0.07142857142857151,-6.5,0.4285714285714286,0.23076923076923073,0.36170212765957444,0.3793103448275862,0.1875
Joe Vedepo,Orthodox,No,No,No,Joe Vedepo,0.0,0.5,0.0,0.0,0.7166666666666667,4.5,1.0,0.0,1.5,4.0,0.0,5.5,10.5,10.0,15.0,2.0,9.0,1.5,0.0,5.5,5.0,0.0,0.5,0.0,1.0,0.0,0.0833333333333333,4.0,2.0,1.0,4.0,2.5,0.5,7.0,12.5,10.0,15.5,0.0,9.0,2.5,1.0,8.0,4.0,0.5,0.0,5.0,0.5,0.0,4.0,1.5,0.0,5.5,5.5,0.25,0.5,0.6666666666666666,inf,0.2727272727272727,0.8,,0.5238095238095238,0.6666666666666666,,0.5555555555555556,0.19999999999999996,1.0,0.5,0.375,0.0,0.43999999999999995,0.3548387096774194
Carmelo Marrero,Orthodox,No,No,No,Carmelo Marrero,0.0,0.9166666666666666,0.0,0.0,1.2638888888888888,1.5,0.8333333333333334,0.5,1.25,0.0,1.5833333333333333,2.8333333333333335,9.833333333333334,11.5,19.0,2.0,7.833333333333333,1.4166666666666667,0.5833333333333334,6.083333333333333,0.5833333333333334,3.1666666666666665,0.08333333333333333,0.6666666666666666,0.9166666666666666,0.0,2.183333333333333,4.416666666666667,0.8333333333333334,2.8333333333333335,4.25,1.25,2.5833333333333335,8.083333333333334,17.416666666666668,27.25,37.333333333333336,1.25,12.5,1.25,3.6666666666666665,11.166666666666666,1.8333333333333333,4.416666666666667,0.5833333333333334,8.083333333333334,0.4166666666666667,0.8333333333333334,6.916666666666667,0.5833333333333334,1.8333333333333333,9.333333333333334,10.083333333333334,0.4583333333333333,0.19148936170212766,0.5882352941176471,1.5714285714285712,0.20547945205479454,0.0,0.5,0.288135593220339,0.6052631578947368,0.4666666666666667,0.6466666666666667,0.33333333333333326,0.8181818181818181,0.6194029850746268,0.3181818181818181,0.41509433962264153,0.5358851674641149,0.2700892857142858
Michael Patt,Orthodox,No,No,No,Michael Patt,0.0,0.0,0.0,0.0,0.0,1.75,0.25,1.75,3.25,0.5,0.0,3.75,14.0,4.25,14.5,0.25,11.25,0.5,2.25,13.25,0.75,0.0,1.25,0.0,0.0,0.0,0.11249999999999998,5.75,1.25,6.5,11.75,0.25,1.5,13.5,31.0,14.25,31.75,0.0,21.75,1.75,7.5,28.75,0.25,2.0,0.0,16.0,0.5,1.0,17.0,0.0,0.5,17.5,17.5,0.0,0.15555555555555556,0.5,0.0,0.24528301886792453,0.6666666666666666,,0.26785714285714285,0.29310344827586204,,0.735632183908046,0.2857142857142857,1.0,0.5913043478260869,0.0,0.25,0.564516129032258,0.5511811023622047
Jason Day,Orthodox,No,No,No,Jason Day,0.0,0.0,0.0,0.0,0.016666666666666666,10.333333333333334,1.3333333333333333,2.3333333333333335,7.333333333333333,6.666666666666667,0.0,14.0,26.666666666666668,27.0,40.0,0.0,22.333333333333332,2.0,2.3333333333333335,16.0,10.666666666666666,0.0,0.3333333333333333,1.0,0.0,0.0,1.7055555555555557,9.0,2.0,1.6666666666666667,3.6666666666666665,1.6666666666666667,7.333333333333333,12.666666666666666,25.333333333333332,19.0,32.666666666666664,1.0,20.333333333333332,3.0,2.0,11.666666666666666,3.0,10.666666666666666,0.0,11.333333333333334,1.0,0.3333333333333333,8.0,1.3333333333333333,3.3333333333333335,12.666666666666666,13.666666666666666,,0.46268656716417916,0.6666666666666666,0.0,0.4583333333333333,0.6250000000000001,,0.525,0.675,0.0,0.5573770491803278,0.33333333333333337,0.5,0.6857142857142857,0.4444444444444444,0.3125,0.5,0.4183673469387754
Pete Sell,Orthodox,No,No,No,Pete Sell,0.06666666666666667,0.24523809523809526,0.31666666666666665,0.08333333333333333,0.545079365079365,8.195238095238095,1.8666666666666665,1.026190476190476,9.438095238095238,1.2428571428571429,0.4071428571428572,11.08809523809524,25.647619047619045,19.578571428571426,34.96666666666667,1.1238095238095238,22.15476190476191,2.3714285714285714,1.1214285714285712,23.014285714285716,1.7738095238095237,0.8595238095238096,0.34047619047619043,0.7071428571428572,0.20952380952380953,0.0,1.4057142857142857,10.811904761904762,1.5999999999999999,2.4047619047619047,8.521428571428572,1.819047619047619,4.476190476190476,14.816666666666668,30.695238095238096,24.857142857142858,41.411904761904765,1.3833333333333335,25.816666666666666,2.216666666666667,2.6619047619047618,22.257142857142856,2.7547619047619047,5.683333333333334,0.6761904761904761,15.004761904761907,0.6166666666666667,0.2571428571428571,13.735714285714286,0.9357142857142856,1.207142857142857,15.878571428571428,16.554761904761904,0.21822033898305085,0.36990865126276185,0.78714859437751,0.21868365180467098,0.4100972480860749,0.7006711409395974,0.4736842105263158,0.43232454511697005,0.5599210132098597,0.48881239242685026,0.5812044637093056,0.27819548872180466,0.7343470483005367,0.6171373555840821,0.3396715643906655,0.21240050272308342,0.5172975488675147,0.39975852354395447
Ryan Madigan,Orthodox,No,No,No,Ryan Madigan,0.0,0.0,0.0,0.0,0.0,0.0,0.0,0.0,0.0,0.0,0.0,0.0,2.0,15.0,20.0,0.0,1.0,0.0,1.0,2.0,0.0,0.0,0.0,1.0,0.0,0.0,3.3666666666666667,12.0,0.0,0.0,1.0,0.0,11.0,12.0,23.0,20.0,33.0,1.0,23.0,0.0,0.0,2.0,0.0,21.0,0.0,11.0,0.0,0.0,1.0,0.0,10.0,11.0,13.0,,0.0,,0.0,0.0,,,0.0,0.75,0.0,0.4782608695652174,,-inf,0.5,,0.47619047619047616,0.4782608695652174,0.3939393939393939
Per Eklund,Orthodox,No,No,No,Per Eklund,0.0,0.611111111111111,1.0555555555555556,0.0,1.1777777777777778,3.4444444444444446,4.0,1.111111111111111,3.2777777777777772,3.722222222222222,1.5555555555555554,8.555555555555555,13.944444444444445,20.777777777777775,26.61111111111111,5.277777777777778,8.166666666666666,4.555555555555556,1.2222222222222223,7.0555555555555545,4.888888888888889,2.0,0.1111111111111111,0.16666666666666666,0.27777777777777773,0.0,1.5472222222222223,5.333333333333333,1.0555555555555556,3.3333333333333335,3.1666666666666665,2.2777777777777777,4.277777777777778,9.722222222222221,29.555555555555554,17.555555555555557,37.94444444444445,0.27777777777777773,24.0,1.6111111111111114,3.9444444444444446,19.166666666666668,3.055555555555556,7.333333333333333,0.1111111111111111,18.666666666666668,0.5555555555555555,0.611111111111111,16.0,0.7777777777777778,3.0555555555555554,19.833333333333332,20.38888888888889,0.11578947368421051,0.4217687074829933,0.8780487804878048,0.4999999999999999,0.4645669291338583,0.7613636363636362,0.7777777777777777,0.6135458167330677,0.7807933194154487,0.3999999999999999,0.7777777777777778,0.3448275862068967,0.9577464788732395,0.8347826086956522,0.25454545454545463,0.41666666666666663,0.6710526315789473,0.5373352855051245
Neil Grove,Orthodox,No,No,No,Neil Grove,0.0,0.0,1.0,0.0,0.3666666666666666,0.0,0.0,0.0,0.0,0.0,0.0,0.0,3.0,2.0,6.0,0.0,3.0,0.0,0.0,3.0,0.0,0.0,0.0,0.0,2.0,0.0,0.0,0.0,0.0,0.0,0.0,0.0,0.0,0.0,0.0,0.0,0.0,1.0,0.0,0.0,0.0,0.0,0.0,0.0,1.0,0.0,0.0,0.0,0.0,0.0,0.0,0.0,0.0,,0.0,,,0.0,,,0.0,0.3333333333333333,1.0,,,,,,,,
Troy Mandaloniz,Orthodox,No,No,No,Troy Mandaloniz,0.3333333333333333,1.1666666666666667,0.0,0.0,0.975,11.0,0.8333333333333334,2.8333333333333335,9.666666666666666,3.5,1.5,14.666666666666666,27.833333333333332,17.333333333333332,30.5,1.5,23.0,1.6666666666666667,3.1666666666666665,19.666666666666668,5.5,2.6666666666666665,0.0,0.6666666666666666,0.0,0.3333333333333333,1.8999999999999997,12.5,3.8333333333333335,3.5,11.333333333333334,4.833333333333333,3.6666666666666665,19.833333333333332,57.333333333333336,57.333333333333336,99.66666666666667,1.6666666666666667,48.5,4.833333333333333,4.0,39.0,8.833333333333334,9.5,1.0,36.0,1.0,0.5,27.666666666666668,4.0,5.833333333333333,37.5,42.333333333333336,0.7777777777777778,0.4782608695652174,0.5,0.368421052631579,0.4915254237288135,0.6363636363636364,0.5625,0.5269461077844312,0.5683060109289617,0.6000000000000001,0.7422680412371134,0.2068965517241379,0.8333333333333334,0.7094017094017093,0.4528301886792454,0.6140350877192983,0.6540697674418605,0.4247491638795987
Brian Cobb,Orthodox,No,No,No,Brian Cobb,0.0,1.0,0.0,0.0,0.9,0.0,0.0,0.0,0.0,0.0,0.0,0.0,6.5,35.0,43.0,2.0,6.0,0.5,0.0,6.5,0.0,0.0,0.5,0.5,0.0,0.0,0.19999999999999998,4.0,0.5,5.0,8.5,0.0,1.0,9.5,21.5,9.5,21.5,0.5,15.0,1.0,5.5,19.5,0.0,2.0,0.0,11.0,0.5,0.5,11.0,0.0,1.0,12.0,12.0,0.5,0.0,0.0,inf,0.0,,,0.0,0.813953488372093,0.0,0.7333333333333334,0.5,0.9090909090909091,0.5641025641025641,,0.5,0.5581395348837209,0.5581395348837209
Luigi Fioravanti,Orthodox,No,No,No,Luigi Fioravanti,0.07407407407407407,1.2481481481481482,0.3296296296296296,0.037037037037037035,1.2671604938271603,5.4259259259259265,1.3555555555555554,3.6777777777777776,5.451851851851852,2.8629629629629627,2.1444444444444444,10.459259259259259,24.618518518518517,21.88518518518519,38.39629629629629,1.937037037037037,18.41111111111111,1.9703703703703705,4.2370370370370365,14.725925925925926,5.77037037037037,4.122222222222223,0.15925925925925924,0.4962962962962963,0.2962962962962963,0.037037037037037035,0.9930246913580246,6.403703703703703,3.051851851851852,1.162962962962963,5.3999999999999995,2.9925925925925925,2.225925925925926,10.618518518518519,35.02222222222222,27.01851851851852,52.22592592592593,1.4296296296296296,27.977777777777778,5.166666666666667,1.8777777777777775,25.08148148148148,5.922222222222222,4.018518518518518,0.9333333333333332,21.574074074074076,2.1148148148148147,0.7148148148148148,19.68148148148148,2.929629629629629,1.7925925925925927,24.4037037037037,25.207407407407405,0.6443594646271511,0.2947093140213237,0.6879699248120299,0.29458041958041964,0.3702213279678068,0.4961489088575096,0.5202156334231806,0.4248533172859937,0.5699816726150286,0.6528497409326425,0.7711146412496691,0.40931899641577063,0.7357001972386588,0.7847017129356173,0.4946841776110068,0.4460829493087557,0.696806260575296,0.48266080419828383
Rich Clementi,Southpaw,No,No,No,Rich Clementi,0.0,0.6,0.2916666666666667,0.1416666666666667,1.0998611111111112,4.2,1.0333333333333334,1.9083333333333332,4.891666666666667,1.2583333333333335,0.9916666666666667,7.141666666666666,19.116666666666667,21.116666666666667,36.43333333333333,1.4416666666666667,15.425000000000002,1.3499999999999999,2.341666666666667,15.591666666666669,2.066666666666667,1.4583333333333333,0.13333333333333333,0.7583333333333333,0.6166666666666667,0.03333333333333333,1.6158333333333335,6.3500000000000005,2.1333333333333333,2.3666666666666667,7.116666666666667,2.3666666666666667,1.3666666666666665,10.85,29.09166666666667,18.625,37.983333333333334,1.0083333333333333,23.883333333333336,2.65,2.5583333333333336,23.241666666666664,3.216666666666667,2.6333333333333333,0.25,17.53333333333333,0.5166666666666667,0.19166666666666665,16.125,0.8500000000000001,1.2666666666666666,18.241666666666664,19.358333333333334,0.4161849710982659,0.27228525121555913,0.7654320987654323,0.2562277580071174,0.3137359700694815,0.6088709677419355,0.68,0.37358326068003483,0.579597438243367,0.24793388429752072,0.7341242149337055,0.19496855345911945,0.7035830618892509,0.6937970598780925,0.2642487046632125,0.4810126582278482,0.6270409624749356,0.5096533567354102
Steve Bruno,Orthodox,No,No,No,Steve Bruno,0.0,0.611111111111111,0.1111111111111111,0.0,0.7611111111111111,2.0555555555555554,0.5,1.6666666666666667,2.888888888888889,1.0,0.3333333333333333,4.222222222222222,8.166666666666666,9.722222222222223,13.888888888888891,2.6666666666666665,5.0,0.7222222222222222,2.444444444444444,6.0,1.8333333333333333,0.3333333333333333,0.38888888888888884,0.8333333333333334,0.2222222222222222,0.0,2.9416666666666664,7.611111111111111,7.333333333333333,1.611111111111111,3.611111111111111,5.777777777777779,7.166666666666667,16.555555555555554,25.5,60.22222222222223,71.55555555555556,1.5555555555555554,14.5,9.055555555555555,1.9444444444444444,8.777777777777777,7.888888888888889,8.833333333333334,0.7222222222222222,6.888888888888888,1.722222222222222,0.3333333333333333,5.166666666666667,2.111111111111111,1.6666666666666667,8.944444444444445,11.333333333333334,0.22916666666666666,0.4111111111111111,0.6923076923076923,0.25,0.48148148148148145,0.5454545454545455,1.0,0.5170068027210885,0.7,0.4642857142857142,0.47509578544061304,0.1901840490797546,0.5714285714285714,0.5886075949367089,0.2676056338028169,0.18867924528301894,0.3507625272331155,0.15838509316770177
Derek Downey,Orthodox,No,No,No,Derek Downey,0.0,0.5,0.0,0.0,0.5166666666666666,0.0,1.0,0.0,0.0,1.0,0.0,1.0,1.0,1.0,1.0,3.0,0.0,1.0,0.0,0.0,1.0,0.0,0.0,2.0,1.0,0.0,2.3083333333333336,10.5,0.0,0.0,0.5,1.5,8.5,10.5,12.0,31.0,33.5,2.0,12.0,0.0,0.0,0.5,2.0,9.5,0.0,1.5,0.0,0.0,0.0,0.5,1.0,1.5,2.5,0.16666666666666666,,1.0,inf,,1.0,,1.0,1.0,0.0,0.125,,-inf,0.0,0.25,0.10526315789473684,0.125,0.07462686567164178
Matt Arroyo,Orthodox,No,No,No,Matt Arroyo,0.0,0.6666666666666666,1.777777777777778,0.0,1.0361111111111112,5.0,0.888888888888889,1.0,2.444444444444444,1.0,3.4444444444444446,6.888888888888888,13.222222222222223,32.833333333333336,41.166666666666664,1.722222222222222,10.833333333333334,1.277777777777778,1.1111111111111112,7.277777777777779,2.388888888888889,3.5555555555555554,0.0,0.0,0.1111111111111111,0.4444444444444444,2.884259259259259,8.333333333333334,1.4444444444444446,0.3333333333333333,2.3333333333333335,1.0,6.777777777777779,10.11111111111111,24.444444444444443,17.555555555555554,35.55555555555556,0.2222222222222222,22.111111111111114,2.0,0.3333333333333333,5.055555555555556,1.3333333333333333,18.055555555555557,0.2222222222222222,13.777777777777779,0.5555555555555555,0.0,2.7222222222222228,0.3333333333333333,11.277777777777777,14.333333333333334,18.0,0.3870967741935484,0.4615384615384615,0.6956521739130435,0.6,0.3358778625954198,0.4186046511627907,0.9687500000000001,0.5210084033613445,0.7975708502024292,1.0,0.6231155778894473,0.2777777777777777,1.0,0.5384615384615385,0.25,0.6246153846153846,0.5863636363636364,0.5062500000000001
Christian Wellisch,Orthodox,No,No,No,Christian Wellisch,0.06666666666666667,0.19999999999999998,0.19999999999999998,0.16666666666666666,0.43277777777777776,11.533333333333333,0.8333333333333334,2.1999999999999997,11.933333333333332,1.9000000000000001,0.7333333333333334,14.566666666666668,53.26666666666667,22.766666666666666,62.06666666666666,0.4666666666666666,49.13333333333333,1.2,2.9333333333333336,47.699999999999996,3.6,1.9666666666666668,0.3666666666666667,1.7,0.0,0.0,1.4205555555555556,10.9,0.4666666666666666,1.0999999999999999,6.633333333333333,4.333333333333333,1.5,12.466666666666667,30.599999999999998,22.166666666666668,40.733333333333334,2.6666666666666665,28.666666666666668,0.8333333333333334,1.0999999999999999,21.566666666666666,6.766666666666667,2.2666666666666666,0.9666666666666667,17.766666666666666,0.3666666666666667,0.0,14.933333333333332,2.433333333333333,0.7666666666666666,18.133333333333333,18.566666666666666,0.4285714285714286,0.23473541383989144,0.6944444444444445,0.06818181818181818,0.2501747030048917,0.5277777777777778,0.3728813559322034,0.2734668335419274,0.3668098818474758,0.36249999999999993,0.6197674418604651,0.44000000000000006,-0.5454545454545456,0.6924265842349304,0.35960591133004927,0.3382352941176471,0.5925925925925926,0.45581014729950897
Akihiro Gono,Switch,No,No,No,Akihiro Gono,0.1111111111111111,0.5555555555555555,0.1111111111111111,0.16666666666666666,0.735185185185185,4.333333333333333,3.1666666666666665,3.8333333333333335,9.388888888888888,1.0,0.9444444444444443,11.333333333333334,21.944444444444446,14.277777777777777,25.055555555555554,0.6666666666666666,11.555555555555557,4.833333333333333,5.555555555555556,18.72222222222222,1.888888888888889,1.3333333333333333,0.0,0.5,0.27777777777777773,0.0,1.3916666666666666,6.388888888888888,5.111111111111112,4.333333333333333,10.111111111111112,4.055555555555556,1.6666666666666667,15.833333333333334,40.11111111111111,33.38888888888889,61.0,0.8333333333333334,27.0,7.055555555555556,6.055555555555556,29.277777777777775,7.888888888888889,2.9444444444444446,0.3333333333333333,20.61111111111111,1.9444444444444446,1.7222222222222223,19.166666666666668,3.8333333333333335,1.277777777777778,24.277777777777775,27.611111111111114,0.8333333333333333,0.37499999999999994,0.6551724137931034,0.09999999999999998,0.5014836795252225,0.5294117647058824,0.7083333333333333,0.5164556962025316,0.5698447893569845,0.4,0.7633744855967078,0.2755905511811023,0.9174311926605505,0.6546489563567361,0.4859154929577464,0.4339622641509434,0.6052631578947367,0.45264116575591984
Nate Mohr,Orthodox,No,No,No,Nate Mohr,0.0,0.08333333333333333,0.0,0.0,0.1680555555555556,11.5,2.25,3.9166666666666665,15.916666666666666,1.1666666666666667,0.5833333333333334,17.666666666666668,42.75,20.75,46.25,0.25,35.0,3.0,4.75,40.25,1.3333333333333333,1.1666666666666667,0.25,0.16666666666666666,0.16666666666666666,0.0,0.2583333333333333,6.583333333333333,1.0833333333333333,3.5,10.166666666666666,0.5833333333333334,0.4166666666666667,11.166666666666666,45.833333333333336,13.25,48.083333333333336,0.75,38.833333333333336,2.75,4.25,44.166666666666664,1.0833333333333333,0.5833333333333334,0.5833333333333334,32.25,1.6666666666666667,0.75,34.0,0.5,0.16666666666666666,34.666666666666664,34.833333333333336,0.3333333333333333,0.32857142857142857,0.75,0.017543859649122806,0.39544513457556935,0.8750000000000001,0.5,0.4132553606237817,0.4486486486486487,0.7777777777777778,0.8304721030042919,0.6060606060606061,0.9607843137254902,0.769811320754717,0.46153846153846145,0.2857142857142857,0.7563636363636363,0.7244367417677643
Antonio Mendes,Southpaw,No,No,No,Antonio Mendes,0.5,0.5,0.0,0.0,0.2583333333333333,1.5,2.0,0.5,2.0,1.5,0.5,4.0,8.5,8.5,13.0,1.0,6.0,2.0,0.5,5.0,2.5,1.0,0.0,0.0,0.5,0.5,2.275,18.0,2.5,0.0,0.5,1.5,18.5,20.5,26.5,39.5,45.5,0.5,24.0,2.5,0.0,1.0,1.5,24.0,0.5,6.0,0.0,0.0,0.5,0.0,5.5,6.0,6.0,0.5,0.25,1.0,1.0,0.4,0.6,0.5,0.47058823529411764,0.6538461538461539,1.0,0.25,0.0,,0.5,0.0,0.22916666666666663,0.2264150943396226,0.13186813186813184
Tom Egan,Orthodox,No,No,No,Tom Egan,0.0,0.0,0.0,0.0,0.0,0.0,0.0,0.0,0.0,0.0,0.0,0.0,1.0,15.0,16.0,0.0,1.0,0.0,0.0,1.0,0.0,0.0,0.0,5.0,0.0,0.0,4.15,14.0,2.0,2.0,2.0,2.0,14.0,18.0,36.0,41.0,61.0,7.0,32.0,2.0,2.0,3.0,2.0,31.0,2.0,18.0,0.0,0.0,1.0,0.0,17.0,18.0,20.0,,0.0,,,0.0,,,0.0,0.9375,0.2857142857142857,0.5625,0.0,-1.5,0.33333333333333337,0.0,0.5483870967741935,0.5,0.3278688524590164
Alexandre Barros,Southpaw,No,No,No,Alexandre Barros,0.0,0.5,0.0,0.0,1.125,0.5,0.5,3.0,2.0,1.5,0.5,4.0,10.0,6.5,12.5,1.0,6.0,0.5,3.5,7.5,1.5,1.0,0.5,0.0,1.0,0.0,1.5499999999999998,13.0,3.0,0.5,2.0,3.0,11.5,16.5,26.0,25.5,35.5,0.5,21.0,4.5,0.5,8.0,5.0,13.0,0.5,8.0,1.5,0.0,6.0,2.0,1.5,9.5,10.0,0.5,0.08333333333333333,1.0,0.14285714285714285,0.26666666666666666,1.0,0.5,0.4,0.52,1.0,0.38095238095238093,0.33333333333333337,1.0,0.75,0.4,0.11538461538461542,0.3653846153846154,0.2816901408450704
Jeremy Horn,Orthodox,No,No,Yes,Jeremy Horn,0.0,0.13125,0.325,0.03125,0.4497569444444444,3.1958333333333333,0.9354166666666667,1.1708333333333334,3.9854166666666666,0.85,0.4666666666666667,5.302083333333333,14.064583333333333,10.5625,19.6125,0.81875,11.50625,1.0791666666666666,1.4791666666666665,11.591666666666667,1.7604166666666667,0.7125,0.1125,1.05,0.14375,0.0,1.5194791666666667,7.160416666666666,0.7166666666666667,1.1833333333333333,5.8875,1.325,1.8479166666666667,9.060416666666667,22.089583333333334,19.5,34.545833333333334,1.54375,20.027083333333334,0.8791666666666667,1.1833333333333333,16.660416666666666,1.7208333333333332,3.7083333333333335,0.49375,12.866666666666667,0.1625,0.0,10.772916666666667,0.3958333333333333,1.8604166666666666,13.029166666666667,15.045833333333333,0.1603053435114504,0.2777476009415173,0.8667953667953668,0.08873239436619719,0.34381739755571533,0.4828402366863905,0.6549707602339181,0.37698118797215224,0.538559592096877,0.31983805668016185,0.6424633309060648,0.18483412322274884,0.11267605633802813,0.6466174815555834,0.2300242130750605,0.501685393258427,0.5898330661133642,0.43553250512604025
Ivan Serati,Orthodox,No,No,No,Ivan Serati,0.0,0.0,0.0,0.0,0.0,2.0,0.0,1.0,1.0,2.0,0.0,3.0,11.0,4.0,13.0,2.0,10.0,0.0,1.0,4.0,7.0,0.0,0.0,1.0,0.0,0.0,0.6333333333333333,11.0,1.0,2.0,5.0,2.0,7.0,14.0,22.0,16.0,24.0,1.0,19.0,1.0,2.0,8.0,5.0,9.0,0.0,8.0,0.0,0.0,3.0,3.0,2.0,8.0,8.0,0.0,0.2,,0.0,0.25,0.2857142857142857,,0.2727272727272727,0.3076923076923077,0.0,0.42105263157894735,0.0,0.5,0.375,0.6,0.2222222222222222,0.36363636363636365,0.33333333333333337
Mike Wessel,Orthodox,No,No,No,Mike Wessel,0.0,1.5,0.0,0.0,1.9749999999999999,4.0,2.5,0.0,1.0,4.0,1.5,6.5,11.5,22.5,29.0,3.0,8.5,3.0,0.0,2.5,6.0,3.0,0.0,0.0,1.0,0.5,0.8,17.0,4.0,2.0,2.0,8.5,12.5,23.0,29.5,28.0,35.0,0.0,23.0,4.0,2.5,5.5,10.5,13.5,0.0,6.0,0.0,0.5,3.5,2.0,1.0,6.5,7.0,0.5,0.47058823529411764,0.8333333333333334,inf,0.4,0.6666666666666666,0.5,0.5652173913043478,0.7758620689655172,,0.26086956521739135,0.0,1.0,0.6363636363636364,0.19047619047619047,0.07407407407407407,0.22033898305084743,0.19999999999999996
Reese Andy,Orthodox,No,No,No,Reese Andy,0.0,0.16666666666666666,0.0,0.0,0.8944444444444444,5.166666666666667,0.8333333333333334,5.833333333333333,9.0,2.6666666666666665,0.16666666666666666,11.833333333333334,24.0,28.5,40.666666666666664,1.0,15.333333333333334,1.8333333333333333,6.833333333333333,19.0,4.833333333333333,0.16666666666666666,0.0,0.5,0.0,0.0,0.686111111111111,9.333333333333334,4.0,1.8333333333333333,7.166666666666667,6.0,2.0,15.166666666666666,35.5,22.333333333333332,43.5,1.0,28.333333333333332,4.666666666666667,2.5,24.333333333333332,8.333333333333334,2.8333333333333335,0.5,19.0,0.6666666666666666,0.6666666666666666,17.166666666666668,2.3333333333333335,0.8333333333333334,20.333333333333332,21.166666666666668,0.16666666666666666,0.33695652173913043,0.4545454545454546,0.024390243902439025,0.47368421052631576,0.5517241379310345,1.0,0.4930555555555556,0.7008196721311476,0.5,0.6705882352941176,0.1428571428571429,0.8,0.7054794520547945,0.28,0.2941176470588236,0.5727699530516432,0.48659003831417624
Dan Evensen,Orthodox,No,No,No,Dan Evensen,0.0,0.0,1.0,0.0,0.31666666666666665,0.0,1.0,0.0,0.0,1.0,0.0,1.0,9.5,1.5,10.0,0.5,7.0,2.5,0.0,8.5,1.0,0.0,0.5,1.0,0.0,0.0,2.2416666666666667,5.0,2.0,7.5,6.0,2.5,6.0,14.5,23.5,22.0,31.5,1.0,11.0,3.0,9.5,12.0,3.0,8.5,0.0,6.0,1.0,2.0,6.0,0.5,2.5,9.0,9.5,0.0,0.0,0.4,,0.0,1.0,,0.10526315789473684,0.15,0.0,0.5454545454545454,0.33333333333333337,0.8947368421052632,0.5,0.16666666666666663,0.2941176470588235,0.3829787234042553,0.3015873015873016
Dean Lister,Orthodox,No,No,No,Dean Lister,0.0,0.5555555555555555,0.3333333333333333,0.08333333333333333,0.6708333333333333,4.027777777777778,0.8055555555555555,1.6666666666666667,5.0,0.3055555555555555,1.1944444444444444,6.5,18.72222222222222,11.361111111111112,24.416666666666668,3.972222222222222,14.888888888888888,1.7222222222222223,2.111111111111111,15.583333333333334,1.611111111111111,1.5277777777777777,0.27777777777777773,0.16666666666666666,0.0,0.0,1.8814814814814813,8.194444444444445,1.0833333333333333,1.3055555555555556,5.916666666666667,1.8333333333333333,2.8333333333333335,10.583333333333334,26.666666666666668,18.0,34.30555555555556,0.16666666666666666,23.38888888888889,1.4444444444444444,1.8333333333333333,19.166666666666668,2.944444444444444,4.555555555555556,0.0,15.194444444444445,0.3611111111111111,0.5277777777777778,13.25,1.111111111111111,1.722222222222222,16.083333333333332,16.305555555555554,0.13986013986013984,0.2705223880597015,0.4677419354838709,0.26315789473684204,0.32085561497326204,0.1896551724137931,0.7818181818181819,0.34718100890207715,0.4653014789533561,0.0,0.649643705463183,0.25,0.9090909090909091,0.691304347826087,0.37735849056603776,0.378048780487805,0.603125,0.47530364372469636
Jules Bruchez,Southpaw,No,No,No,Jules Bruchez,0.0,0.0,0.0,0.0,0.0,0.0,0.0,1.0,0.0,1.0,0.0,1.0,2.0,3.0,4.0,0.0,1.0,0.0,1.0,1.0,1.0,0.0,0.0,1.0,2.0,0.0,1.0833333333333333,8.0,0.0,0.0,5.0,2.0,1.0,8.0,15.0,13.0,20.0,1.0,15.0,0.0,0.0,11.0,3.0,1.0,0.0,7.0,0.0,0.0,6.0,1.0,0.0,7.0,7.0,,0.0,,0.0,0.0,1.0,,0.5,0.75,0.0,0.4666666666666667,,-inf,0.5454545454545454,0.33333333333333337,0.0,0.4666666666666667,0.35
Shane Primm,Orthodox,No,No,No,Shane Primm,0.0,0.5,0.0,0.0,0.6416666666666667,1.0,2.0,0.5,0.5,3.0,0.0,3.5,13.0,6.0,15.5,2.5,9.5,3.0,0.5,7.0,6.0,0.0,0.0,0.0,0.5,0.0,2.358333333333333,8.0,1.0,0.5,4.5,2.0,3.0,9.5,25.0,19.0,34.5,0.0,23.5,1.0,0.5,16.5,4.0,4.5,0.0,15.5,0.0,0.0,12.0,2.0,1.5,15.5,15.5,0.2,0.10526315789473684,0.6666666666666666,1.0,0.07142857142857142,0.5,,0.2692307692307692,0.3870967741935484,,0.6595744680851063,0.0,1.0,0.7272727272727273,0.5,0.33333333333333337,0.62,0.4492753623188406
John Polakowski,Orthodox,No,No,No,John Polakowski,0.0,0.0,0.5,0.0,0.17499999999999993,0.5,0.0,0.0,0.5,0.0,0.0,0.5,11.5,2.0,14.0,0.0,11.0,0.5,0.0,11.5,0.0,0.0,0.5,0.5,1.5,0.0,2.05,4.0,3.5,0.0,4.5,0.0,3.0,7.5,13.5,22.0,29.5,2.0,8.0,5.0,0.5,9.0,0.0,4.5,1.5,4.0,1.5,0.5,4.5,0.0,1.5,6.0,7.5,,0.045454545454545456,0.0,,0.043478260869565216,,,0.043478260869565216,0.14285714285714285,0.75,0.5,0.30000000000000004,0.0,0.5,,0.33333333333333337,0.4444444444444444,0.2542372881355932
Corey Hill,Orthodox,No,No,No,Corey Hill,0.0,0.6666666666666666,0.0,0.0,1.3833333333333333,8.333333333333334,3.0,0.5,5.5,2.666666666666667,3.6666666666666665,11.833333333333332,25.5,21.666666666666668,35.5,0.8333333333333333,20.833333333333332,3.5,1.1666666666666667,16.166666666666668,3.8333333333333335,5.5,0.0,0.0,0.16666666666666666,0.16666666666666666,0.10277777777777775,2.166666666666667,1.5,1.6666666666666667,3.8333333333333335,1.5,0.0,5.333333333333333,18.0,8.666666666666668,21.333333333333332,1.6666666666666667,11.833333333333332,2.3333333333333335,3.8333333333333335,14.666666666666668,3.333333333333333,0.0,1.6666666666666667,9.666666666666666,0.8333333333333333,2.1666666666666665,10.833333333333334,1.8333333333333335,0.0,12.666666666666666,12.666666666666666,0.8,0.4000000000000001,0.8571428571428571,0.5714285714285714,0.34020618556701027,0.6956521739130436,0.6666666666666666,0.4640522875816993,0.6103286384976526,1.0,0.8169014084507042,0.3571428571428572,1.0,0.7386363636363636,0.5499999999999999,,0.7037037037037037,0.59375
Eddie Sanchez,Orthodox,No,No,No,Eddie Sanchez,0.24444444444444446,0.24444444444444446,0.0,0.05555555555555555,1.0283333333333333,11.6,2.4555555555555557,0.6222222222222222,5.955555555555556,6.644444444444445,2.077777777777778,14.677777777777777,33.31111111111111,32.18888888888889,52.21111111111111,1.3444444444444443,29.42222222222222,3.022222222222222,0.8666666666666667,19.844444444444445,10.088888888888889,3.3777777777777778,0.2888888888888889,0.3333333333333333,0.1111111111111111,0.0,1.395185185185185,8.28888888888889,2.1222222222222222,1.7333333333333334,5.5,5.088888888888889,1.5555555555555556,12.144444444444444,21.91111111111111,22.677777777777777,32.5,0.5111111111111112,16.244444444444444,2.9,2.766666666666667,11.78888888888889,7.566666666666666,2.555555555555556,0.17777777777777778,7.955555555555556,0.7777777777777777,1.0333333333333334,6.288888888888889,2.477777777777778,1.0,9.766666666666667,9.822222222222223,0.18181818181818185,0.3942598187311178,0.8125000000000001,0.28205128205128205,0.30011198208286677,0.6585903083700441,0.6151315789473685,0.44062708472314877,0.6165141519472228,0.34782608695652184,0.4897400820793433,0.268199233716475,0.8795180722891567,0.5334590009425071,0.3274596182085169,0.39130434782608703,0.4457403651115619,0.3022222222222223
Brodie Farber,Orthodox,No,No,No,Brodie Farber,0.0,0.3333333333333333,0.3333333333333333,0.0,0.17499999999999996,3.3333333333333335,1.8333333333333333,1.0,3.8333333333333335,2.0,0.3333333333333333,6.166666666666667,14.0,7.333333333333333,15.166666666666666,0.6666666666666666,10.0,2.5,1.5,10.166666666666666,2.5,1.3333333333333333,0.16666666666666666,2.1666666666666665,1.3333333333333333,0.0,2.6,5.0,1.1666666666666667,3.8333333333333335,4.666666666666667,2.0,3.3333333333333335,10.0,19.333333333333332,28.666666666666668,41.833333333333336,2.6666666666666665,13.333333333333334,1.5,4.5,11.166666666666666,3.6666666666666665,4.5,0.5,8.333333333333334,0.3333333333333333,0.6666666666666666,6.5,1.6666666666666667,1.1666666666666667,9.333333333333334,13.166666666666666,0.5,0.33333333333333337,0.7333333333333333,0.2222222222222222,0.3770491803278689,0.8,0.25,0.4404761904761905,0.4835164835164835,0.1875,0.625,0.2222222222222222,0.5185185185185186,0.5820895522388059,0.4545454545454545,0.2592592592592592,0.48275862068965514,0.31474103585657376
Johnny Rees,Orthodox,No,No,No,Johnny Rees,0.0,0.25,0.0,0.0,1.9166666666666667,6.5,5.25,2.25,2.0,9.5,2.5,14.0,21.0,19.75,27.0,1.25,12.25,6.0,2.75,5.75,11.75,3.5,0.0,1.25,1.0,0.0,1.7416666666666667,1.5,0.75,1.25,1.0,1.75,0.75,3.5,6.5,14.5,18.0,2.5,3.5,1.25,1.75,3.25,2.5,0.75,1.25,2.0,0.5,0.5,2.25,0.75,0.0,3.0,3.5,0.2,0.5306122448979592,0.875,0.09090909090909091,0.34782608695652173,0.8085106382978723,0.7142857142857143,0.6666666666666666,0.7314814814814815,0.5,0.5714285714285714,0.4,0.2857142857142857,0.6923076923076923,0.30000000000000004,0.0,0.46153846153846156,0.19444444444444442
Nate Loughran,Orthodox,No,No,No,Nate Loughran,0.0,0.0,0.5,0.0,0.0,2.0,4.0,2.75,8.5,0.25,0.0,8.75,21.25,12.5,25.0,1.0,9.25,7.5,4.5,20.75,0.5,0.0,0.0,0.25,0.0,0.0,2.570833333333333,14.75,3.25,1.0,15.25,1.75,2.0,19.0,49.5,23.0,54.25,0.25,44.25,4.25,1.0,41.75,2.25,5.5,0.0,29.5,1.0,0.0,26.5,0.5,3.5,30.5,31.25,0.0,0.21621621621621623,0.5333333333333333,0.0,0.40963855421686746,0.5,,0.4117647058823529,0.5,0.0,0.6666666666666667,0.23529411764705888,0.75,0.6347305389221557,0.2222222222222222,0.6363636363636364,0.6161616161616161,0.5760368663594471
Jorge Gurgel,Orthodox,No,No,No,Jorge Gurgel,0.0,0.2857142857142857,0.047619047619047616,0.09523809523809523,1.2547619047619047,11.714285714285714,1.6190476190476188,3.619047619047619,11.428571428571429,2.8095238095238098,2.714285714285714,16.952380952380953,51.1904761904762,27.38095238095238,63.285714285714285,1.142857142857143,44.285714285714285,2.3333333333333335,4.571428571428572,40.238095238095234,4.904761904761905,6.0476190476190474,0.0,0.19047619047619047,0.23809523809523805,0.09523809523809523,0.7492063492063492,13.095238095238095,3.3333333333333335,1.4285714285714286,12.04761904761905,2.809523809523809,3.0,17.857142857142858,48.23809523809524,33.142857142857146,65.42857142857143,0.42857142857142855,41.476190476190474,4.6190476190476195,2.142857142857143,38.42857142857142,4.904761904761904,4.904761904761905,0.23809523809523805,28.38095238095238,1.2857142857142858,0.7142857142857143,26.38095238095238,2.0952380952380953,1.9047619047619044,30.38095238095238,32.285714285714285,0.24999999999999994,0.2645161290322581,0.693877551020408,0.062499999999999986,0.2840236686390533,0.5728155339805825,0.44881889763779526,0.3311627906976744,0.4326561324303988,0.5555555555555556,0.6842709529276694,0.27835051546391754,0.9111111111111111,0.6864931846344484,0.4271844660194175,0.38834951456310685,0.6298124383020731,0.4934497816593886
Josh Hendricks,Southpaw,No,No,No,Josh Hendricks,0.0,0.0,0.0,0.0,0.0,1.0,0.0,0.0,0.0,1.0,0.0,1.0,5.0,6.0,10.0,0.0,5.0,0.0,0.0,2.0,3.0,0.0,1.0,0.0,0.0,0.0,0.0666666666666666,7.0,5.0,0.0,3.0,7.0,2.0,12.0,17.0,12.0,17.0,0.0,11.0,6.0,0.0,7.0,8.0,2.0,0.0,4.0,1.0,0.0,4.0,1.0,0.0,5.0,5.0,,0.2,,,0.0,0.3333333333333333,,0.2,0.6,,0.36363636363636365,0.16666666666666663,,0.5714285714285714,0.125,0.0,0.2941176470588235,0.2941176470588235
Alvin Robinson,Southpaw,No,No,No,Alvin Robinson,0.0,0.4166666666666667,0.3333333333333333,0.5,1.6513888888888888,8.083333333333334,0.25,0.08333333333333333,1.5833333333333333,0.5,6.333333333333333,8.416666666666666,16.25,36.75,49.5,0.8333333333333334,15.75,0.25,0.25,4.333333333333333,1.0,10.916666666666666,0.0,0.5833333333333334,1.0833333333333333,0.4166666666666667,2.6125,4.0,0.9166666666666666,0.16666666666666666,0.5,0.25,4.333333333333333,5.083333333333333,10.666666666666666,26.583333333333332,34.75,0.75,9.416666666666666,0.9166666666666666,0.3333333333333333,2.1666666666666665,0.25,8.25,0.16666666666666666,5.416666666666667,0.0,0.16666666666666666,1.6666666666666667,0.0,3.9166666666666665,5.583333333333333,8.166666666666666,0.5,0.5132275132275133,1.0,1.6666666666666667,0.3653846153846154,0.5,0.5801526717557252,0.5179487179487179,0.7424242424242424,0.2222222222222222,0.5752212389380531,0.0,-0.7500000000000002,0.7692307692307692,0.0,0.4747474747474748,0.5234375,0.23501199040767384
Ryan Thomas,Orthodox,No,No,No,Ryan Thomas,0.0,1.25,0.5,0.0,1.1833333333333331,3.75,1.75,1.25,3.0,1.25,2.5,6.75,18.75,27.0,40.75,3.75,14.5,2.5,1.75,13.0,3.25,2.5,0.25,0.5,1.25,0.0,1.2208333333333332,7.25,5.75,1.0,9.0,2.75,2.25,14.0,20.25,19.0,26.0,0.5,13.0,6.25,1.0,14.75,3.25,2.25,0.0,5.75,0.5,0.0,5.75,0.5,0.0,6.25,7.0,0.3333333333333333,0.25862068965517243,0.7,0.7142857142857143,0.23076923076923078,0.38461538461538464,1.0,0.36,0.6625766871165644,0.0,0.4423076923076923,0.07999999999999996,0.5,0.38983050847457623,0.15384615384615385,0.0,0.308641975308642,0.2692307692307693
Jess Liaudin,Orthodox,No,No,No,Jess Liaudin,0.13333333333333333,1.1333333333333333,0.3666666666666667,0.0,1.6794444444444443,6.366666666666667,1.0999999999999999,0.9333333333333332,3.6666666666666665,3.033333333333333,1.7,8.4,16.766666666666666,18.166666666666668,26.900000000000002,2.1,14.299999999999999,1.4000000000000001,1.0666666666666667,9.933333333333334,3.9333333333333336,2.9,0.13333333333333333,1.0,0.0,0.06666666666666667,1.8183333333333334,7.066666666666666,2.2666666666666666,1.4000000000000001,2.6,3.9,4.233333333333333,10.733333333333334,19.633333333333333,31.633333333333336,41.199999999999996,1.5666666666666667,15.799999999999999,2.2666666666666666,1.5666666666666667,6.8,4.8999999999999995,7.933333333333334,0.5666666666666667,8.733333333333333,0.0,0.16666666666666666,4.2,1.0,3.6999999999999997,8.9,9.566666666666666,0.5396825396825397,0.4452214452214453,0.7857142857142856,1.0625,0.36912751677852346,0.771186440677966,0.5862068965517241,0.5009940357852883,0.6753407682775713,0.36170212765957444,0.5527426160337552,0.0,0.36170212765957444,0.6176470588235294,0.20408163265306112,0.46638655462184875,0.45331069609507635,0.23220064724919076
David Baron,Switch,No,No,No,David Baron,0.0,0.0,0.3333333333333333,0.3333333333333333,0.3055555555555555,1.6666666666666667,0.6666666666666666,0.0,1.6666666666666667,0.6666666666666666,0.0,2.3333333333333335,5.333333333333333,7.333333333333333,10.333333333333334,0.3333333333333333,4.666666666666667,0.6666666666666666,0.0,3.6666666666666665,1.6666666666666667,0.0,0.0,1.6666666666666667,1.6666666666666667,0.0,3.5833333333333335,3.3333333333333335,0.6666666666666666,1.0,1.0,0.3333333333333333,3.6666666666666665,5.0,9.333333333333334,15.333333333333334,21.333333333333332,2.0,7.0,0.6666666666666666,1.6666666666666667,3.6666666666666665,0.6666666666666666,5.0,0.3333333333333333,3.6666666666666665,0.0,0.6666666666666666,2.6666666666666665,0.3333333333333333,1.3333333333333333,4.333333333333333,6.0,0.0,0.35714285714285715,1.0,,0.4545454545454546,0.39999999999999997,,0.43750000000000006,0.7096774193548386,0.16666666666666663,0.5238095238095237,0.0,0.0,0.7272727272727273,0.5,0.2666666666666667,0.4642857142857143,0.2812499999999999
Rameau Thierry Sokoudjou,Orthodox,No,No,No,Rameau Thierry Sokoudjou,0.16666666666666666,0.3333333333333333,0.3333333333333333,0.0,0.06944444444444443,4.916666666666666,2.5,3.4166666666666665,9.333333333333332,1.0,0.5,10.833333333333334,28.333333333333332,13.666666666666666,31.333333333333332,0.8333333333333334,21.083333333333336,2.9166666666666665,4.333333333333334,26.0,1.6666666666666667,0.6666666666666666,0.5,0.0,1.0833333333333333,0.16666666666666666,1.1861111111111113,11.5,2.083333333333333,1.5833333333333333,9.333333333333334,0.5,5.333333333333333,15.166666666666666,31.75,19.083333333333332,35.833333333333336,0.0,27.083333333333336,2.833333333333333,1.8333333333333333,20.583333333333336,1.25,9.916666666666666,0.0,15.583333333333332,0.75,0.25,11.25,0.75,4.583333333333333,16.583333333333332,16.75,0.39999999999999997,0.23320158102766794,0.8571428571428572,0.07692307692307691,0.3589743589743589,0.6,0.75,0.3823529411764706,0.43617021276595747,,0.5753846153846154,0.26470588235294124,1.0,0.5465587044534413,0.6,0.46218487394957986,0.5223097112860893,0.4674418604651164
Samy Schiavo,Orthodox,No,No,No,Samy Schiavo,0.0,0.3333333333333333,0.3333333333333333,0.0,1.1583333333333332,4.833333333333333,0.3333333333333333,1.3333333333333333,3.1666666666666665,1.6666666666666667,1.6666666666666667,6.5,17.5,7.5,18.666666666666668,0.5,15.333333333333334,0.8333333333333334,1.3333333333333333,11.5,2.5,3.5,0.0,0.5,1.5,0.0,1.6444444444444446,5.833333333333333,4.166666666666667,0.8333333333333334,1.1666666666666667,5.333333333333333,4.333333333333333,10.833333333333334,16.0,29.666666666666668,35.0,1.5,10.166666666666666,5.0,0.8333333333333334,3.5,6.333333333333333,6.166666666666667,1.0,4.333333333333333,0.8333333333333334,0.0,2.3333333333333335,1.0,1.8333333333333333,5.166666666666667,5.333333333333333,0.6666666666666666,0.3152173913043478,0.39999999999999997,0.25,0.2753623188405797,0.6666666666666667,0.4761904761904762,0.37142857142857144,0.40178571428571425,0.6666666666666667,0.42622950819672134,0.16666666666666663,0.4,0.6666666666666666,0.1578947368421053,0.29729729729729737,0.32291666666666663,0.1523809523809524
Neil Wain,Orthodox,No,No,No,Neil Wain,0.0,0.0,0.0,0.0,0.0,4.0,0.0,0.0,3.0,1.0,0.0,4.0,8.0,8.0,12.0,0.0,8.0,0.0,0.0,5.0,3.0,0.0,0.0,1.0,0.0,0.0,1.0333333333333334,11.0,2.0,0.0,0.0,2.0,11.0,13.0,23.0,23.0,33.0,2.0,21.0,2.0,0.0,2.0,4.0,17.0,1.0,10.0,0.0,0.0,2.0,2.0,6.0,10.0,10.0,,0.5,,,0.6,0.3333333333333333,,0.5,0.6666666666666666,0.5,0.47619047619047616,0.0,-inf,1.0,0.5,0.3529411764705882,0.4347826086956522,0.303030303030303
Brad Morris,Orthodox,No,No,No,Brad Morris,0.0,0.0,0.0,0.0,0.04166666666666665,1.75,0.0,0.25,2.0,0.0,0.0,2.0,2.75,2.0,2.75,0.25,2.5,0.0,0.25,2.75,0.0,0.0,0.75,0.25,0.25,0.0,2.9791666666666665,19.0,2.25,0.0,1.25,1.25,18.75,21.25,28.75,48.0,57.25,0.25,26.5,2.25,0.0,2.5,1.25,25.0,0.0,7.5,0.0,0.0,1.25,0.0,6.25,7.5,9.25,0.0,0.7,,0.0,0.7272727272727273,,,0.7272727272727273,0.7272727272727273,0.0,0.28301886792452835,0.0,-inf,0.5,0.0,0.25,0.26086956521739135,0.16157205240174677
Jason Lambert,Orthodox,No,No,No,Jason Lambert,0.225,0.325,0.475,0.0,1.170625,6.35,2.7,0.975,1.025,3.3,5.7,10.025,17.325,22.4125,31.725,0.8375,13.3625,2.925,1.0375,4.0875,4.2625,8.975,0.2875,1.0875,0.4125,0.0,1.499375,4.5375,0.825,0.625,1.525,1.775,2.6875,5.9875,12.2375,13.6875,20.5,1.575,10.15,1.4,0.6875,4.725,3.4625,4.05,0.4875,5.6125,0.575,0.0625,3.2,1.6875,1.3625,6.25,6.8125,0.3880597014925373,0.4752104770813844,0.9230769230769232,0.3132530120481928,0.25076452599388377,0.7741935483870968,0.6350974930362118,0.5786435786435787,0.706461780929866,0.30952380952380953,0.5529556650246306,0.4107142857142857,-0.5818181818181818,0.6772486772486772,0.4873646209386282,0.3364197530864197,0.5107252298263535,0.33231707317073167
Heath Herring,Orthodox,No,No,No,Heath Herring,0.3333333333333333,0.3333333333333333,0.06666666666666667,0.4000000000000001,1.2922222222222222,6.2,4.2,1.0666666666666667,3.6666666666666665,1.2666666666666666,6.533333333333334,11.466666666666667,27.46666666666667,25.53333333333333,42.6,0.39999999999999997,21.066666666666666,5.266666666666667,1.1333333333333333,15.466666666666667,2.8000000000000003,9.200000000000001,0.06666666666666667,1.4000000000000001,0.39999999999999997,0.20000000000000004,2.3144444444444443,6.866666666666666,3.8666666666666667,1.0666666666666667,4.3999999999999995,2.066666666666667,5.333333333333333,11.799999999999999,21.666666666666668,23.266666666666666,34.666666666666664,1.7333333333333334,16.53333333333333,4.0,1.1333333333333333,12.066666666666668,2.2666666666666666,7.333333333333333,0.3333333333333333,9.666666666666666,0.13333333333333333,0.06666666666666667,7.666666666666667,0.19999999999999998,2.0,9.866666666666667,11.4,0.8333333333333334,0.29430379746835444,0.7974683544303798,0.29411764705882354,0.23706896551724138,0.45238095238095233,0.7101449275362319,0.4174757281553398,0.5993740219092332,0.1923076923076923,0.5846774193548387,0.033333333333333326,-0.23529411764705888,0.6353591160220995,0.08823529411764697,0.2727272727272727,0.4553846153846155,0.3288461538461538
Luke Cummo,Orthodox,No,No,No,Luke Cummo,0.21428571428571427,0.273015873015873,0.5,0.0,0.6589417989417989,4.2555555555555555,2.8095238095238098,1.0238095238095237,4.368253968253968,2.2269841269841266,1.4936507936507937,8.088888888888889,18.40793650793651,20.966666666666665,32.48412698412698,0.4793650793650794,13.20952380952381,4.126984126984127,1.0714285714285714,12.092063492063494,3.6857142857142855,2.63015873015873,0.0,1.7793650793650795,0.5349206349206349,0.17777777777777778,2.621005291005291,4.8619047619047615,1.1793650793650794,0.7174603174603175,1.5666666666666667,1.1952380952380952,3.996825396825397,6.758730158730159,16.644444444444446,19.19047619047619,31.379365079365076,3.1015873015873017,14.0,1.680952380952381,0.9634920634920635,7.385714285714286,1.887301587301587,7.371428571428571,1.3222222222222222,9.138095238095238,0.5015873015873016,0.24603174603174602,5.81904761904762,0.6920634920634919,3.3746031746031746,9.885714285714286,12.188888888888888,0.5695364238410595,0.32215813506368657,0.6807692307692308,0.25481481481481477,0.36124967182987655,0.6042204995693368,0.5678937839468919,0.4394239889626627,0.6454434400195456,0.4263050153531218,0.6527210884353742,0.2983947119924457,-0.8467874794069195,0.7878787878787878,0.3666947014297729,0.4577950043066322,0.5939347701697502,0.3884364408923061
James Giboo,Orthodox,No,No,No,James Giboo,0.0,0.0,0.0,0.0,0.23333333333333334,2.0,1.5,1.0,4.5,0.0,0.0,4.5,16.5,7.0,19.0,3.0,14.0,1.5,1.0,16.0,0.5,0.0,2.0,0.0,0.0,0.0,1.825,23.0,2.0,1.5,15.0,2.5,9.0,26.5,43.5,42.0,60.0,0.0,38.5,2.5,2.5,26.0,4.0,13.5,0.0,15.5,0.5,1.0,11.0,1.5,4.5,17.0,18.0,0.0,0.14285714285714285,1.0,0.0,0.28125,0.0,,0.2727272727272727,0.3684210526315789,,0.4025974025974026,0.19999999999999996,1.0,0.42307692307692313,0.375,0.33333333333333337,0.3908045977011494,0.30000000000000004
Cale Yarbrough,Orthodox,No,No,No,Cale Yarbrough,0.0,0.0,0.0,0.0,0.0,2.0,2.0,2.0,6.0,0.0,0.0,6.0,22.0,6.0,22.0,0.0,17.0,2.0,3.0,22.0,0.0,0.0,1.0,0.0,0.0,0.0,0.0333333333333333,19.0,0.0,0.0,17.0,0.0,2.0,19.0,68.0,19.0,68.0,0.0,66.0,2.0,0.0,66.0,0.0,2.0,0.0,47.0,2.0,0.0,49.0,0.0,0.0,49.0,49.0,,0.11764705882352941,1.0,0.0,0.2727272727272727,,,0.2727272727272727,0.2727272727272727,,0.7121212121212122,1.0,,0.7424242424242424,,0.0,0.7205882352941176,0.7205882352941176
Marvin Eastman,Orthodox,No,No,No,Marvin Eastman,0.0,0.17777777777777778,0.0,0.0,0.7751851851851853,4.688888888888889,2.3111111111111113,1.5555555555555554,2.3555555555555556,6.2,0.0,8.555555555555555,25.666666666666668,15.644444444444446,32.75555555555555,1.0444444444444445,21.155555555555555,2.6444444444444444,1.8666666666666665,17.2,8.466666666666667,0.0,0.35555555555555557,0.39999999999999997,0.0,0.0,0.9448148148148148,6.7555555555555555,4.688888888888889,2.2444444444444445,3.0,10.111111111111112,0.5777777777777777,13.688888888888888,24.177777777777777,17.755555555555556,28.244444444444444,1.4444444444444444,16.822222222222223,5.044444444444444,2.3111111111111113,11.933333333333332,11.533333333333333,0.7111111111111111,1.0444444444444445,10.066666666666666,0.35555555555555557,0.06666666666666667,8.933333333333334,1.4222222222222223,0.13333333333333333,10.488888888888889,10.488888888888889,0.1702127659574468,0.2216386554621849,0.8739495798319329,0.09523809523809525,0.13695090439276486,0.7322834645669292,,0.3333333333333333,0.47761194029850756,0.7230769230769232,0.5984147952443857,0.07048458149779724,0.826923076923077,0.7486033519553073,0.1233140655105972,0.1875000000000001,0.4338235294117647,0.37136113296616835
Evan Tanner,Orthodox,Yes,No,Yes,Evan Tanner,0.016666666666666666,0.5226190476190475,0.18571428571428572,0.0,1.5375396825396825,7.510714285714286,3.192857142857143,1.1833333333333333,4.804166666666667,2.480952380952381,4.601785714285715,11.886904761904763,21.757142857142856,20.267857142857142,31.03214285714286,1.776190476190476,16.027380952380952,4.44404761904762,1.2857142857142856,11.975595238095238,3.258928571428571,6.522619047619047,0.10238095238095238,0.11904761904761904,0.14583333333333331,0.06904761904761905,0.29855158730158726,12.036309523809525,2.030357142857143,1.1327380952380952,10.261904761904763,4.2976190476190474,0.6398809523809523,15.199404761904763,33.9625,20.749404761904763,39.59583333333333,0.1523809523809524,30.435119047619047,2.2541666666666664,1.2732142857142856,26.61190476190476,6.475,0.8755952380952381,0.03333333333333333,18.398809523809526,0.2238095238095238,0.14047619047619048,16.35,2.177380952380952,0.2357142857142857,18.76309523809524,18.84642857142857,0.29423592493297585,0.46861769293619554,0.7184570050897401,0.40648148148148144,0.4011630796759283,0.7612785388127855,0.7055119547362658,0.5463449332457869,0.6531246403498676,0.2187500000000001,0.6045256302438833,0.09928703459202526,0.9064983637213652,0.6143866869464077,0.3362750505607648,0.2692046227056425,0.5524650787808683,0.4759699944378466
Dante Rivera,Southpaw,No,No,No,Dante Rivera,0.0,0.0,0.0,0.0,0.8277777777777778,3.6666666666666665,6.333333333333333,1.3333333333333333,3.0,8.0,0.3333333333333333,11.333333333333334,21.333333333333332,21.333333333333332,31.666666666666668,1.6666666666666667,8.666666666666666,11.333333333333334,1.3333333333333333,6.0,14.333333333333334,1.0,0.0,1.6666666666666667,0.6666666666666666,0.0,3.0499999999999994,5.0,8.666666666666666,6.333333333333333,0.3333333333333333,14.0,5.666666666666667,20.0,26.666666666666668,43.0,50.333333333333336,2.0,8.333333333333334,11.333333333333334,7.0,3.3333333333333335,17.0,6.333333333333333,0.3333333333333333,3.3333333333333335,2.6666666666666665,0.6666666666666666,3.0,3.0,0.6666666666666666,6.666666666666667,7.333333333333333,0.0,0.4230769230769231,0.5588235294117646,0.0,0.5,0.5581395348837209,0.3333333333333333,0.5312500000000001,0.6736842105263158,0.16666666666666663,0.4,0.23529411764705888,0.7619047619047619,0.9,0.17647058823529416,0.10526315789473673,0.25,0.14569536423841067
Rob Yundt,Orthodox,No,No,No,Rob Yundt,0.0,0.5,0.0,0.0,1.1416666666666668,1.0,2.5,0.0,1.0,0.0,2.5,3.5,8.5,27.5,32.5,0.5,6.0,2.5,0.0,5.5,0.0,3.0,0.0,1.0,2.5,0.0,0.9333333333333333,5.5,1.0,0.0,2.0,0.0,4.5,6.5,9.5,14.5,17.5,1.0,8.5,1.0,0.0,3.5,0.0,6.0,0.0,3.0,0.0,0.0,1.5,0.0,1.5,3.0,3.0,1.0,0.16666666666666666,1.0,inf,0.18181818181818182,,0.8333333333333334,0.4117647058823529,0.8461538461538461,0.0,0.3529411764705882,0.0,-inf,0.4285714285714286,,0.25,0.3157894736842105,0.17142857142857137
Jason Tan,Orthodox,No,No,No,Jason Tan,0.0,0.0,0.0,0.0,0.4222222222222222,0.3333333333333333,0.0,1.3333333333333333,1.6666666666666667,0.0,0.0,1.6666666666666667,6.166666666666667,4.666666666666667,9.166666666666666,1.0,4.5,0.0,1.6666666666666667,5.833333333333333,0.3333333333333333,0.0,0.16666666666666666,0.8333333333333334,0.0,0.0,1.9138888888888885,17.666666666666668,0.6666666666666666,0.0,1.6666666666666667,3.6666666666666665,13.0,18.333333333333332,22.833333333333332,35.5,40.166666666666664,0.8333333333333334,22.166666666666668,0.6666666666666666,0.0,4.166666666666667,3.8333333333333335,14.833333333333334,0.0,4.5,0.0,0.0,2.5,0.16666666666666666,1.8333333333333333,4.5,4.666666666666667,0.0,0.07407407407407407,,0.0,0.28571428571428575,0.0,,0.2702702702702703,0.5090909090909091,0.0,0.20300751879699253,0.0,-inf,0.6000000000000001,0.0434782608695653,0.12359550561797761,0.1970802919708029,0.1161825726141078
Kazuhiro Nakamura,Orthodox,No,No,No,Kazuhiro Nakamura,0.0,0.6666666666666666,0.0,0.0,0.5694444444444444,2.0,1.8333333333333333,0.8333333333333334,2.0,2.6666666666666665,0.0,4.666666666666667,12.166666666666666,7.5,15.333333333333334,2.8333333333333335,9.166666666666666,2.1666666666666665,0.8333333333333334,7.5,4.333333333333333,0.3333333333333333,0.16666666666666666,0.5,0.3333333333333333,0.0,2.536111111111111,11.833333333333334,8.0,3.8333333333333335,7.5,9.5,6.666666666666667,23.666666666666668,32.166666666666664,42.833333333333336,51.333333333333336,0.6666666666666666,19.833333333333332,8.333333333333334,4.0,12.0,10.166666666666666,10.0,0.16666666666666666,8.0,0.3333333333333333,0.16666666666666666,4.5,0.6666666666666666,3.3333333333333335,8.5,8.5,0.2352941176470588,0.2181818181818182,0.8461538461538461,0.7999999999999999,0.26666666666666666,0.6153846153846154,0.0,0.3835616438356165,0.4891304347826087,0.25,0.403361344537815,0.040000000000000036,0.875,0.375,0.06557377049180324,0.33333333333333326,0.2642487046632124,0.1655844155844156
Ivan Salaverry,Orthodox,No,No,No,Ivan Salaverry,0.047619047619047616,0.15873015873015872,0.7301587301587302,0.1111111111111111,0.5714285714285714,2.9523809523809526,2.0,4.904761904761905,7.222222222222222,1.365079365079365,1.2698412698412698,9.857142857142856,21.07936507936508,23.19047619047619,35.26984126984127,0.8571428571428571,11.84126984126984,2.5238095238095237,6.714285714285715,17.206349206349206,2.1587301587301586,1.7142857142857142,0.0,0.8888888888888888,0.41269841269841273,0.0,1.453703703703704,3.015873015873016,0.15873015873015872,1.603174603174603,2.238095238095238,0.9841269841269842,1.5555555555555554,4.777777777777778,18.26984126984127,11.285714285714285,26.142857142857142,1.4126984126984128,15.111111111111109,0.5238095238095238,2.634920634920635,13.936507936507937,1.5714285714285714,2.7619047619047614,0.5238095238095238,12.095238095238095,0.36507936507936506,1.0317460317460319,11.698412698412698,0.5873015873015873,1.2063492063492063,13.492063492063492,14.857142857142856,0.18518518518518517,0.24932975871313676,0.7924528301886793,0.023640661938534275,0.4197416974169742,0.6323529411764706,0.7407407407407407,0.4676204819277108,0.6575157515751574,0.3707865168539327,0.8004201680672269,0.696969696969697,0.6626506024096386,0.8394077448747153,0.3737373737373737,0.4367816091954023,0.738488271068636,0.5683060109289617
War Machine,Orthodox,No,No,No,War Machine,0.0,0.16666666666666666,0.0,0.3333333333333333,1.6555555555555557,7.333333333333333,0.3333333333333333,0.16666666666666666,1.0,0.0,6.833333333333333,7.833333333333333,13.5,30.833333333333332,38.666666666666664,0.5,13.0,0.3333333333333333,0.16666666666666666,3.0,0.0,10.5,0.3333333333333333,0.6666666666666666,0.5,0.0,1.2916666666666667,11.333333333333334,0.0,0.0,1.1666666666666667,1.6666666666666667,8.5,11.333333333333334,21.0,22.5,33.166666666666664,1.3333333333333333,21.0,0.0,0.0,4.166666666666667,2.0,14.833333333333334,0.6666666666666666,9.666666666666666,0.0,0.0,3.0,0.3333333333333333,6.333333333333333,9.666666666666666,10.666666666666666,0.3333333333333333,0.5641025641025641,1.0,1.0,0.3333333333333333,,0.6507936507936508,0.5802469135802469,0.7974137931034483,0.5,0.46031746031746024,,-inf,0.72,0.16666666666666663,0.4269662921348315,0.46031746031746024,0.321608040201005
Kuniyoshi Hironaka,Orthodox,No,No,No,Kuniyoshi Hironaka,0.08333333333333333,0.75,0.25,0.0,1.504166666666667,4.916666666666667,1.0,0.75,2.4166666666666665,0.8333333333333334,3.4166666666666665,6.666666666666667,15.083333333333334,22.0,31.166666666666668,2.4166666666666665,13.0,1.1666666666666667,0.9166666666666666,8.333333333333334,1.3333333333333333,5.416666666666667,0.16666666666666666,0.5833333333333334,0.0,0.08333333333333333,1.4986111111111111,8.75,1.1666666666666667,3.0,6.666666666666667,2.3333333333333335,3.9166666666666665,12.916666666666666,27.916666666666668,31.666666666666668,48.0,0.6666666666666666,22.333333333333332,1.9166666666666667,3.6666666666666665,17.083333333333332,4.75,6.083333333333333,0.08333333333333333,13.583333333333334,0.75,0.6666666666666666,10.416666666666666,2.4166666666666665,2.1666666666666665,15.0,16.333333333333332,0.3103448275862069,0.37820512820512825,0.8571428571428571,0.8181818181818182,0.29,0.6250000000000001,0.6307692307692307,0.4419889502762431,0.7058823529411764,0.12499999999999989,0.6082089552238805,0.3913043478260869,0.8409090909090908,0.6097560975609755,0.5087719298245614,0.3561643835616438,0.5373134328358209,0.3402777777777778
Charles McCarthy,Orthodox,No,No,No,Charles McCarthy,0.0,0.5,0.5,0.0,0.7361111111111112,0.16666666666666666,0.16666666666666666,0.16666666666666666,0.3333333333333333,0.16666666666666666,0.0,0.5,4.5,2.0,7.833333333333333,0.8333333333333334,4.166666666666666,0.16666666666666666,0.16666666666666666,4.333333333333334,0.16666666666666666,0.0,0.6666666666666666,0.0,0.0,0.0,1.1083333333333332,10.0,5.333333333333334,0.6666666666666666,5.666666666666666,4.666666666666667,5.666666666666667,16.0,34.0,21.0,39.5,0.0,26.5,6.333333333333333,1.1666666666666667,16.5,7.666666666666667,9.833333333333334,0.0,16.5,1.0,0.5,10.833333333333334,3.0,4.166666666666667,18.0,18.5,0.6,0.04,1.0,3.0,0.07692307692307691,1.0,,0.1111111111111111,0.25531914893617025,,0.6226415094339622,0.1578947368421051,1.0,0.6565656565656566,0.3913043478260869,0.423728813559322,0.5294117647058824,0.4683544303797469
Kalib Starnes,Orthodox,No,No,No,Kalib Starnes,0.0,0.3666666666666667,0.13333333333333333,0.1111111111111111,0.8195370370370371,6.088888888888889,3.172222222222222,1.7333333333333334,5.555555555555556,3.2055555555555557,2.2333333333333334,10.994444444444445,22.405555555555555,15.944444444444445,27.866666666666664,1.1611111111111112,15.96111111111111,4.477777777777778,1.9666666666666668,14.905555555555557,3.6888888888888887,3.8111111111111113,0.0,0.2611111111111111,0.06666666666666667,0.0,0.5409259259259259,9.888888888888888,3.3833333333333333,5.411111111111111,12.27222222222222,4.777777777777778,1.6333333333333335,18.683333333333334,39.644444444444446,31.400000000000002,53.394444444444446,0.3444444444444444,28.766666666666666,4.8500000000000005,6.027777777777778,29.122222222222224,8.116666666666667,2.4055555555555554,0.08333333333333333,18.877777777777776,1.4666666666666668,0.6166666666666667,16.849999999999998,3.3388888888888886,0.7722222222222223,20.961111111111112,21.994444444444444,0.3157894736842105,0.3814827706230421,0.7084367245657568,0.1864406779661017,0.37271710771524413,0.868975903614458,0.5860058309037901,0.49070171088519715,0.5721690590111643,0.24193548387096753,0.656237929702588,0.302405498281787,0.9566820276497696,0.5785959557420832,0.4113620807665983,0.3210161662817551,0.5287275784753364,0.411923837269795
Travis Lutter,Orthodox,No,No,No,Travis Lutter,0.06666666666666667,0.3444444444444445,0.1111111111111111,0.05555555555555555,0.8177777777777777,0.7444444444444445,0.37777777777777777,0.0,0.3,0.32222222222222224,0.5,1.122222222222222,4.022222222222222,5.211111111111111,8.222222222222221,2.022222222222222,3.588888888888889,0.43333333333333335,0.0,2.755555555555555,0.37777777777777777,0.8888888888888888,0.06666666666666667,0.6888888888888888,0.18888888888888888,0.05555555555555555,2.345925925925926,5.366666666666667,1.5999999999999999,2.011111111111111,2.1888888888888887,3.3777777777777778,3.4111111111111114,8.977777777777778,14.977777777777776,32.544444444444444,39.78888888888889,0.8666666666666667,10.97777777777778,1.8222222222222222,2.1777777777777776,5.866666666666667,4.0,5.111111111111111,0.17777777777777778,5.611111111111111,0.2222222222222222,0.16666666666666666,3.6777777777777776,0.6222222222222222,1.7,6.0,7.2444444444444445,0.17032967032967036,0.20743034055727555,0.8717948717948717,inf,0.1088709677419355,0.8529411764705883,0.5625,0.2790055248618784,0.6337837837837839,0.2051282051282053,0.5111336032388665,0.12195121951219523,0.6836734693877551,0.6268939393939394,0.15555555555555556,0.33260869565217377,0.400593471810089,0.18207204691426981
Tommy Speer,Orthodox,No,No,No,Tommy Speer,0.0,0.0,0.0,0.0,0.23333333333333334,0.0,1.0,1.0,0.0,2.0,0.0,2.0,7.0,2.5,7.5,1.0,4.5,1.5,1.0,4.5,2.5,0.0,0.5,0.5,0.5,0.0,0.625,9.5,2.5,0.5,4.5,4.5,3.5,12.5,19.5,25.5,33.0,1.0,16.0,3.0,0.5,9.5,5.0,5.0,0.5,6.5,0.5,0.0,5.0,0.5,1.5,7.0,7.5,0.0,0.0,0.6666666666666666,0.0,0.0,0.8,,0.2857142857142857,0.3333333333333333,0.5,0.40625,0.16666666666666663,0.0,0.5263157894736843,0.09999999999999998,0.30000000000000004,0.3589743589743589,0.2272727272727273
Roman Mitichyan,Orthodox,No,No,No,Roman Mitichyan,0.0,0.25,0.25,0.25,0.2,0.0,0.0,0.5,0.5,0.0,0.0,0.5,3.5,2.0,5.0,0.25,2.5,0.25,0.75,3.0,0.25,0.25,0.0,1.0,0.75,0.25,1.8666666666666667,8.25,0.5,0.0,1.0,0.25,7.5,8.75,14.0,30.25,37.75,1.25,13.0,1.0,0.0,3.75,0.75,9.5,0.25,4.75,0.5,0.0,2.75,0.5,2.0,5.25,7.5,1.0,0.0,0.0,0.3333333333333333,0.16666666666666666,0.0,0.0,0.14285714285714285,0.4,0.19999999999999996,0.3653846153846154,0.5,-inf,0.7333333333333334,0.6666666666666667,0.21052631578947367,0.375,0.19867549668874174
Din Thomas,Orthodox,No,No,No,Din Thomas,0.037037037037037035,0.36507936507936506,0.35767195767195764,0.0,1.0477954144620811,7.182010582010581,0.8825396825396825,0.7777777777777777,5.073015873015873,2.996825396825397,0.7724867724867724,8.842328042328042,23.239153439153437,20.70793650793651,36.13544973544973,0.7820105820105819,21.106878306878304,1.3174603174603174,0.8148148148148149,17.53121693121693,4.48042328042328,1.2275132275132277,0.037037037037037035,0.6306878306878306,0.1111111111111111,0.037037037037037035,1.7196296296296296,8.22962962962963,1.9238095238095239,1.908994708994709,3.7354497354497354,2.6846560846560847,5.642328042328042,12.062433862433863,29.645502645502646,23.823280423280423,42.523809523809526,3.085714285714286,24.954497354497352,2.4063492063492062,2.284656084656085,16.194708994708993,4.107936507936508,9.342857142857143,2.4550264550264553,16.724867724867725,0.48253968253968255,0.37566137566137564,12.45925925925926,1.4232804232804233,3.7005291005291006,17.583068783068782,18.7005291005291,0.4668470906630582,0.34026872555900933,0.6698795180722892,0.448051948051948,0.289370435202511,0.6688710439300898,0.6293103448275861,0.38049269158963617,0.5730643083050253,0.7956104252400549,0.6702145704350776,0.20052770448548807,0.7239462714219547,0.7693413486670151,0.3464708912931479,0.3960810963869068,0.5931108334820632,0.439766081871345
Jeff Cox,Orthodox,No,No,No,Jeff Cox,0.0,0.5,0.0,0.0,0.7083333333333334,0.0,0.0,1.0,0.0,1.0,0.0,1.0,4.0,2.0,5.0,1.0,3.0,0.0,1.0,3.0,1.0,0.0,0.0,0.5,1.0,0.5,0.5833333333333333,1.5,1.5,0.0,2.0,1.0,0.0,3.0,4.5,4.5,6.0,2.5,3.0,1.5,0.0,3.5,1.0,0.0,2.0,1.5,0.0,0.0,1.5,0.0,0.0,1.5,1.5,0.5,0.0,,0.5,0.0,1.0,,0.25,0.4,0.8,0.5,0.0,-inf,0.4285714285714286,0.0,,0.33333333333333337,0.25
Ryan Roberts,Orthodox,No,No,No,Ryan Roberts,0.0,0.0,0.0,0.0,0.0,0.0,0.0,0.0,0.0,0.0,0.0,0.0,1.0,0.0,1.0,0.0,1.0,0.0,0.0,1.0,0.0,0.0,1.0,0.0,1.0,0.0,0.1,6.0,0.0,0.0,1.0,0.0,5.0,6.0,11.0,6.0,11.0,0.0,11.0,0.0,0.0,5.0,0.0,6.0,0.0,5.0,0.0,0.0,4.0,0.0,1.0,5.0,5.0,,0.0,,,0.0,,,0.0,0.0,,0.4545454545454546,,,0.8,,0.16666666666666663,0.4545454545454546,0.4545454545454546
John Halverson,Southpaw,No,No,No,John Halverson,0.0,0.0,0.5,0.0,0.3055555555555555,8.5,3.3333333333333335,1.0,7.833333333333333,4.0,1.0,12.833333333333334,28.166666666666668,36.333333333333336,53.0,0.0,23.5,3.3333333333333335,1.3333333333333333,20.5,5.0,2.6666666666666665,0.0,0.5,0.0,0.0,2.6666666666666665,15.666666666666666,0.3333333333333333,5.0,6.0,2.3333333333333335,12.666666666666666,21.0,41.666666666666664,36.833333333333336,59.166666666666664,1.6666666666666667,36.0,0.3333333333333333,5.333333333333333,15.666666666666666,3.0,23.0,1.1666666666666667,20.333333333333332,0.0,0.3333333333333333,9.666666666666666,0.6666666666666666,10.333333333333334,20.666666666666668,22.333333333333332,,0.3617021276595745,1.0,0.0,0.38211382113821135,0.8,0.375,0.4556213017751479,0.6855345911949686,0.7,0.5648148148148149,0.0,0.90625,0.6170212765957447,0.2222222222222222,0.4492753623188406,0.496,0.3774647887323943
Tim Sylvia,Orthodox,Yes,No,Yes,Tim Sylvia,0.07692307692307693,0.015384615384615385,0.06666666666666667,0.03333333333333333,0.6674175824175824,11.383882783882784,1.657875457875458,2.862271062271062,11.104029304029304,3.054578754578755,1.7454212454212452,15.904029304029304,41.82380952380952,22.94139194139194,49.22014652014652,0.015384615384615385,36.62710622710623,2.07985347985348,3.116849816849817,35.364102564102566,4.4293040293040296,2.0304029304029307,0.046153846153846156,0.4450549450549451,0.16153846153846155,0.09999999999999999,1.0197374847374847,6.073626373626373,2.1113553113553114,1.8047619047619048,7.228205128205128,1.1087912087912088,1.6527472527472526,9.98974358974359,30.51062271062271,15.880219780219779,37.3948717948718,1.421245421245421,25.624908424908426,2.9036630036630036,1.9820512820512821,26.379853479853477,1.3783882783882784,2.7523809523809524,0.976190476190476,19.55128205128205,0.7923076923076924,0.17728937728937727,19.15164835164835,0.2695970695970696,1.0996336996336997,20.520879120879123,21.514652014652015,1.0,0.3108048643891511,0.7971116590348715,0.004935950170407804,0.3139915478952602,0.6896295071121403,0.8596427927115278,0.38026257017490084,0.4660975954633068,0.6868556701030928,0.7629795871690778,0.2728648921407846,0.7754574015893549,0.7259952511212631,0.19558862609619976,0.3995208943305829,0.6725814584483876,0.5753369641877597
Terry Martin,Orthodox,No,No,No,Terry Martin,0.05555555555555555,0.75,0.0,0.0,1.7162037037037037,6.833333333333333,3.75,1.8055555555555554,3.8888888888888893,6.861111111111111,1.6388888888888886,12.388888888888888,23.666666666666668,20.222222222222225,31.555555555555557,1.972222222222222,17.38888888888889,4.416666666666667,1.8611111111111114,13.222222222222221,8.138888888888888,2.305555555555556,0.25,0.08333333333333333,0.08333333333333333,0.0,0.7546296296296297,5.888888888888888,2.722222222222222,2.6944444444444446,3.4444444444444446,6.527777777777778,1.3333333333333333,11.305555555555555,23.555555555555557,33.88888888888889,46.194444444444436,0.75,17.36111111111111,3.1666666666666665,3.027777777777778,13.694444444444443,8.444444444444445,1.4166666666666667,0.6666666666666666,11.472222222222223,0.4444444444444444,0.3333333333333333,10.25,1.9166666666666667,0.08333333333333333,12.25,12.305555555555557,0.3802816901408451,0.3929712460063898,0.8490566037735848,0.4029850746268656,0.2941176470588236,0.8430034129692834,0.7108433734939757,0.5234741784037558,0.6408450704225352,0.8888888888888888,0.6608,0.14035087719298256,0.9724770642201835,0.7484787018255578,0.22697368421052633,0.05882352941176483,0.5200471698113208,0.2663860493084784
David Heath,Orthodox,No,No,No,David Heath,0.0,0.06666666666666667,0.19999999999999998,0.0,0.32629629629629625,3.9,1.3777777777777775,1.4777777777777779,5.211111111111111,0.8555555555555555,0.6888888888888888,6.7555555555555555,22.54444444444444,12.155555555555557,28.311111111111114,0.17777777777777778,17.866666666666667,2.466666666666667,2.211111111111111,19.7,1.8222222222222222,1.0222222222222221,0.16666666666666666,0.24444444444444446,0.41111111111111115,0.0,1.0144444444444443,16.07777777777778,4.811111111111111,3.288888888888889,11.422222222222222,4.022222222222222,8.733333333333333,24.177777777777777,49.5,35.32222222222222,62.01111111111111,0.7000000000000001,39.855555555555554,5.766666666666667,3.8777777777777778,30.07777777777778,5.655555555555556,13.766666666666666,0.45555555555555555,23.777777777777775,0.9555555555555556,0.5888888888888889,18.655555555555555,1.6333333333333335,5.033333333333333,25.322222222222223,26.688888888888886,0.375,0.21828358208955223,0.5585585585585584,0.030150753768844223,0.2645234066553864,0.4695121951219512,0.6739130434782608,0.2996550024642682,0.4293563579277865,0.6507936507936508,0.5965988291051016,0.1657032755298652,0.9369627507163324,0.620243812338382,0.2888015717092338,0.3656174334140436,0.5115600448933783,0.4303888192080273
Joe Veres,Orthodox,No,No,No,Joe Veres,0.0,0.0,0.0,0.0,0.07916666666666665,0.0,0.0,0.0,0.0,0.0,0.0,0.0,3.0,0.0,3.0,2.75,2.75,0.0,0.25,3.0,0.0,0.0,0.25,0.0,0.0,0.0,0.9333333333333333,8.25,3.25,0.0,1.75,1.0,8.75,11.5,14.5,21.25,24.5,0.0,11.25,3.25,0.0,3.5,1.25,9.75,0.0,3.0,0.0,0.0,1.75,0.25,1.0,3.0,3.25,0.0,0.0,,0.0,0.0,,,0.0,0.0,,0.2666666666666667,0.0,,0.5,0.19999999999999996,0.10256410256410253,0.2068965517241379,0.13265306122448983
Alberto Crane,Orthodox,No,No,No,Alberto Crane,0.16666666666666666,0.0,1.0,0.3333333333333333,0.75,0.5,0.6666666666666666,0.3333333333333333,1.5,0.0,0.0,1.5,5.5,4.5,8.833333333333334,2.3333333333333335,4.166666666666667,0.8333333333333334,0.5,5.5,0.0,0.0,0.0,0.16666666666666666,0.0,0.0,1.7055555555555555,7.833333333333333,1.0,1.0,3.3333333333333335,0.16666666666666666,6.333333333333333,9.833333333333334,21.666666666666668,28.333333333333332,43.666666666666664,0.3333333333333333,18.666666666666668,2.0,1.0,8.833333333333334,0.3333333333333333,12.5,0.16666666666666666,10.833333333333334,1.0,0.0,5.5,0.16666666666666666,6.166666666666667,11.833333333333334,15.333333333333334,0.0,0.12,0.7999999999999999,0.0,0.2727272727272727,,,0.2727272727272727,0.5094339622641509,0.5,0.5803571428571429,0.5,0.8333333333333334,0.6226415094339623,0.5,0.4933333333333334,0.5461538461538462,0.35114503816793896
James Lee,Southpaw,No,No,No,James Lee,0.0,2.0,0.0,0.0,0.7,0.0,0.0,0.0,0.0,0.0,0.0,0.0,1.0,0.0,1.0,4.0,1.0,0.0,0.0,1.0,0.0,0.0,0.0,0.0,0.0,0.0,0.1333333333333333,8.0,0.0,0.0,0.0,0.0,8.0,8.0,10.0,10.0,12.0,0.0,10.0,0.0,0.0,2.0,0.0,8.0,0.0,2.0,0.0,0.0,2.0,0.0,0.0,2.0,2.0,0.5,0.0,,inf,0.0,,,0.0,0.0,,0.19999999999999996,,,1.0,,0.0,0.19999999999999996,0.16666666666666663
Colin Robinson,Orthodox,No,No,No,Colin Robinson,0.0,0.25,0.5,0.0,0.5625,6.5,2.5,0.0,0.0,4.0,5.0,9.0,13.0,15.75,19.75,0.25,10.25,2.75,0.0,0.5,4.5,8.0,0.25,0.5,0.0,0.25,0.7,13.5,1.0,0.5,1.5,4.0,9.5,15.0,23.25,22.75,31.0,0.75,20.75,2.0,0.5,2.25,5.75,15.25,0.25,7.25,1.0,0.0,0.75,1.75,5.75,8.25,8.25,1.0,0.6341463414634146,0.9090909090909091,inf,0.0,0.8888888888888888,0.625,0.6923076923076923,0.7974683544303798,0.33333333333333337,0.3493975903614458,0.5,0.0,0.33333333333333337,0.30434782608695654,0.3770491803278688,0.3548387096774194,0.2661290322580645
Jordan Radev,Southpaw,No,No,No,Jordan Radev,0.0,0.0,0.0,0.0,0.2222222222222222,3.5,0.6666666666666666,1.6666666666666667,4.5,1.0,0.3333333333333333,5.833333333333333,24.666666666666668,15.0,33.833333333333336,0.0,20.666666666666668,0.6666666666666666,3.3333333333333335,20.5,2.8333333333333335,1.3333333333333333,0.16666666666666666,0.6666666666666666,0.0,0.0,0.8583333333333331,6.333333333333333,2.3333333333333335,1.6666666666666667,7.666666666666667,0.3333333333333333,2.3333333333333335,10.333333333333334,28.833333333333332,12.666666666666666,32.166666666666664,2.8333333333333335,21.5,5.166666666666667,2.1666666666666665,24.333333333333332,1.5,3.0,2.1666666666666665,15.166666666666666,2.8333333333333335,0.5,16.666666666666668,1.1666666666666667,0.6666666666666666,18.5,19.5,,0.1693548387096774,1.0,0.0,0.21951219512195122,0.3529411764705882,0.25,0.23648648648648646,0.44334975369458124,0.7647058823529412,0.7054263565891473,0.5483870967741935,0.6923076923076923,0.684931506849315,0.7777777777777778,0.2222222222222222,0.6416184971098265,0.6062176165803108
Doug Evans,Orthodox,No,No,No,Doug Evans,0.0,0.8333333333333334,0.3333333333333333,0.3333333333333333,0.6333333333333332,4.833333333333333,1.8333333333333333,0.8333333333333334,4.0,3.1666666666666665,0.3333333333333333,7.5,22.166666666666668,17.333333333333332,33.0,1.0,19.166666666666668,2.0,1.0,16.333333333333332,5.0,0.8333333333333334,0.0,1.6666666666666667,0.0,0.16666666666666666,2.944444444444444,7.0,3.0,1.3333333333333333,3.5,3.3333333333333335,4.5,11.333333333333334,24.5,28.5,44.833333333333336,5.0,19.666666666666668,3.5,1.3333333333333333,12.333333333333334,4.333333333333333,7.833333333333333,3.3333333333333335,12.666666666666666,0.5,0.0,8.833333333333334,1.0,3.3333333333333335,13.166666666666666,16.333333333333332,0.8333333333333334,0.25217391304347825,0.9166666666666666,0.8333333333333334,0.2448979591836735,0.6333333333333333,0.39999999999999997,0.3383458646616541,0.5252525252525252,0.6666666666666666,0.6440677966101696,0.1428571428571429,-0.2500000000000002,0.7162162162162162,0.23076923076923073,0.42553191489361697,0.5374149659863945,0.36431226765799263
Tony DeSouza,Southpaw,No,No,No,Tony DeSouza,0.0,0.6666666666666666,0.2222222222222222,0.05555555555555555,1.6842592592592591,4.138888888888888,0.2777777777777778,0.05555555555555555,0.3888888888888889,0.8333333333333334,3.25,4.472222222222222,8.5,11.861111111111109,15.944444444444443,1.1666666666666667,8.11111111111111,0.3333333333333333,0.05555555555555555,2.1944444444444446,1.2222222222222223,5.083333333333333,0.2222222222222222,0.2222222222222222,0.7222222222222222,0.3333333333333333,1.0458333333333334,3.5,0.0,0.8055555555555557,1.388888888888889,0.27777777777777773,2.638888888888889,4.305555555555556,9.25,27.722222222222225,33.94444444444444,0.3333333333333333,8.388888888888888,0.0,0.861111111111111,4.888888888888888,0.6944444444444443,3.6666666666666665,0.1111111111111111,4.888888888888889,0.0,0.05555555555555555,3.5,0.4166666666666667,1.027777777777778,4.944444444444444,6.222222222222222,0.5714285714285714,0.5102739726027397,0.8333333333333334,12.0,0.17721518987341772,0.6818181818181818,0.639344262295082,0.5261437908496732,0.7439024390243901,0.33333333333333337,0.5827814569536423,,0.7419354838709677,0.7159090909090908,0.6,0.2803030303030303,0.5345345345345345,0.18330605564648106
Dan Barrera,Orthodox,No,No,No,Dan Barrera,0.0,0.3333333333333333,0.0,0.3333333333333333,2.3833333333333333,2.0,0.0,2.0,0.0,2.0,2.0,4.0,5.666666666666667,19.666666666666668,21.333333333333332,4.0,3.6666666666666665,0.0,2.0,0.3333333333333333,2.0,3.3333333333333335,0.0,0.0,1.3333333333333333,0.0,1.9388888888888889,3.3333333333333335,2.3333333333333335,0.3333333333333333,1.6666666666666667,1.3333333333333333,3.0,6.0,8.333333333333334,47.666666666666664,51.0,0.0,5.666666666666667,2.3333333333333335,0.3333333333333333,3.6666666666666665,1.6666666666666667,3.0,0.0,2.3333333333333335,0.0,0.0,2.0,0.3333333333333333,0.0,2.3333333333333335,3.3333333333333335,0.08333333333333333,0.5454545454545455,,0.16666666666666666,0.0,1.0,0.6,0.7058823529411764,0.9218750000000001,,0.4117647058823529,0.0,1.0,0.5454545454545454,0.20000000000000007,0.0,0.28,0.06535947712418311
Billy Miles,Orthodox,No,No,No,Billy Miles,0.0,0.0,0.0,0.0,0.3166666666666666,0.0,0.0,0.0,0.0,0.0,0.0,0.0,3.0,0.0,3.0,2.0,3.0,0.0,0.0,3.0,0.0,0.0,0.0,0.0,1.0,0.0,1.2,2.0,0.0,0.0,0.0,0.0,2.0,2.0,3.0,24.0,28.0,0.0,3.0,0.0,0.0,1.0,0.0,2.0,0.0,1.0,0.0,0.0,1.0,0.0,0.0,1.0,4.0,0.0,0.0,,,0.0,,,0.0,0.0,,0.33333333333333337,,,1.0,,0.0,0.33333333333333337,0.1428571428571429
Paul Georgieff,Orthodox,No,No,No,Paul Georgieff,0.0,0.0,0.0,0.0,0.0,9.0,1.0,2.0,8.0,1.0,3.0,12.0,30.0,18.0,36.0,2.0,27.0,1.0,2.0,24.0,2.0,4.0,0.0,3.0,1.0,0.0,3.533333333333333,10.0,1.0,0.0,4.0,0.0,7.0,11.0,17.0,33.0,44.0,3.0,16.0,1.0,0.0,9.0,0.0,8.0,0.0,6.0,0.0,0.0,5.0,0.0,1.0,6.0,11.0,0.0,0.3333333333333333,1.0,0.0,0.3333333333333333,0.5,0.75,0.4,0.5,0.0,0.375,0.0,-inf,0.5555555555555556,,0.125,0.3529411764705882,0.25
John Kolosci,Orthodox,No,No,No,John Kolosci,0.0,0.0,0.0,0.0,3.3666666666666667,1.0,0.0,0.0,0.0,0.0,1.0,1.0,5.0,12.0,23.0,2.0,5.0,0.0,0.0,3.0,0.0,2.0,0.0,0.0,5.0,0.0,1.0,4.0,0.0,0.0,0.0,0.0,4.0,4.0,8.0,19.0,23.0,0.0,8.0,0.0,0.0,4.0,0.0,4.0,0.0,4.0,0.0,0.0,4.0,0.0,0.0,4.0,4.0,0.0,0.2,,,0.0,,0.5,0.2,0.5217391304347826,,0.5,,,1.0,,0.0,0.5,0.17391304347826086
Dorian Price,Southpaw,No,No,No,Dorian Price,0.0,0.0,0.0,0.0,0.0,0.0,0.0,0.0,0.0,0.0,0.0,0.0,2.0,0.0,2.0,0.0,1.0,1.0,0.0,1.0,1.0,0.0,0.0,1.0,1.0,0.0,0.2,0.0,0.0,0.0,0.0,0.0,0.0,0.0,0.0,0.0,0.0,1.0,0.0,0.0,0.0,0.0,0.0,0.0,0.0,0.0,0.0,0.0,0.0,0.0,0.0,0.0,0.0,,0.0,0.0,,0.0,0.0,,0.0,0.0,0.0,,,-inf,,,,,
Richie Hightower,Orthodox,No,No,No,Richie Hightower,0.0,1.0,0.0,0.0,0.3166666666666666,14.0,4.0,2.0,14.0,6.0,0.0,20.0,56.0,30.0,67.0,1.0,48.0,6.0,2.0,45.0,10.0,1.0,1.0,0.0,0.0,0.0,1.6333333333333333,16.0,1.0,13.0,15.0,12.0,3.0,30.0,38.0,36.0,44.0,2.0,24.0,1.0,13.0,22.0,13.0,3.0,2.0,8.0,0.0,0.0,7.0,1.0,0.0,8.0,8.0,1.0,0.2916666666666667,0.6666666666666666,0.5,0.3111111111111111,0.6,0.0,0.35714285714285715,0.44776119402985076,1.0,0.33333333333333337,0.0,1.0,0.31818181818181823,0.07692307692307687,0.0,0.21052631578947367,0.18181818181818177
Jared Rollins,Orthodox,No,No,No,Jared Rollins,0.3333333333333333,0.6666666666666666,0.3333333333333333,0.0,1.2388888888888887,13.333333333333334,0.0,0.0,1.0,1.6666666666666667,10.666666666666666,13.333333333333334,23.333333333333332,26.0,37.0,1.3333333333333333,23.333333333333332,0.0,0.0,3.6666666666666665,2.0,17.666666666666668,0.0,0.3333333333333333,0.0,0.3333333333333333,2.411111111111111,9.0,0.6666666666666666,0.0,1.0,0.0,8.666666666666666,9.666666666666666,16.0,42.333333333333336,52.0,0.6666666666666666,15.333333333333334,0.6666666666666666,0.0,3.0,0.0,13.0,0.3333333333333333,6.333333333333333,0.0,0.0,2.0,0.0,4.333333333333333,6.333333333333333,9.666666666666666,0.5,0.5714285714285715,,inf,0.27272727272727276,0.8333333333333334,0.6037735849056604,0.5714285714285715,0.7027027027027027,0.5,0.4130434782608696,0.0,-inf,0.6666666666666667,,0.33333333333333337,0.39583333333333337,0.1858974358974359
Luke Caudillo,Orthodox,No,No,No,Luke Caudillo,0.16666666666666666,0.0,0.0,0.0,0.04444444444444443,5.666666666666667,1.8333333333333333,1.1666666666666667,7.833333333333333,0.8333333333333334,0.0,8.666666666666666,38.5,9.5,39.333333333333336,0.5,34.166666666666664,2.8333333333333335,1.5,37.0,1.5,0.0,0.0,0.16666666666666666,0.0,0.0,0.3972222222222222,20.166666666666668,1.8333333333333333,1.8333333333333333,20.0,1.8333333333333333,2.0,23.833333333333332,58.333333333333336,32.666666666666664,68.0,0.6666666666666666,54.0,2.5,1.8333333333333333,53.833333333333336,2.3333333333333335,2.1666666666666665,0.5,33.833333333333336,0.6666666666666666,0.0,33.833333333333336,0.5,0.16666666666666666,34.5,35.333333333333336,0.0,0.16585365853658537,0.6470588235294117,0.0,0.21171171171171171,0.5555555555555556,,0.2251082251082251,0.24152542372881355,0.75,0.6265432098765431,0.2666666666666667,0.9090909090909091,0.628482972136223,0.2142857142857144,0.07692307692307687,0.5914285714285714,0.5196078431372549
Jason Black,Orthodox,No,No,No,Jason Black,0.0,0.0,1.5,0.3333333333333333,0.3916666666666666,1.1666666666666667,0.8333333333333334,0.0,0.3333333333333333,0.8333333333333334,0.8333333333333334,2.0,5.166666666666667,10.666666666666666,14.5,0.3333333333333333,4.0,1.1666666666666667,0.0,3.1666666666666665,1.0,1.0,0.16666666666666666,1.0,0.3333333333333333,0.0,3.6888888888888887,11.166666666666666,1.5,0.0,2.1666666666666665,1.0,9.5,12.666666666666666,20.166666666666668,41.0,51.333333333333336,1.3333333333333333,18.5,1.5,0.16666666666666666,4.166666666666667,1.0,15.0,0.3333333333333333,7.333333333333333,0.0,0.16666666666666666,2.0,0.0,5.5,7.5,10.333333333333334,0.0,0.2916666666666667,0.7142857142857143,,0.10526315789473684,0.8333333333333334,0.8333333333333334,0.3870967741935484,0.735632183908046,0.25,0.39639639639639646,0.0,-5.0,0.4800000000000001,0.0,0.3666666666666667,0.3719008264462811,0.2012987012987013
Scott Junk,Orthodox,No,No,No,Scott Junk,0.0,0.0,0.0,0.0,1.2333333333333334,8.0,3.0,6.0,5.0,12.0,0.0,17.0,28.0,30.0,42.0,0.0,16.0,6.0,6.0,10.0,18.0,0.0,0.0,1.0,2.0,0.0,0.8,0.0,4.0,2.0,0.0,6.0,0.0,6.0,11.0,7.0,12.0,1.0,3.0,6.0,2.0,1.0,10.0,0.0,0.0,3.0,2.0,0.0,1.0,4.0,0.0,5.0,5.0,,0.5,0.5,0.0,0.5,0.6666666666666666,,0.6071428571428571,0.7142857142857143,0.0,1.0,0.33333333333333337,0.5,1.0,0.4,,0.4545454545454546,0.41666666666666663
Diego Saraiva,Orthodox,No,No,No,Diego Saraiva,0.0,0.4444444444444444,0.2222222222222222,0.1111111111111111,0.8851851851851852,6.888888888888889,0.6666666666666666,0.6666666666666666,6.555555555555556,0.4444444444444444,1.222222222222222,8.222222222222223,25.222222222222225,23.11111111111111,40.666666666666664,1.111111111111111,23.11111111111111,0.7777777777777777,1.3333333333333333,21.555555555555554,1.6666666666666667,2.0,0.0,0.3333333333333333,0.1111111111111111,0.1111111111111111,2.1462962962962964,15.0,1.4444444444444444,1.4444444444444444,7.666666666666667,1.7777777777777777,8.444444444444445,17.88888888888889,47.22222222222223,34.666666666666664,66.8888888888889,0.3333333333333333,43.0,2.0,2.2222222222222223,27.11111111111111,3.5555555555555554,16.555555555555557,0.0,28.0,0.5555555555555555,0.7777777777777777,19.444444444444443,1.7777777777777777,8.111111111111112,29.333333333333332,32.22222222222222,0.4,0.2980769230769231,0.8571428571428572,0.3333333333333333,0.30412371134020627,0.26666666666666666,0.611111111111111,0.32599118942731276,0.5683060109289618,0.0,0.6511627906976745,0.2777777777777778,0.85,0.7172131147540983,0.5,0.48993288590604034,0.6211764705882353,0.4817275747508307
Edilberto de Oliveira,Orthodox,No,No,No,Edilberto de Oliveira,0.0,0.0,0.0,0.0,0.052777777777777764,5.166666666666667,3.5,3.5,11.833333333333334,0.3333333333333333,0.0,12.166666666666666,39.333333333333336,12.166666666666666,39.333333333333336,1.1666666666666667,30.833333333333332,3.5,5.0,38.666666666666664,0.6666666666666666,0.0,0.5,0.0,0.0,0.0,0.04999999999999999,11.166666666666666,1.8333333333333333,7.333333333333333,18.5,0.6666666666666666,1.1666666666666667,20.333333333333332,54.166666666666664,20.666666666666668,54.5,0.0,41.333333333333336,2.6666666666666665,10.166666666666666,49.833333333333336,0.8333333333333334,3.5,0.0,30.166666666666668,0.8333333333333334,2.8333333333333335,31.333333333333332,0.16666666666666666,2.3333333333333335,33.833333333333336,33.833333333333336,0.0,0.16756756756756758,1.0,0.0,0.3060344827586207,0.5,,0.30932203389830504,0.30932203389830504,,0.7298387096774194,0.3125,1.0,0.6287625418060201,0.20000000000000007,0.6666666666666666,0.6246153846153846,0.620795107033639
Anthony Torres,Orthodox,No,No,No,Anthony Torres,0.0,0.0,0.5,0.0,0.9416666666666667,8.5,2.0,1.5,7.0,3.5,1.5,12.0,24.5,31.5,45.0,0.0,21.0,2.0,1.5,18.0,5.0,1.5,1.0,0.0,0.0,0.0,0.6083333333333334,19.5,3.0,3.0,13.5,10.5,1.5,25.5,46.5,33.0,54.5,1.0,40.5,3.0,3.0,31.0,12.5,3.0,1.0,21.0,0.0,0.0,17.5,2.0,1.5,21.0,21.5,,0.40476190476190477,1.0,0.0,0.3888888888888889,0.7,1.0,0.4897959183673469,0.7,1.0,0.5185185185185186,0.0,1.0,0.564516129032258,0.16000000000000003,0.5,0.4516129032258065,0.39449541284403666
Renato Sobral,Orthodox,No,No,Yes,Renato Sobral,0.0,0.8238095238095239,0.6809523809523809,0.03333333333333333,2.1279365079365076,5.079365079365079,1.011111111111111,1.2047619047619047,1.9412698412698413,0.7095238095238096,4.644444444444445,7.295238095238095,13.776190476190477,22.361904761904764,30.760317460317463,1.1825396825396826,10.976190476190476,1.3063492063492064,1.4936507936507937,4.26031746031746,1.1333333333333333,8.382539682539681,0.18095238095238098,0.20952380952380953,0.0,0.0,1.2360052910052908,3.6619047619047618,0.5206349206349207,0.40317460317460313,1.5904761904761904,0.40952380952380957,2.585714285714286,4.585714285714286,9.653968253968253,20.901587301587302,27.823809523809526,0.45396825396825397,8.471428571428572,0.6682539682539682,0.5142857142857143,4.193650793650794,0.5904761904761905,4.86984126984127,0.24444444444444446,4.809523809523809,0.14761904761904762,0.1111111111111111,2.6031746031746033,0.18095238095238098,2.284126984126984,5.068253968253968,6.922222222222222,0.6966442953020134,0.462762111352133,0.7739975698663426,0.5515409139213603,0.45566318926974664,0.6260504201680672,0.5540617307328158,0.52955409609402,0.7269724960008257,0.5384615384615384,0.567734682405846,0.22090261282660317,0.5925925925925926,0.6207418622255867,0.30645161290322576,0.46903520208604954,0.5249917790200591,0.24878772320155174
Jason Gilliam,Orthodox,No,No,No,Jason Gilliam,0.0,0.0,0.0,0.5,0.04166666666666665,0.0,1.5,0.0,1.0,0.5,0.0,1.5,4.5,3.0,6.0,0.0,3.0,1.5,0.0,2.5,1.0,1.0,0.0,1.0,3.5,0.5,1.6416666666666666,4.0,1.0,1.0,2.0,0.0,4.0,6.0,10.5,24.5,30.5,1.0,8.5,1.0,1.0,2.5,0.0,8.0,0.0,4.5,0.0,0.0,0.5,0.0,4.0,4.5,6.0,,0.0,1.0,,0.4,0.5,0.0,0.3333333333333333,0.5,0.0,0.5294117647058824,0.0,0.0,0.19999999999999996,,0.5,0.4285714285714286,0.19672131147540983
Mike Nickels,Orthodox,No,No,No,Mike Nickels,0.0,2.0,0.5,0.0,1.65,6.5,5.0,0.5,1.5,4.0,6.5,12.0,23.0,22.0,33.0,2.5,15.5,7.0,0.5,6.0,7.0,10.0,0.0,0.0,1.0,0.0,0.5499999999999999,2.0,0.0,1.0,2.0,1.0,0.0,3.0,8.5,9.5,18.5,0.0,6.5,1.0,1.0,6.0,2.5,0.0,0.0,4.5,1.0,0.0,4.0,1.5,0.0,5.5,9.0,0.8,0.41935483870967744,0.7142857142857143,4.0,0.25,0.5714285714285714,0.65,0.5217391304347826,0.6666666666666666,,0.6923076923076923,1.0,1.0,0.6666666666666667,0.6,,0.6470588235294117,0.4864864864864865
Jens Pulver,Southpaw,Yes,No,Yes,Jens Pulver,0.02857142857142857,0.02857142857142857,0.02857142857142857,0.2733333333333333,1.519095238095238,5.161428571428571,0.927142857142857,0.7352380952380952,3.8357142857142863,1.4490476190476191,1.539047619047619,6.823809523809524,20.754761904761903,17.806190476190476,32.22714285714286,0.02857142857142857,18.925714285714285,1.0938095238095238,0.7352380952380952,15.463333333333333,2.2057142857142855,3.085714285714286,0.02857142857142857,0.6833333333333333,0.30095238095238097,0.0,0.5892777777777778,4.978095238095238,0.8661904761904762,1.6866666666666668,5.855714285714286,0.6209523809523809,1.0542857142857143,7.530952380952381,17.55238095238095,15.539047619047619,25.863333333333333,3.124761904761905,13.721428571428572,1.2866666666666666,2.5442857142857145,15.12095238095238,1.0514285714285714,1.3800000000000001,2.4414285714285713,8.743333333333334,0.4204761904761905,0.8576190476190476,9.265238095238095,0.43047619047619046,0.32571428571428573,10.021428571428572,10.324285714285713,1.0,0.2727204106280193,0.847627340008707,0.038860103626943004,0.24805222800480403,0.6569516407599311,0.4987654320987654,0.32878283813238507,0.5525215361200999,0.7813166717464188,0.6372028457400659,0.3267949666913398,0.7314242934680891,0.6127417018328399,0.4094202898550725,0.236024844720497,0.5709441128594682,0.3991861985160091
Andy Wang,Orthodox,No,No,No,Andy Wang,0.0,0.0,0.0,0.0,0.0,3.0,1.0,0.0,1.0,3.0,0.0,4.0,11.0,4.0,11.0,1.0,8.0,2.0,1.0,6.0,5.0,0.0,1.0,0.0,0.0,0.0,0.25,11.0,1.0,0.0,3.0,1.0,8.0,12.0,32.0,14.0,34.0,0.0,29.0,3.0,0.0,16.0,4.0,12.0,0.0,18.0,2.0,0.0,13.0,3.0,4.0,20.0,20.0,0.0,0.375,0.5,0.0,0.16666666666666666,0.6,,0.36363636363636365,0.36363636363636365,,0.6206896551724138,0.6666666666666667,,0.8125,0.75,0.33333333333333337,0.625,0.5882352941176471
Brandon Melendez,Southpaw,No,No,No,Brandon Melendez,0.0,0.0,0.0,1.0,0.6833333333333333,2.5,0.5,0.0,2.5,0.0,0.5,3.0,11.5,6.0,14.5,0.0,10.5,1.0,0.0,9.5,0.0,2.0,0.0,1.5,3.0,0.5,2.291666666666667,1.5,0.5,0.0,0.0,0.0,2.0,2.0,5.5,13.5,17.5,2.0,5.0,0.5,0.0,3.5,0.0,2.0,0.5,3.5,0.0,0.0,3.5,0.0,0.0,3.5,4.0,,0.23809523809523808,0.5,,0.2631578947368421,,0.25,0.2608695652173913,0.41379310344827586,0.25,0.7,0.0,-inf,1.0,,0.0,0.6363636363636364,0.22857142857142854
Allen Berube,Orthodox,No,No,No,Allen Berube,0.0,2.0,1.0,0.0,2.6666666666666665,4.0,0.0,0.0,0.0,0.0,4.0,4.0,5.0,26.0,28.0,2.0,5.0,0.0,0.0,1.0,0.0,4.0,0.0,0.0,1.0,2.0,1.2833333333333332,3.0,0.0,1.0,2.0,0.0,2.0,4.0,6.0,11.0,15.0,0.0,5.0,0.0,1.0,2.0,0.0,4.0,0.0,2.0,0.0,0.0,0.0,0.0,2.0,2.0,4.0,1.0,0.8,,inf,0.0,,1.0,0.8,0.9285714285714286,,0.4,,1.0,0.0,,0.5,0.33333333333333337,0.2666666666666667
Brian Geraghty,Orthodox,No,No,No,Brian Geraghty,0.0,0.0,0.0,0.0,0.0,1.0,0.0,0.0,0.0,1.0,0.0,1.0,4.0,7.0,10.0,0.0,3.0,1.0,0.0,2.0,2.0,0.0,0.0,1.0,0.0,0.0,1.7333333333333334,19.0,1.0,1.0,1.0,0.0,20.0,21.0,33.0,25.0,37.0,2.0,31.0,1.0,1.0,5.0,0.0,28.0,1.0,12.0,0.0,0.0,4.0,0.0,8.0,12.0,12.0,,0.3333333333333333,0.0,,0.0,0.5,,0.25,0.7,0.5,0.3870967741935484,0.0,0.0,0.8,,0.2857142857142857,0.36363636363636365,0.32432432432432434
Floyd Sword,Orthodox,No,No,No,Floyd Sword,0.0,0.0,0.0,0.0,0.6333333333333333,1.0,1.0,1.0,2.0,1.0,0.0,3.0,7.0,3.0,7.0,0.0,5.0,1.0,1.0,5.0,2.0,0.0,0.0,2.0,1.0,0.0,2.4833333333333334,2.0,1.0,3.0,2.0,0.0,4.0,6.0,10.0,28.0,35.0,3.0,5.0,2.0,3.0,4.0,0.0,6.0,1.0,3.0,1.0,0.0,2.0,0.0,2.0,4.0,7.0,,0.2,1.0,0.0,0.4,0.5,,0.42857142857142855,0.42857142857142855,0.33333333333333337,0.6,0.5,0.33333333333333337,0.5,,0.33333333333333337,0.4,0.19999999999999996
Stevie Lynch,Orthodox,No,No,No,Stevie Lynch,0.0,0.0,0.0,0.0,0.3166666666666666,5.0,1.0,1.0,7.0,0.0,0.0,7.0,28.0,7.0,28.0,0.0,25.0,1.0,2.0,28.0,0.0,0.0,0.0,0.0,1.0,0.0,0.2833333333333333,16.0,1.0,3.0,14.0,0.0,6.0,20.0,34.0,20.0,34.0,0.0,30.0,1.0,3.0,27.0,0.0,7.0,0.0,14.0,0.0,0.0,13.0,0.0,1.0,14.0,14.0,,0.2,1.0,0.0,0.25,,,0.25,0.25,,0.4666666666666667,0.0,1.0,0.4814814814814815,,0.1428571428571429,0.4117647058823529,0.4117647058823529
Scott Smith,Orthodox,No,No,No,Scott Smith,0.19444444444444442,0.0,0.19444444444444442,0.0,0.7736111111111111,9.944444444444445,0.5,0.7777777777777777,7.361111111111111,3.5,0.3611111111111111,11.222222222222223,26.86111111111111,12.166666666666666,27.88888888888889,1.0,24.13888888888889,1.1388888888888888,1.5833333333333333,18.61111111111111,7.611111111111112,0.6388888888888888,0.0,0.4444444444444444,0.3611111111111111,0.0,1.1694444444444445,9.722222222222223,2.138888888888889,3.4166666666666665,7.4444444444444455,5.416666666666667,2.4166666666666665,15.277777777777779,31.11111111111111,22.138888888888886,38.52777777777778,1.3333333333333333,24.416666666666668,2.8333333333333335,3.8611111111111107,16.972222222222225,10.305555555555555,3.8333333333333335,0.8888888888888888,14.694444444444445,0.6944444444444443,0.4444444444444444,9.527777777777779,4.888888888888888,1.4166666666666667,15.833333333333334,16.38888888888889,0.0,0.41196777905638665,0.43902439024390244,0.0,0.39552238805970147,0.45985401459854014,0.5652173913043479,0.4177869700103413,0.4362549800796812,0.6666666666666667,0.6018202502844141,0.2450980392156863,0.8848920863309353,0.5613747954173487,0.4743935309973045,0.36956521739130443,0.5089285714285714,0.425378514780101
Hector Ramirez,Orthodox,No,No,No,Hector Ramirez,0.0,1.0,0.16666666666666666,0.0,0.7472222222222223,8.0,1.1666666666666667,0.6666666666666666,6.0,2.3333333333333335,1.5,9.833333333333334,24.0,15.333333333333334,29.5,1.6666666666666667,21.666666666666668,1.6666666666666667,0.6666666666666666,17.833333333333332,3.8333333333333335,2.3333333333333335,0.16666666666666666,0.0,0.0,0.0,0.06111111111111108,12.333333333333334,6.0,11.0,19.5,9.333333333333334,0.5,29.333333333333332,62.166666666666664,30.166666666666668,63.0,0.16666666666666666,37.333333333333336,8.0,16.833333333333332,46.666666666666664,14.833333333333334,0.6666666666666666,0.16666666666666666,25.0,2.0,5.833333333333333,27.166666666666668,5.5,0.16666666666666666,32.833333333333336,32.833333333333336,0.6,0.3692307692307692,0.7000000000000001,1.5,0.33644859813084116,0.6086956521739131,0.6428571428571428,0.40972222222222227,0.519774011299435,1.0,0.6696428571428572,0.25,1.0,0.5821428571428571,0.3707865168539326,0.25,0.5281501340482574,0.5211640211640212
Rory Singer,Orthodox,No,No,No,Rory Singer,0.0,0.08333333333333333,0.16666666666666666,0.0,0.24861111111111112,6.916666666666667,1.5833333333333333,2.25,6.138888888888888,4.444444444444444,0.16666666666666666,10.75,26.583333333333332,13.305555555555555,29.333333333333332,0.3611111111111111,22.555555555555554,1.5833333333333333,2.444444444444444,19.97222222222222,6.111111111111111,0.5,0.19444444444444442,0.6944444444444443,0.0,0.08333333333333333,1.9175925925925927,7.25,1.138888888888889,1.9166666666666667,2.638888888888889,1.861111111111111,5.8055555555555545,10.305555555555555,27.222222222222225,22.416666666666668,40.77777777777778,1.8611111111111114,23.222222222222225,1.638888888888889,2.361111111111111,15.138888888888888,2.5833333333333335,9.5,1.1666666666666667,15.972222222222221,0.5,0.4444444444444444,12.5,0.7222222222222222,3.694444444444444,16.916666666666668,18.36111111111111,0.23076923076923075,0.30665024630541876,1.0,0.034090909090909095,0.3073713490959666,0.7272727272727272,0.3333333333333333,0.4043887147335423,0.45359848484848486,0.6268656716417912,0.687799043062201,0.30508474576271183,0.7058823529411765,0.8256880733944953,0.27956989247311836,0.38888888888888895,0.6214285714285714,0.4502724795640327
Chad Reiner,Orthodox,No,No,No,Chad Reiner,0.0,0.3333333333333333,0.6666666666666666,0.0,0.48333333333333334,0.8333333333333334,0.6666666666666666,0.5,1.1666666666666667,0.8333333333333334,0.0,2.0,9.666666666666666,11.833333333333334,20.333333333333332,1.0,7.166666666666667,1.1666666666666667,1.3333333333333333,8.0,1.6666666666666667,0.0,0.16666666666666666,2.5,0.0,0.3333333333333333,3.347222222222222,4.0,1.0,2.5,1.5,2.5,3.5,7.5,14.166666666666666,16.833333333333332,24.5,3.5,10.333333333333334,1.0,2.8333333333333335,5.5,2.8333333333333335,5.833333333333333,1.0,6.333333333333333,0.0,0.3333333333333333,4.0,0.3333333333333333,2.3333333333333335,6.666666666666667,7.666666666666667,0.3333333333333333,0.11627906976744186,0.5714285714285714,0.25,0.14583333333333334,0.5,,0.20689655172413796,0.5819672131147542,0.2857142857142857,0.6129032258064516,0.0,0.11764705882352944,0.7272727272727273,0.11764705882352944,0.4,0.47058823529411764,0.3129251700680272
Pete Spratt,Orthodox,No,No,No,Pete Spratt,0.0,0.07142857142857142,0.07142857142857142,0.21428571428571427,0.6413690476190477,2.7857142857142856,1.0178571428571428,1.4642857142857144,2.303571428571429,1.5535714285714286,1.4107142857142858,5.267857142857142,9.392857142857142,9.607142857142858,13.732142857142858,0.07142857142857142,6.464285714285714,1.2142857142857144,1.7142857142857144,4.642857142857142,1.875,2.875,0.0,0.9642857142857143,0.4642857142857143,0.07142857142857142,1.374404761904762,1.4642857142857144,1.4464285714285714,0.4107142857142857,0.9821428571428572,1.7678571428571428,0.5714285714285714,3.321428571428571,7.428571428571429,7.375,11.767857142857142,1.6964285714285714,4.946428571428571,1.6607142857142856,0.8214285714285714,3.9107142857142856,2.392857142857143,1.125,0.7321428571428572,3.482142857142857,0.21428571428571427,0.4107142857142857,2.928571428571429,0.625,0.5535714285714286,4.107142857142858,4.392857142857142,1.0,0.43093922651933697,0.838235294117647,0.041666666666666664,0.4961538461538463,0.8285714285714286,0.49068322981366463,0.5608365019011406,0.6996098829648895,0.43157894736842106,0.703971119133574,0.12903225806451613,-0.17391304347826098,0.7488584474885844,0.26119402985074625,0.4920634920634921,0.5528846153846154,0.3732928679817905
Sean Salmon,Southpaw,No,No,No,Sean Salmon,0.0,0.5,0.0,0.0,0.2375,2.5,0.25,0.0,0.5,0.5,1.75,2.75,8.0,4.0,9.25,1.0,7.25,0.75,0.0,4.5,1.5,2.0,0.5,0.0,0.25,0.0,0.01666666666666665,4.25,1.0,0.0,1.75,3.0,0.5,5.25,12.0,5.25,12.0,0.0,10.25,1.75,0.0,7.75,3.75,0.5,0.0,6.0,0.75,0.0,6.0,0.75,0.0,6.75,6.75,0.5,0.3448275862068966,0.3333333333333333,inf,0.1111111111111111,0.3333333333333333,0.875,0.34375,0.43243243243243246,,0.5853658536585367,0.4285714285714286,,0.7741935483870968,0.19999999999999996,0.0,0.5625,0.5625
Victor Valimaki,Orthodox,No,No,No,Victor Valimaki,0.0,0.3333333333333333,0.0,0.0,0.32222222222222224,12.833333333333334,2.0,3.5,14.5,2.1666666666666665,1.6666666666666667,18.333333333333332,60.0,23.666666666666668,65.33333333333333,1.6666666666666667,52.0,3.5,4.5,52.166666666666664,4.833333333333333,3.0,0.0,0.0,0.0,0.0,0.027777777777777766,7.833333333333333,2.3333333333333335,2.6666666666666665,10.333333333333334,2.1666666666666665,0.3333333333333333,12.833333333333334,39.0,14.166666666666666,40.333333333333336,0.0,31.333333333333332,4.0,3.6666666666666665,34.166666666666664,4.5,0.3333333333333333,0.0,23.5,1.6666666666666667,1.0,23.833333333333332,2.3333333333333335,0.0,26.166666666666668,26.166666666666668,0.19999999999999998,0.2467948717948718,0.5714285714285714,0.07407407407407407,0.2779552715654952,0.4482758620689655,0.5555555555555556,0.3055555555555555,0.36224489795918374,,0.75,0.41666666666666663,1.0,0.697560975609756,0.5185185185185186,0.0,0.670940170940171,0.6487603305785125
Assuerio Silva,Orthodox,No,No,No,Assuerio Silva,0.0,0.9444444444444443,0.0,0.0,1.2675925925925926,1.9444444444444446,3.5,2.888888888888889,7.277777777777778,0.7222222222222223,0.3333333333333333,8.333333333333334,17.77777777777778,21.11111111111111,31.555555555555557,2.5,9.166666666666666,4.777777777777778,3.8333333333333335,15.888888888888888,1.5555555555555556,0.3333333333333333,0.0,0.0,0.2222222222222222,0.1111111111111111,0.9111111111111111,13.777777777777779,5.555555555555556,3.5555555555555554,16.72222222222222,5.222222222222222,0.9444444444444443,22.88888888888889,54.55555555555555,35.0,67.0,0.0,43.0,7.277777777777778,4.277777777777778,46.5,6.777777777777778,1.2777777777777777,0.0,29.222222222222225,1.7222222222222223,0.7222222222222222,29.777777777777775,1.5555555555555556,0.3333333333333333,31.666666666666668,32.0,0.3777777777777777,0.21212121212121215,0.7325581395348837,0.24637681159420285,0.4580419580419581,0.46428571428571436,1.0,0.46875,0.6690140845070423,,0.6795865633074936,0.23664122137404575,1.0,0.6403823178016727,0.2295081967213114,0.26086956521739135,0.5804480651731161,0.4776119402985075
David Lee,Orthodox,No,No,No,David Lee,0.0,0.0,0.0,0.0,0.17916666666666667,1.25,2.0,0.75,1.75,2.25,0.0,4.0,7.75,7.75,11.75,1.0,3.75,3.0,1.0,4.0,3.75,0.0,0.5,0.25,1.0,0.0,1.9958333333333331,6.0,1.75,0.25,2.25,4.0,1.75,8.0,13.75,19.75,28.25,0.75,11.75,1.75,0.25,5.75,6.25,1.75,0.5,5.75,0.0,0.0,3.5,2.25,0.0,5.75,8.5,0.0,0.3333333333333333,0.6666666666666666,0.0,0.4375,0.6,,0.5161290322580645,0.6595744680851063,0.6666666666666667,0.4893617021276596,0.0,0.0,0.6086956521739131,0.36,0.0,0.4181818181818182,0.3008849557522124
Elvis Sinosic,Orthodox,No,No,Yes,Elvis Sinosic,0.1111111111111111,0.0,0.25396825396825395,0.0,0.1271164021164021,1.2857142857142858,0.5476190476190476,1.9603174603174605,3.0317460317460316,0.5396825396825397,0.2222222222222222,3.793650793650794,10.428571428571429,29.30952380952381,37.91269841269841,0.16666666666666666,7.095238095238095,0.5952380952380952,2.7380952380952386,9.285714285714286,0.5873015873015873,0.5555555555555556,0.047619047619047616,1.5634920634920633,0.0,0.1111111111111111,3.3301587301587303,14.626984126984127,1.6269841269841272,0.9682539682539683,5.587301587301588,0.4761904761904762,11.158730158730158,17.22222222222222,36.61904761904762,41.61904761904762,63.952380952380956,1.5634920634920633,33.317460317460316,2.119047619047619,1.1825396825396826,12.714285714285714,0.8571428571428572,23.047619047619047,0.0,18.69047619047619,0.49206349206349204,0.21428571428571427,7.1269841269841265,0.38095238095238093,11.888888888888888,19.396825396825395,22.333333333333332,0.0,0.18120805369127518,0.9199999999999999,0.0,0.32649572649572645,0.9189189189189189,0.39999999999999997,0.36377473363774737,0.7730793384969646,0.0,0.560981419723678,0.23220973782771526,-0.32214765100671117,0.560549313358302,0.4444444444444444,0.5158402203856749,0.5296922410056351,0.3492181682799702
Brad Imes,Orthodox,No,No,No,Brad Imes,0.0,0.5555555555555555,0.3333333333333333,0.1111111111111111,0.7166666666666668,10.777777777777779,2.111111111111111,0.3333333333333333,7.5555555555555545,3.6666666666666665,2.0,13.222222222222221,41.44444444444445,17.77777777777778,47.22222222222223,0.7777777777777777,37.666666666666664,3.4444444444444446,0.3333333333333333,28.555555555555557,8.88888888888889,4.0,0.4444444444444444,0.1111111111111111,0.1111111111111111,0.3333333333333333,1.4629629629629628,15.333333333333334,2.111111111111111,3.1111111111111107,12.777777777777779,3.444444444444444,4.333333333333333,20.555555555555557,40.77777777777778,34.11111111111111,55.77777777777777,0.1111111111111111,35.11111111111111,2.3333333333333335,3.3333333333333335,28.111111111111114,5.666666666666667,7.0,0.0,19.777777777777775,0.2222222222222222,0.2222222222222222,15.333333333333334,2.2222222222222223,2.6666666666666665,20.222222222222225,21.666666666666668,0.7142857142857143,0.28613569321533927,0.6129032258064516,1.6666666666666665,0.2645914396887159,0.4125,0.5,0.3190348525469168,0.37647058823529406,0.0,0.5632911392405062,0.09523809523809523,0.9666666666666667,0.5454545454545454,0.3921568627450981,0.38095238095238104,0.49591280653950953,0.3884462151394422
Josh Haynes,Orthodox,No,No,No,Josh Haynes,0.1111111111111111,0.2222222222222222,0.0,0.1111111111111111,0.6,2.6666666666666665,1.1111111111111112,1.111111111111111,2.888888888888889,1.0,1.0,4.888888888888889,23.777777777777775,7.4444444444444455,27.11111111111111,1.6666666666666667,20.444444444444443,2.0,1.3333333333333333,19.0,2.3333333333333335,2.444444444444444,0.3333333333333333,0.4444444444444444,0.4444444444444444,0.0,0.8481481481481481,14.0,4.222222222222222,0.7777777777777778,12.666666666666666,4.888888888888888,1.4444444444444444,19.0,41.0,22.0,44.0,0.7777777777777778,35.333333333333336,4.777777777777778,0.8888888888888888,31.333333333333332,7.333333333333333,2.3333333333333335,0.3333333333333333,21.333333333333332,0.5555555555555555,0.1111111111111111,18.666666666666668,2.4444444444444446,0.8888888888888888,22.0,22.0,0.13333333333333333,0.13043478260869565,0.5555555555555556,0.16666666666666666,0.15204678362573099,0.42857142857142855,0.4090909090909091,0.20560747663551407,0.27459016393442626,0.4285714285714286,0.6037735849056605,0.11627906976744184,0.5,0.5957446808510638,0.33333333333333337,0.38095238095238104,0.5365853658536586,0.5
Drew Fickett,Orthodox,No,No,No,Drew Fickett,0.08333333333333333,0.42857142857142855,0.5595238095238095,0.08333333333333333,0.8162698412698411,5.1309523809523805,3.535714285714286,1.75,3.75,3.0595238095238098,3.607142857142857,10.416666666666666,25.583333333333332,21.833333333333332,38.785714285714285,1.1547619047619049,19.011904761904763,4.2023809523809526,2.369047619047619,13.404761904761905,4.511904761904762,7.666666666666667,0.0,1.1547619047619049,0.09523809523809523,0.047619047619047616,2.063293650793651,7.9523809523809526,0.8928571428571429,0.5476190476190476,4.357142857142857,2.0595238095238098,2.9761904761904763,9.392857142857144,22.773809523809522,29.773809523809522,45.083333333333336,1.5595238095238095,21.19047619047619,0.9880952380952381,0.5952380952380952,13.761904761904761,3.7619047619047614,5.25,0.4047619047619048,13.238095238095239,0.09523809523809523,0.047619047619047616,9.404761904761905,1.7023809523809526,2.2738095238095237,13.38095238095238,15.30952380952381,0.37113402061855666,0.26988102692548527,0.8413597733711049,0.1809045226130653,0.2797513321492007,0.6781002638522428,0.47049689440993786,0.40716612377850164,0.5629220380601596,0.2595419847328243,0.6247191011235955,0.09638554216867468,-0.9400000000000002,0.6833910034602075,0.4525316455696201,0.4331065759637188,0.5875588081547307,0.3395827832057038
Dokonjonosuke Mishima,Southpaw,No,No,No,Dokonjonosuke Mishima,0.0,0.3333333333333333,0.6666666666666666,0.0,0.5694444444444444,1.0,0.5,0.3333333333333333,0.8333333333333334,0.5,0.5,1.8333333333333333,10.5,7.5,16.666666666666668,2.3333333333333335,8.666666666666666,1.3333333333333333,0.5,8.0,1.0,1.5,0.0,0.3333333333333333,0.8333333333333334,0.0,2.047222222222222,7.333333333333333,0.6666666666666666,3.3333333333333335,4.5,1.1666666666666667,5.666666666666667,11.333333333333334,20.666666666666668,27.166666666666668,37.833333333333336,0.3333333333333333,16.166666666666668,0.8333333333333334,3.6666666666666665,8.333333333333334,1.3333333333333333,11.0,0.0,8.833333333333334,0.16666666666666666,0.3333333333333333,3.8333333333333335,0.16666666666666666,5.333333333333333,9.333333333333334,10.666666666666666,0.14285714285714285,0.11538461538461539,0.375,0.6666666666666666,0.10416666666666667,0.5,0.3333333333333333,0.1746031746031746,0.44999999999999996,0.0,0.5463917525773196,0.20000000000000007,0.9090909090909091,0.4600000000000001,0.12499999999999989,0.48484848484848486,0.4516129032258065,0.2819383259911894
Rex Holman,Southpaw,No,No,No,Rex Holman,0.0,0.0,0.0,0.0,0.0,3.0,1.0,7.0,10.0,1.0,0.0,11.0,32.0,15.0,36.0,4.0,20.0,2.0,10.0,29.0,3.0,0.0,0.0,0.0,0.0,0.0,0.95,28.0,1.0,0.0,10.0,4.0,15.0,29.0,49.0,45.0,68.0,1.0,47.0,2.0,0.0,25.0,5.0,19.0,1.0,19.0,1.0,0.0,15.0,1.0,4.0,20.0,23.0,0.0,0.15,0.5,0.0,0.3448275862068966,0.3333333333333333,,0.34375,0.4166666666666667,1.0,0.4042553191489362,0.5,,0.6,0.19999999999999996,0.21052631578947367,0.40816326530612246,0.3382352941176471
Sam Hoger,Orthodox,No,No,No,Sam Hoger,0.08333333333333333,0.3333333333333333,0.43333333333333335,0.06666666666666667,0.7080555555555555,3.0833333333333335,1.2833333333333334,0.5499999999999999,3.5666666666666664,0.5499999999999999,0.7999999999999999,4.916666666666667,20.166666666666668,18.933333333333334,34.766666666666666,0.9166666666666666,16.366666666666667,2.8833333333333333,0.9166666666666666,16.383333333333333,1.5166666666666666,2.2666666666666666,0.06666666666666667,1.25,0.3333333333333333,0.13333333333333333,2.0905555555555555,7.666666666666667,0.9166666666666666,2.066666666666667,5.666666666666667,1.4000000000000001,3.5833333333333335,10.65,24.7,23.633333333333336,38.96666666666667,1.8166666666666667,20.866666666666667,1.3499999999999999,2.4833333333333334,15.683333333333332,2.6333333333333333,6.383333333333333,0.5666666666666667,13.200000000000001,0.43333333333333335,0.4166666666666667,10.016666666666666,1.2333333333333334,2.8000000000000003,14.050000000000002,15.333333333333334,0.36363636363636365,0.18839103869653767,0.4450867052023122,0.36363636363636365,0.21770091556459817,0.3626373626373626,0.3529411764705882,0.24380165289256198,0.5445829338446788,0.3119266055045872,0.6325878594249201,0.32098765432098764,0.4966442953020135,0.638682252922423,0.4683544303797468,0.4386422976501305,0.5688259109311741,0.3934987168520102
Chris Price,Southpaw,No,No,No,Chris Price,0.0,0.0,0.5,0.5,0.325,1.5,3.5,0.0,1.5,3.5,0.0,5.0,7.5,7.5,10.5,0.0,4.0,3.5,0.0,3.0,3.5,1.0,0.0,1.0,1.0,0.5,2.716666666666667,8.5,0.5,0.0,0.5,1.0,7.5,9.0,17.5,17.5,29.0,1.5,17.0,0.5,0.0,2.5,1.0,14.0,0.5,8.5,0.0,0.0,2.0,0.0,6.5,8.5,11.5,,0.375,1.0,,0.5,1.0,0.0,0.6666666666666666,0.7142857142857143,0.33333333333333337,0.5,0.0,-inf,0.8,0.0,0.4642857142857143,0.48571428571428577,0.39655172413793105
Ross Pointon,Orthodox,No,No,No,Ross Pointon,0.25,0.0,0.0,0.0,0.08333333333333333,3.25,1.0,5.0,8.25,1.0,0.0,9.25,43.75,10.0,44.5,0.0,37.0,1.5,5.25,41.25,2.0,0.5,0.0,0.5,0.75,0.0,0.35833333333333334,3.75,2.25,3.25,9.25,0.0,0.0,9.25,24.25,10.75,25.75,0.5,16.75,3.0,4.5,24.25,0.0,0.0,0.0,13.0,0.75,1.25,15.0,0.0,0.0,15.0,15.0,,0.08783783783783784,0.6666666666666666,0.0,0.2,0.5,0.0,0.21142857142857144,0.2247191011235955,0.0,0.7761194029850746,0.25,0.8888888888888888,0.6185567010309279,,,0.6185567010309279,0.5825242718446602
Marcio Cruz,Orthodox,No,No,No,Marcio Cruz,0.0,0.08333333333333333,0.3333333333333333,0.0,0.6694444444444443,4.333333333333333,1.9166666666666667,3.6666666666666665,6.166666666666667,1.25,2.5,9.916666666666666,22.5,16.75,30.0,2.0,16.833333333333332,1.9166666666666667,3.75,17.666666666666668,1.6666666666666667,3.1666666666666665,0.0,0.5833333333333334,0.25,0.0,1.9180555555555554,3.3333333333333335,2.3333333333333335,1.1666666666666667,2.75,2.0,2.0833333333333335,6.833333333333333,20.083333333333332,38.833333333333336,54.583333333333336,0.9166666666666666,16.083333333333332,2.75,1.25,14.833333333333334,2.0833333333333335,3.1666666666666665,0.3333333333333333,12.75,0.4166666666666667,0.08333333333333333,12.083333333333334,0.08333333333333333,1.0833333333333333,13.25,15.75,0.041666666666666664,0.25742574257425743,1.0,0.02222222222222222,0.3490566037735849,0.75,0.7894736842105263,0.4407407407407407,0.5583333333333333,0.36363636363636354,0.7927461139896372,0.1515151515151515,0.5333333333333333,0.8146067415730337,0.040000000000000036,0.3421052631578947,0.6597510373443983,0.28854961832061066
Jeff Joslin,Orthodox,No,No,No,Jeff Joslin,0.0,0.0,0.3333333333333333,0.0,0.0,2.6666666666666665,0.3333333333333333,3.0,6.0,0.0,0.0,6.0,18.0,27.666666666666668,39.666666666666664,0.0,14.333333333333334,0.6666666666666666,3.0,18.0,0.0,0.0,0.0,2.0,0.3333333333333333,0.0,3.088888888888889,4.0,0.3333333333333333,0.3333333333333333,1.0,0.0,3.6666666666666665,4.666666666666667,14.666666666666666,16.0,26.666666666666668,4.0,14.0,0.3333333333333333,0.3333333333333333,6.666666666666667,0.0,8.0,2.0,10.0,0.0,0.0,5.666666666666667,0.0,4.333333333333333,10.0,10.666666666666666,,0.18604651162790695,0.5,0.0,0.3333333333333333,,,0.3333333333333333,0.6974789915966387,0.5,0.7142857142857143,0.0,-5.0,0.85,,0.5416666666666667,0.6818181818181818,0.4
Logan Clark,Orthodox,No,No,No,Logan Clark,0.0,0.0,0.6666666666666666,0.3333333333333333,1.2722222222222224,9.0,3.6666666666666665,0.6666666666666666,0.6666666666666666,4.666666666666667,8.0,13.333333333333334,18.333333333333332,61.0,73.0,0.0,13.333333333333334,4.333333333333333,0.6666666666666666,2.0,7.333333333333333,9.0,0.0,1.0,1.3333333333333333,0.3333333333333333,2.988888888888889,5.333333333333333,0.6666666666666666,0.0,0.3333333333333333,1.0,4.666666666666667,6.0,11.666666666666666,15.0,21.333333333333332,1.6666666666666667,11.0,0.6666666666666666,0.0,1.0,1.0,9.666666666666666,0.6666666666666666,5.666666666666667,0.0,0.0,0.6666666666666666,0.0,5.0,5.666666666666667,6.333333333333333,,0.6749999999999999,0.8461538461538461,0.0,0.3333333333333333,0.6363636363636365,0.8888888888888888,0.7272727272727274,0.8356164383561644,0.4,0.5151515151515151,0.0,-inf,0.6666666666666667,0.0,0.5172413793103448,0.48571428571428565,0.296875
Steve Byrnes,Orthodox,No,No,No,Steve Byrnes,0.0,1.0,1.3333333333333333,0.3333333333333333,2.988888888888889,5.333333333333333,0.6666666666666666,0.0,0.3333333333333333,1.0,4.666666666666667,6.0,11.666666666666666,15.0,21.333333333333332,1.6666666666666667,11.0,0.6666666666666666,0.0,1.0,1.0,9.666666666666666,0.0,0.0,0.6666666666666666,0.3333333333333333,1.2722222222222224,9.0,3.6666666666666665,0.6666666666666666,0.6666666666666666,4.666666666666667,8.0,13.333333333333334,18.333333333333332,61.0,73.0,0.0,13.333333333333334,4.333333333333333,0.6666666666666666,2.0,7.333333333333333,9.0,0.0,4.333333333333333,0.6666666666666666,0.0,1.3333333333333333,2.6666666666666665,1.0,5.0,12.0,0.6,0.4848484848484848,1.0,inf,0.3333333333333333,1.0,0.48275862068965525,0.5142857142857143,0.703125,,0.32500000000000007,0.15384615384615385,1.0,0.6666666666666667,0.36363636363636354,0.11111111111111116,0.2727272727272726,0.1643835616438356
Dave Menne,Orthodox,Yes,No,Yes,Dave Menne,0.0,0.08,0.8533333333333333,0.2333333333333333,0.853,6.166666666666667,1.7600000000000002,3.3200000000000003,4.6066666666666665,4.573333333333333,2.0666666666666664,11.246666666666666,22.093333333333334,24.086666666666666,35.56666666666666,0.16,15.62,1.9066666666666667,4.566666666666667,12.906666666666666,6.6,2.586666666666667,0.14666666666666667,1.16,0.04,0.04,2.4474444444444443,3.9200000000000004,1.653333333333333,0.36,2.413333333333333,0.72,2.8,5.933333333333333,11.2,21.773333333333333,27.826666666666664,3.046666666666667,8.84,1.9600000000000002,0.4,6.773333333333333,1.02,3.4066666666666663,1.8866666666666667,4.92,0.30666666666666664,0.04,4.36,0.3,0.6066666666666667,5.2666666666666675,6.053333333333333,0.5,0.39479300042680326,0.9230769230769231,0.01751824817518248,0.3569214876033058,0.692929292929293,0.7989690721649483,0.5090525045262523,0.6772258669165886,0.6192560175054704,0.5565610859728507,0.15646258503401378,-1.8999999999999995,0.6437007874015748,0.2941176470588236,0.17808219178082185,0.47023809523809523,0.21753713464302815
Shonie Carter,Southpaw,No,No,No,Shonie Carter,0.2333333333333333,0.4666666666666666,0.0,0.3,1.0297222222222222,3.0500000000000003,2.183333333333333,3.6,6.6000000000000005,1.6666666666666667,0.5666666666666667,8.833333333333334,23.349999999999998,16.133333333333333,31.599999999999998,0.7666666666666666,15.6,3.3166666666666664,4.433333333333334,18.316666666666666,2.5,2.533333333333333,0.3,0.3666666666666667,0.45,0.15,1.0905555555555555,6.466666666666666,1.6333333333333335,1.4666666666666668,6.866666666666667,2.1,0.6,9.566666666666666,20.400000000000002,22.683333333333334,34.449999999999996,1.8166666666666667,16.333333333333332,2.2333333333333334,1.8333333333333333,16.3,3.4333333333333336,0.6666666666666666,1.45,9.866666666666667,0.6,0.3666666666666667,9.433333333333334,1.3333333333333333,0.06666666666666667,10.833333333333334,11.766666666666666,0.6086956521739131,0.19551282051282054,0.6582914572864321,0.10526315789473682,0.36032757051865333,0.6666666666666667,0.2236842105263158,0.3783012134189865,0.510548523206751,0.7981651376146789,0.6040816326530613,0.26865671641791034,0.8,0.5787321063394684,0.38834951456310685,0.09999999999999998,0.531045751633987,0.3415578132559264
Sherman Pendergarst,Orthodox,No,No,No,Sherman Pendergarst,0.0,1.0,0.0,0.0,2.7333333333333334,4.0,0.0,0.0,0.0,0.0,4.0,4.0,11.0,14.0,21.0,1.0,10.0,1.0,0.0,5.0,1.0,5.0,1.0,0.0,0.0,0.0,0.0,5.0,2.0,3.0,7.0,3.0,0.0,10.0,12.0,15.0,18.0,0.0,6.0,3.0,3.0,8.0,4.0,0.0,0.0,1.0,1.0,0.0,1.0,1.0,0.0,2.0,3.0,1.0,0.4,0.0,inf,0.0,0.0,0.8,0.36363636363636365,0.6666666666666666,,0.16666666666666663,0.33333333333333337,1.0,0.125,0.25,,0.16666666666666663,0.16666666666666663
Josh Shockman,Southpaw,No,No,No,Josh Shockman,0.0,0.0,0.0,0.0,0.14999999999999997,0.3333333333333333,0.6666666666666666,3.3333333333333335,4.333333333333333,0.0,0.0,4.333333333333333,13.333333333333334,16.666666666666668,27.666666666666668,0.0,7.333333333333333,2.3333333333333335,3.6666666666666665,13.333333333333334,0.0,0.0,0.0,3.3333333333333335,0.0,0.0,3.4555555555555557,4.0,0.3333333333333333,0.0,0.0,0.0,4.333333333333333,4.333333333333333,10.333333333333334,35.333333333333336,44.0,4.333333333333333,10.0,0.3333333333333333,0.0,2.3333333333333335,0.0,8.0,1.0,6.0,0.0,0.0,2.3333333333333335,0.0,3.6666666666666665,6.0,8.666666666666666,,0.045454545454545456,0.2857142857142857,0.0,0.32499999999999996,,,0.32499999999999996,0.6024096385542169,0.23076923076923073,0.6,0.0,-inf,1.0,,0.45833333333333337,0.5806451612903226,0.1969696969696969
Jeff Monson,Orthodox,No,No,Yes,Jeff Monson,0.02857142857142857,0.28428571428571425,0.12857142857142856,0.2571428571428571,1.2232619047619049,2.8328571428571427,1.1814285714285715,0.43285714285714294,1.3942857142857144,1.0942857142857143,1.9585714285714286,4.4471428571428575,12.865714285714285,19.234285714285715,30.17285714285714,2.3514285714285714,11.001428571428571,1.3914285714285715,0.47285714285714286,7.777142857142858,1.6242857142857143,3.464285714285714,0.0,0.10714285714285714,0.2571428571428571,0.05,1.2781904761904763,4.598571428571429,1.2014285714285715,4.717142857142857,5.0,1.2442857142857142,4.272857142857143,10.517142857142858,26.915714285714284,20.19,37.251428571428576,0.4057142857142857,20.66142857142857,1.23,5.024285714285714,20.11714285714286,1.7457142857142856,5.0528571428571425,0.2985714285714286,16.062857142857144,0.02857142857142857,0.3071428571428571,15.117142857142857,0.5014285714285714,0.78,16.39857142857143,17.06142857142857,0.12089914945321992,0.25749902610050646,0.849075975359343,0.6012084592145014,0.1792799412196914,0.673702726473175,0.5653608247422681,0.34565844992227407,0.6374698167700393,0.7359154929577465,0.7774320680356772,0.023228803716608515,0.978675007108331,0.7514557591251243,0.2872340425531915,0.15436810856658179,0.6092564088954938,0.4580073630924989
Gideon Ray,Southpaw,No,No,No,Gideon Ray,0.0,0.3333333333333333,0.0,0.0,0.19444444444444445,2.0,1.6666666666666667,3.3333333333333335,4.666666666666667,2.0,0.3333333333333333,7.0,17.333333333333332,7.333333333333333,17.666666666666668,0.3333333333333333,10.666666666666666,2.0,4.666666666666667,15.0,2.0,0.3333333333333333,1.0,0.3333333333333333,0.6666666666666666,0.0,1.111111111111111,7.666666666666667,0.6666666666666666,0.3333333333333333,2.3333333333333335,1.3333333333333333,5.0,8.666666666666666,18.666666666666668,11.333333333333334,21.666666666666668,0.3333333333333333,17.0,1.0,0.6666666666666666,9.333333333333334,1.3333333333333333,8.0,0.0,9.333333333333334,0.3333333333333333,0.3333333333333333,7.0,0.0,3.0,10.0,10.333333333333334,1.0,0.1875,0.8333333333333334,0.07142857142857142,0.3111111111111111,1.0,1.0,0.40384615384615385,0.4150943396226415,0.0,0.5490196078431373,0.33333333333333337,0.5,0.75,0.0,0.375,0.5357142857142858,0.4769230769230769
Edwin DeWees,Orthodox,No,No,No,Edwin DeWees,0.0,0.6666666666666666,1.0,0.0,0.6444444444444445,2.0,2.0,1.0,2.3333333333333335,2.6666666666666665,0.0,5.0,12.666666666666666,11.0,18.666666666666668,0.6666666666666666,8.666666666666666,2.6666666666666665,1.3333333333333333,7.666666666666667,5.0,0.0,0.6666666666666666,0.0,0.3333333333333333,0.0,1.3666666666666665,13.333333333333334,7.0,1.6666666666666667,3.6666666666666665,10.666666666666666,7.666666666666667,22.0,32.0,31.333333333333332,43.333333333333336,0.0,22.666666666666668,7.333333333333333,2.0,5.333333333333333,15.666666666666666,11.0,0.0,9.333333333333334,0.3333333333333333,0.3333333333333333,1.6666666666666667,5.0,3.3333333333333335,10.0,12.0,1.0,0.23076923076923078,0.75,0.5,0.30434782608695654,0.5333333333333333,,0.39473684210526316,0.5892857142857143,,0.4117647058823529,0.045454545454545414,1.0,0.3125,0.3191489361702128,0.303030303030303,0.3125,0.27692307692307694
Jeremy Jackson,Orthodox,No,No,No,Jeremy Jackson,0.0,0.3333333333333333,0.0,0.3333333333333333,1.2027777777777777,1.5,0.16666666666666666,0.6666666666666666,0.0,1.0,1.3333333333333333,2.3333333333333335,9.666666666666666,16.5,25.166666666666668,0.8333333333333334,8.5,0.16666666666666666,1.0,3.3333333333333335,1.8333333333333333,4.5,0.0,1.3333333333333333,0.6666666666666666,0.16666666666666666,1.4583333333333333,4.0,0.8333333333333334,0.5,1.0,0.5,3.8333333333333335,5.333333333333333,7.166666666666667,23.5,26.666666666666668,2.5,5.5,1.1666666666666667,0.5,1.6666666666666667,0.5,5.0,1.1666666666666667,1.5,0.3333333333333333,0.0,0.6666666666666666,0.0,1.1666666666666667,1.8333333333333333,3.1666666666666665,0.39999999999999997,0.17647058823529413,1.0,0.3333333333333333,0.0,0.5454545454545455,0.2962962962962963,0.24137931034482762,0.6556291390728477,0.4666666666666667,0.2727272727272727,0.2857142857142857,-1.6666666666666665,0.4,0.0,0.23333333333333328,0.2558139534883722,0.11875000000000002
Justin James,Orthodox,No,No,No,Justin James,0.0,0.0,0.5,0.0,0.21666666666666665,4.0,2.5,0.0,1.5,4.0,1.0,6.5,18.0,14.0,26.0,0.0,15.5,2.5,0.0,12.0,5.0,1.0,0.0,1.0,1.0,0.0,3.7666666666666666,11.5,1.0,0.5,1.0,0.5,11.5,13.0,26.0,46.5,62.5,2.0,24.5,1.0,0.5,6.5,0.5,19.0,1.0,13.0,0.0,0.0,5.5,0.0,7.5,13.0,16.0,,0.25806451612903225,1.0,,0.125,0.8,1.0,0.3611111111111111,0.5384615384615384,0.5,0.5306122448979591,0.0,-1.0,0.8461538461538461,0.0,0.39473684210526316,0.5,0.256
Crafton Wallace,Orthodox,No,No,No,Crafton Wallace,0.0,0.0,0.0,0.0,0.1875,0.75,0.0,0.5,1.25,0.0,0.0,1.25,7.5,7.75,14.0,0.0,6.25,0.5,0.75,7.25,0.0,0.25,0.0,1.0,1.0,0.25,1.7666666666666666,7.5,0.5,1.0,2.5,0.25,6.25,9.0,14.75,17.0,23.75,1.25,13.0,0.5,1.25,5.5,0.5,8.75,0.25,5.5,0.0,0.25,3.0,0.25,2.5,5.75,6.75,,0.12,0.0,0.0,0.1724137931034483,,0.0,0.16666666666666666,0.5535714285714286,0.19999999999999996,0.42307692307692313,0.0,0.19999999999999996,0.5454545454545454,0.5,0.2857142857142857,0.38983050847457623,0.28421052631578947
Ken Shamrock,Orthodox,No,No,Yes,Ken Shamrock,0.06666666666666667,0.06666666666666667,0.13333333333333333,0.0,0.04777777777777775,2.6,1.5999999999999999,0.3333333333333333,1.6666666666666667,2.8000000000000003,0.06666666666666667,4.533333333333333,14.266666666666666,11.466666666666667,21.733333333333334,0.13333333333333333,12.266666666666666,1.6666666666666667,0.3333333333333333,9.333333333333334,4.866666666666666,0.06666666666666667,0.0,0.8666666666666667,0.3333333333333333,0.0,2.684444444444445,20.466666666666665,2.066666666666667,0.7999999999999999,8.0,5.6000000000000005,9.733333333333333,23.333333333333332,39.4,42.13333333333333,59.53333333333333,1.1333333333333333,36.46666666666667,2.066666666666667,0.8666666666666667,17.133333333333333,8.333333333333334,13.933333333333332,0.26666666666666666,16.0,0.0,0.06666666666666667,9.133333333333333,2.733333333333333,4.2,16.066666666666666,17.400000000000002,0.5,0.21195652173913046,0.9599999999999999,0.2,0.17857142857142858,0.5753424657534247,1.0,0.31775700934579443,0.5276073619631901,0.23529411764705876,0.4387568555758684,0.0,0.0,0.5330739299610895,0.32799999999999996,0.3014354066985646,0.40778341793570216,0.2922732362821948
Mario Neto,Orthodox,No,No,No,Mario Neto,0.0,0.5,0.0,0.0,0.9916666666666664,2.0,0.0,3.0,2.5,2.0,0.5,5.0,10.0,6.0,11.0,0.5,6.5,0.0,3.5,6.5,2.5,1.0,0.5,0.0,0.0,0.0,0.5083333333333332,4.0,0.0,1.0,1.5,0.5,3.0,5.0,17.0,11.5,23.5,0.0,16.0,0.0,1.0,12.5,0.5,4.0,0.0,12.0,0.0,0.0,11.0,0.0,1.0,12.0,12.0,1.0,0.3076923076923077,,0.14285714285714285,0.38461538461538464,0.8,0.5,0.5,0.5454545454545454,,0.75,,1.0,0.88,0.0,0.25,0.7058823529411764,0.5106382978723405
Danny Abbadi,Orthodox,No,No,No,Danny Abbadi,0.0,0.0,0.0,0.0,0.30833333333333335,14.333333333333334,2.1666666666666665,0.0,12.333333333333334,3.6666666666666665,0.5,16.5,45.0,22.833333333333332,52.5,0.0,42.333333333333336,2.6666666666666665,0.0,38.166666666666664,6.166666666666667,0.6666666666666666,0.0,0.5,0.3333333333333333,0.0,0.8277777777777778,16.0,3.1666666666666665,0.6666666666666666,13.166666666666666,3.6666666666666665,3.0,19.833333333333332,52.333333333333336,29.333333333333332,63.666666666666664,2.1666666666666665,48.0,3.6666666666666665,0.6666666666666666,39.5,5.333333333333333,7.5,1.6666666666666667,32.0,0.5,0.0,26.333333333333332,1.6666666666666667,4.5,32.5,34.333333333333336,,0.33858267716535434,0.8125,,0.3231441048034935,0.5945945945945945,0.75,0.36666666666666664,0.4349206349206349,0.7692307692307692,0.6666666666666667,0.13636363636363635,0.25,0.6666666666666667,0.3125,0.6,0.6210191082802548,0.5392670157068062
Cory Walmsley,Orthodox,No,No,No,Cory Walmsley,0.0,0.0,0.0,0.0,0.0333333333333333,1.0,1.0,0.0,1.0,1.0,0.0,2.0,2.0,13.0,13.0,0.0,1.0,1.0,0.0,1.0,1.0,0.0,0.0,1.0,3.0,0.0,2.333333333333333,3.0,0.0,0.0,0.0,0.0,3.0,3.0,6.0,19.0,22.0,1.0,6.0,0.0,0.0,0.0,0.0,6.0,0.0,3.0,0.0,0.0,0.0,0.0,3.0,3.0,3.0,,1.0,1.0,,1.0,1.0,,1.0,1.0,0.0,0.5,,-inf,,,0.5,0.5,0.13636363636363635
Rob MacDonald,Orthodox,No,No,No,Rob MacDonald,0.0,1.3333333333333333,1.0,0.0,1.0444444444444445,4.333333333333333,0.0,0.6666666666666666,1.3333333333333333,0.6666666666666666,3.0,5.0,10.0,7.666666666666667,13.333333333333334,1.6666666666666667,9.333333333333334,0.0,0.6666666666666666,4.0,1.6666666666666667,4.333333333333333,0.3333333333333333,0.3333333333333333,1.0,0.0,0.8277777777777778,2.6666666666666665,0.6666666666666666,2.3333333333333335,2.6666666666666665,2.0,1.0,5.666666666666667,10.666666666666666,16.666666666666668,22.333333333333332,1.6666666666666667,7.0,1.0,2.6666666666666665,6.0,3.3333333333333335,1.3333333333333333,1.3333333333333333,4.333333333333333,0.3333333333333333,0.3333333333333333,3.3333333333333335,1.3333333333333333,0.3333333333333333,5.0,5.666666666666667,0.7999999999999999,0.46428571428571425,,2.0,0.3333333333333333,0.39999999999999997,0.6923076923076924,0.5,0.575,0.8,0.6190476190476191,0.33333333333333337,0.875,0.5555555555555556,0.4,0.25,0.4687499999999999,0.25373134328358204
Wes Combs,Orthodox,No,No,No,Wes Combs,0.0,0.0,0.0,0.0,0.0083333333333333,1.5,0.5,5.0,6.0,1.0,0.0,7.0,14.5,13.5,24.5,0.0,7.5,1.5,5.5,12.0,2.5,0.0,0.0,2.0,1.0,0.0,1.8916666666666666,8.5,5.0,2.0,4.5,4.0,7.0,15.5,28.5,28.0,41.0,2.0,18.5,7.0,3.0,11.5,7.0,10.0,0.0,10.0,2.0,1.0,7.0,3.0,3.0,13.0,13.0,,0.2,0.3333333333333333,0.0,0.5,0.4,,0.4827586206896552,0.5510204081632653,0.0,0.5405405405405406,0.2857142857142857,0.33333333333333337,0.6086956521739131,0.4285714285714286,0.30000000000000004,0.45614035087719296,0.31707317073170727
Yuki Sasaki,Orthodox,No,No,No,Yuki Sasaki,0.0,0.0,0.0,0.0,1.538888888888889,6.333333333333333,0.6666666666666666,1.6666666666666667,7.333333333333333,1.3333333333333333,0.0,8.666666666666666,22.0,10.666666666666666,24.0,0.0,19.0,1.3333333333333333,1.6666666666666667,18.666666666666668,3.3333333333333335,0.0,0.0,1.6666666666666667,0.6666666666666666,0.3333333333333333,1.9333333333333333,6.333333333333333,0.6666666666666666,1.0,4.333333333333333,1.0,2.6666666666666665,8.0,17.0,19.0,28.666666666666668,5.666666666666667,14.666666666666666,1.0,1.3333333333333333,10.666666666666666,3.0,3.3333333333333335,4.0,8.333333333333334,0.3333333333333333,0.3333333333333333,6.333333333333333,2.0,0.6666666666666666,9.0,9.666666666666666,,0.3333333333333333,0.5,0.0,0.3928571428571428,0.39999999999999997,,0.3939393939393939,0.4444444444444444,0.7058823529411764,0.5681818181818181,0.33333333333333337,-0.2500000000000002,0.59375,0.6666666666666667,0.20000000000000007,0.5294117647058824,0.33720930232558144
Sammy Morgan,Orthodox,No,No,No,Sammy Morgan,0.0,0.0,0.3333333333333333,0.0,0.0,0.8333333333333334,1.5,0.16666666666666666,2.1666666666666665,0.3333333333333333,0.0,2.5,13.166666666666666,16.0,27.666666666666668,2.0,11.166666666666666,1.8333333333333333,0.16666666666666666,9.833333333333334,3.3333333333333335,0.0,1.3333333333333333,2.0,0.0,0.0,1.9361111111111111,7.666666666666667,4.666666666666667,0.5,6.333333333333333,2.6666666666666665,3.8333333333333335,12.833333333333334,23.5,27.0,40.333333333333336,2.0,18.166666666666668,4.833333333333333,0.5,14.166666666666666,3.1666666666666665,6.166666666666667,0.0,10.5,0.16666666666666666,0.0,7.833333333333333,0.5,2.3333333333333335,10.666666666666666,13.333333333333334,0.0,0.0746268656716418,0.8181818181818182,0.0,0.22033898305084743,0.09999999999999999,,0.189873417721519,0.5783132530120482,0.0,0.5779816513761469,0.0344827586206895,-3.0,0.5529411764705883,0.1578947368421053,0.3783783783783784,0.45390070921985815,0.3305785123966942
Kristof Midoux,Orthodox,No,No,No,Kristof Midoux,0.0,0.0,0.0,0.0,0.0,1.0,0.0,0.0,0.0,1.0,0.0,1.0,5.0,1.0,5.5,0.0,5.0,0.0,0.0,4.0,1.0,0.0,0.0,1.5,0.0,0.0,2.3666666666666667,12.5,0.0,0.0,0.0,0.0,12.5,12.5,26.0,42.5,58.0,1.5,26.0,0.0,0.0,1.5,0.0,24.5,0.0,13.5,0.0,0.0,1.5,0.0,12.0,13.5,15.5,,0.2,,,0.0,1.0,,0.2,0.18181818181818182,0.0,0.5192307692307692,,-inf,1.0,,0.4897959183673469,0.5192307692307692,0.26724137931034486
Jason Von Flue,Orthodox,No,No,No,Jason Von Flue,0.0,0.3333333333333333,0.4444444444444444,0.1111111111111111,1.1907407407407407,3.888888888888889,1.9444444444444446,0.38888888888888884,3.277777777777778,2.944444444444444,0.0,6.222222222222222,18.055555555555557,12.5,24.333333333333332,1.722222222222222,14.277777777777779,3.3888888888888893,0.38888888888888884,12.444444444444445,5.277777777777778,0.3333333333333333,0.0,0.611111111111111,1.1111111111111112,0.0,0.937037037037037,4.722222222222222,2.388888888888889,1.9444444444444446,4.0,3.6111111111111107,1.4444444444444444,9.055555555555555,24.88888888888889,19.38888888888889,35.666666666666664,1.277777777777778,18.88888888888889,4.055555555555555,1.9444444444444446,15.777777777777777,6.666666666666667,2.444444444444444,0.6666666666666666,14.166666666666666,1.6666666666666667,0.0,11.777777777777779,3.0555555555555554,1.0,15.833333333333334,16.27777777777778,0.1935483870967742,0.2723735408560311,0.5737704918032787,0.8571428571428572,0.26339285714285715,0.5578947368421052,0.0,0.3446153846153846,0.5136986301369864,0.5217391304347827,0.75,0.410958904109589,0.6857142857142857,0.7464788732394366,0.45833333333333337,0.40909090909090906,0.6361607142857143,0.45638629283489096
Gilbert Aldana,Orthodox,No,No,No,Gilbert Aldana,0.0,0.5,0.0,0.0,1.3125,6.75,1.5,1.25,2.0,5.25,2.25,9.5,17.5,15.75,24.25,1.5,14.25,1.5,1.75,4.25,10.25,3.0,0.0,0.5,0.5,0.0,0.9291666666666667,14.5,5.75,2.25,3.25,15.5,3.75,22.5,30.25,32.5,40.25,0.75,21.75,6.25,2.25,6.75,19.5,4.0,0.25,7.25,0.5,0.0,3.5,4.0,0.25,7.75,7.75,0.3333333333333333,0.47368421052631576,1.0,0.2857142857142857,0.47058823529411764,0.5121951219512195,0.75,0.5428571428571428,0.6494845360824743,0.33333333333333337,0.33333333333333337,0.07999999999999996,0.7777777777777778,0.5185185185185186,0.20512820512820518,0.0625,0.25619834710743805,0.1925465838509317
Dan Christison,Orthodox,No,No,No,Dan Christison,0.0,0.0,0.3333333333333333,0.16666666666666666,0.8333333333333334,10.833333333333334,3.0,6.333333333333333,13.0,6.0,1.1666666666666667,20.166666666666668,38.833333333333336,29.166666666666668,48.333333333333336,0.0,28.166666666666668,4.0,6.666666666666667,27.166666666666668,10.166666666666666,1.5,0.0,0.8333333333333334,0.0,0.16666666666666666,1.9166666666666667,11.166666666666666,6.333333333333333,1.0,6.333333333333333,6.833333333333333,5.333333333333333,18.5,41.0,31.833333333333332,55.833333333333336,1.3333333333333333,32.666666666666664,7.333333333333333,1.0,18.5,10.333333333333334,12.166666666666666,0.5,21.5,1.0,0.0,12.166666666666666,3.5,6.833333333333333,22.5,24.0,,0.38461538461538464,0.75,0.0,0.47852760736196315,0.5901639344262295,0.7777777777777778,0.51931330472103,0.603448275862069,0.3749999999999999,0.6581632653061225,0.13636363636363635,0.16666666666666663,0.6576576576576576,0.33870967741935487,0.5616438356164384,0.5487804878048781,0.4298507462686567
Joe Jordan,Orthodox,No,No,No,Joe Jordan,0.0,0.0,0.0,0.0,0.37222222222222223,2.0,0.0,4.666666666666667,4.0,2.0,0.6666666666666666,6.666666666666667,26.0,10.333333333333334,29.666666666666668,0.0,20.666666666666668,0.3333333333333333,5.0,22.333333333333332,2.3333333333333335,1.3333333333333333,0.0,1.0,0.3333333333333333,0.0,0.45555555555555555,11.0,2.6666666666666665,1.6666666666666667,12.666666666666666,2.3333333333333335,0.3333333333333333,15.333333333333334,37.666666666666664,23.666666666666668,46.0,3.0,33.0,2.6666666666666665,2.0,33.333333333333336,3.6666666666666665,0.6666666666666666,2.0,22.0,0.0,0.3333333333333333,20.666666666666668,1.3333333333333333,0.3333333333333333,22.333333333333332,22.333333333333332,,0.0967741935483871,0.0,0.0,0.17910447761194032,0.8571428571428571,0.5,0.25641025641025644,0.34831460674157305,0.6666666666666667,0.6666666666666667,0.0,0.5,0.6200000000000001,0.36363636363636354,0.5,0.5929203539823009,0.48550724637681153
Branden Lee Hinkle,Orthodox,No,No,No,Branden Lee Hinkle,0.0,1.3333333333333333,1.3333333333333333,0.0,2.2277777777777774,7.666666666666667,4.0,0.3333333333333333,0.0,2.6666666666666665,9.333333333333334,12.0,17.333333333333332,18.333333333333332,24.0,2.3333333333333335,12.666666666666666,4.333333333333333,0.3333333333333333,1.0,3.3333333333333335,13.0,0.0,0.3333333333333333,0.6666666666666666,0.3333333333333333,2.0555555555555554,11.333333333333334,5.0,1.6666666666666667,0.0,3.6666666666666665,14.333333333333334,18.0,24.333333333333332,38.666666666666664,47.333333333333336,1.0,17.333333333333332,5.333333333333333,1.6666666666666667,0.3333333333333333,4.666666666666667,19.333333333333332,0.6666666666666666,6.0,0.3333333333333333,0.0,0.3333333333333333,1.0,5.0,6.333333333333333,8.666666666666666,0.5714285714285714,0.605263157894737,0.9230769230769231,4.0,0.0,0.7999999999999999,0.717948717948718,0.6923076923076924,0.7638888888888888,0.6666666666666667,0.34615384615384603,0.0625,0.8,1.0,0.2142857142857144,0.2586206896551724,0.26027397260273966,0.18309859154929586
Justin Levens,Orthodox,No,No,No,Justin Levens,0.0,0.0,0.5,0.0,0.24166666666666659,0.0,0.5,0.5,0.5,0.5,0.0,1.0,5.0,3.5,7.5,0.5,3.0,1.5,0.5,3.0,2.0,0.0,0.5,1.0,1.0,0.0,1.6833333333333336,7.0,1.5,1.0,1.0,3.0,5.5,9.5,16.0,15.0,22.0,1.5,12.5,2.0,1.5,1.5,5.0,9.5,0.5,5.5,0.5,0.5,0.5,2.0,4.0,6.5,7.0,0.0,0.0,0.3333333333333333,0.0,0.16666666666666666,0.25,,0.2,0.4666666666666667,0.33333333333333337,0.43999999999999995,0.25,0.33333333333333337,0.33333333333333337,0.4,0.42105263157894735,0.40625,0.31818181818181823
Kristian Rothaermel,Switch,No,No,No,Kristian Rothaermel,0.0,0.0,0.0,0.0,0.0,1.0,0.0,2.0,2.0,1.0,0.0,3.0,6.0,16.0,19.0,3.0,3.0,1.0,2.0,4.0,2.0,0.0,0.0,4.0,3.0,0.0,2.8,9.0,0.0,1.0,1.0,0.0,9.0,10.0,17.0,14.0,23.0,4.0,16.0,0.0,1.0,4.0,0.0,13.0,0.0,7.0,0.0,0.0,3.0,0.0,4.0,7.0,9.0,0.0,0.3333333333333333,0.0,0.0,0.5,0.5,,0.5,0.8421052631578947,0.0,0.4375,,-3.0,0.75,,0.3076923076923077,0.4117647058823529,0.3913043478260869
Solomon Hutcherson,Southpaw,No,No,No,Solomon Hutcherson,0.0,1.0,0.0,1.0,1.65,5.0,5.0,1.0,5.0,6.0,0.0,11.0,28.0,25.0,44.0,1.0,18.0,9.0,1.0,17.0,11.0,0.0,1.0,1.0,0.0,1.0,0.7833333333333333,7.0,3.0,1.0,4.0,5.0,2.0,11.0,31.0,19.0,41.0,1.0,22.0,7.0,2.0,12.0,17.0,2.0,0.0,15.0,4.0,1.0,8.0,12.0,0.0,20.0,22.0,1.0,0.2777777777777778,0.5555555555555556,1.0,0.29411764705882354,0.5454545454545454,,0.39285714285714285,0.5681818181818182,0.0,0.6818181818181819,0.5714285714285714,0.5,0.6666666666666667,0.7058823529411764,0.0,0.6451612903225806,0.5365853658536586
Fabiano Scherner,Orthodox,No,No,No,Fabiano Scherner,0.0,0.25,0.0,0.25,0.47916666666666663,3.25,0.75,0.5,2.5,1.0,1.0,4.5,14.25,13.0,22.75,0.75,11.0,1.75,1.5,9.75,3.0,1.5,0.75,0.75,0.0,0.0,1.4416666666666669,3.75,4.0,3.25,5.0,4.75,1.25,11.0,17.75,18.25,25.5,1.25,9.25,4.75,3.75,10.25,5.25,2.25,0.5,5.5,0.75,0.5,5.25,0.5,1.0,6.75,7.25,0.3333333333333333,0.29545454545454547,0.42857142857142855,0.16666666666666666,0.2564102564102564,0.3333333333333333,0.6666666666666666,0.3157894736842105,0.5714285714285714,0.4,0.5945945945945945,0.1578947368421053,0.8,0.5121951219512195,0.09523809523809523,0.4444444444444444,0.3802816901408451,0.28431372549019607
Royce Gracie,Southpaw,No,No,No,Royce Gracie,0.0,0.0,0.0,0.0,0.0,0.0,2.0,5.0,5.0,2.0,0.0,7.0,11.0,14.0,18.0,0.0,3.0,2.0,6.0,8.0,3.0,0.0,0.0,1.0,1.0,0.0,3.4333333333333336,22.0,8.0,2.0,3.0,1.0,28.0,32.0,40.0,33.0,41.0,1.0,29.0,9.0,2.0,4.0,1.0,35.0,0.0,7.0,1.0,0.0,1.0,0.0,7.0,8.0,8.0,,0.0,1.0,0.0,0.625,0.6666666666666666,,0.6363636363636364,0.7777777777777778,0.0,0.24137931034482762,0.11111111111111116,0.5,0.25,0.0,0.19999999999999996,0.19999999999999996,0.19512195121951215
Rick Davis,Orthodox,No,No,No,Rick Davis,0.0,0.0,0.0,0.0,0.0,2.0,2.0,1.0,5.0,0.0,0.0,5.0,10.0,5.0,10.0,0.0,3.0,5.0,2.0,10.0,0.0,0.0,1.0,0.0,0.0,0.0,0.0333333333333333,7.0,2.0,1.0,6.0,4.0,0.0,10.0,28.0,10.0,28.0,0.0,24.0,2.0,2.0,20.0,8.0,0.0,0.0,17.0,0.0,1.0,14.0,4.0,0.0,18.0,18.0,,0.6666666666666666,0.4,0.0,0.5,,,0.5,0.5,,0.7083333333333333,0.0,1.0,0.7,0.5,,0.6428571428571428,0.6428571428571428
David Terrell,Southpaw,No,No,Yes,David Terrell,0.3333333333333333,1.0,1.0,0.0,0.5777777777777778,4.666666666666667,0.3333333333333333,1.3333333333333333,1.0,2.3333333333333335,3.0,6.333333333333333,10.0,10.0,14.333333333333334,2.0,7.666666666666667,0.3333333333333333,2.0,3.0,3.0,4.0,0.0,0.0,0.0,0.0,1.511111111111111,6.333333333333333,0.6666666666666666,0.3333333333333333,0.6666666666666666,0.3333333333333333,6.333333333333333,7.333333333333333,11.666666666666666,22.0,28.333333333333332,0.0,10.333333333333334,0.6666666666666666,0.6666666666666666,1.3333333333333333,0.3333333333333333,10.0,0.0,4.0,0.0,0.3333333333333333,0.6666666666666666,0.0,3.6666666666666665,4.333333333333333,6.333333333333333,0.5,0.6086956521739131,1.0,0.5,0.3333333333333333,0.7777777777777778,0.75,0.6333333333333333,0.6976744186046512,,0.3870967741935485,0.0,1.0,0.5,0.0,0.3666666666666667,0.37142857142857144,0.22352941176470587
Nick Thompson,Orthodox,No,No,No,Nick Thompson,0.0,0.5,0.8333333333333334,0.8333333333333334,2.336111111111111,9.833333333333334,3.8333333333333335,0.8333333333333334,3.3333333333333335,2.0,9.166666666666666,14.5,30.166666666666668,34.0,50.666666666666664,0.5,25.333333333333332,4.0,0.8333333333333334,13.5,4.833333333333333,11.833333333333334,0.0,1.0,0.0,0.3333333333333333,1.6416666666666666,5.166666666666667,1.3333333333333333,0.16666666666666666,2.3333333333333335,0.6666666666666666,3.6666666666666665,6.666666666666667,16.166666666666668,9.666666666666666,20.166666666666668,1.6666666666666667,14.666666666666666,1.3333333333333333,0.16666666666666666,8.166666666666666,2.3333333333333335,5.666666666666667,0.6666666666666666,9.5,0.0,0.0,5.833333333333333,1.6666666666666667,2.0,9.5,10.5,1.0,0.38815789473684215,0.9583333333333334,0.6,0.2469135802469136,0.4137931034482759,0.7746478873239435,0.48066298342541436,0.6710526315789473,0.4,0.6477272727272727,0.0,-5.0,0.7142857142857142,0.7142857142857143,0.3529411764705883,0.5876288659793815,0.5206611570247934
Derrick Noble,Southpaw,No,No,No,Derrick Noble,0.0,0.0,0.0,0.0,0.65,10.0,4.0,4.0,7.0,11.0,0.0,18.0,45.0,26.0,53.0,0.0,34.0,6.0,5.0,27.0,18.0,0.0,1.0,0.0,0.0,0.0,0.2,5.0,4.0,2.0,5.0,4.0,2.0,11.0,27.0,19.0,36.0,0.0,17.0,5.0,5.0,19.0,6.0,2.0,0.0,12.0,1.0,3.0,14.0,2.0,0.0,16.0,17.0,,0.29411764705882354,0.6666666666666666,0.0,0.25925925925925924,0.6111111111111112,,0.4,0.49056603773584906,,0.7058823529411764,0.19999999999999996,1.0,0.736842105263158,0.33333333333333337,0.0,0.5925925925925926,0.4722222222222222
Trevor Prangley,Orthodox,No,No,No,Trevor Prangley,0.0,1.2777777777777777,0.38888888888888884,0.0,2.4180555555555556,4.083333333333333,2.555555555555556,3.0833333333333335,2.0,4.888888888888888,2.8333333333333335,9.722222222222223,16.583333333333332,26.61111111111111,34.94444444444445,1.9722222222222223,10.777777777777779,2.722222222222222,3.0833333333333335,6.444444444444444,5.611111111111111,4.527777777777778,0.0,0.6388888888888888,0.08333333333333333,0.0,1.337037037037037,3.5,2.2222222222222223,1.0,2.611111111111111,2.444444444444444,1.6666666666666667,6.722222222222222,13.722222222222221,19.333333333333332,29.444444444444443,2.5555555555555554,9.777777777777777,2.9444444444444446,1.0,5.611111111111111,4.361111111111112,3.75,1.9166666666666667,6.277777777777778,0.7222222222222222,0.0,3.0,1.9166666666666667,2.0833333333333335,7.0,10.11111111111111,0.6478873239436619,0.37886597938144323,0.9387755102040819,0.41441441441441434,0.3103448275862069,0.8712871287128713,0.6257668711656442,0.5862646566164155,0.7615262321144672,0.75,0.6420454545454546,0.24528301886792458,0.36111111111111116,0.5346534653465347,0.43949044585987274,0.5555555555555556,0.5101214574898785,0.3433962264150944
Ansar Chalangov,Orthodox,No,No,No,Ansar Chalangov,0.0,0.0,1.5,0.5,0.4333333333333333,1.5,0.0,0.5,1.0,0.5,0.5,2.0,3.0,2.0,3.0,1.0,2.5,0.0,0.5,2.0,0.5,0.5,0.0,1.5,0.5,0.0,1.8833333333333333,3.5,1.0,0.5,1.0,1.0,3.0,5.0,11.0,7.5,13.5,1.5,8.5,1.0,1.5,5.0,1.0,5.0,0.0,5.0,0.0,1.0,4.0,0.0,2.0,6.0,6.0,0.0,0.6,,0.0,0.5,1.0,1.0,0.6666666666666666,0.6666666666666666,0.0,0.5882352941176471,0.0,0.0,0.8,0.0,0.4,0.5454545454545454,0.4444444444444444
Steve Vigneault,Orthodox,No,No,No,Steve Vigneault,0.0,0.0,0.0,0.0,0.2166666666666666,1.0,1.0,4.0,1.0,5.0,0.0,6.0,13.0,8.0,15.0,1.0,7.0,2.0,4.0,7.0,6.0,0.0,0.0,0.0,1.0,0.0,0.8166666666666667,4.0,0.0,9.0,4.0,9.0,0.0,13.0,22.0,13.0,22.0,0.0,12.0,0.0,10.0,12.0,10.0,0.0,0.0,8.0,0.0,1.0,8.0,1.0,0.0,9.0,9.0,0.0,0.14285714285714285,0.5,0.0,0.14285714285714285,0.8333333333333334,,0.46153846153846156,0.5333333333333333,,0.6666666666666667,,1.0,0.6666666666666667,0.09999999999999998,,0.40909090909090906,0.40909090909090906
Icho Larenas,Orthodox,No,No,No,Icho Larenas,0.0,0.0,0.0,0.0,0.0,0.3333333333333333,0.3333333333333333,0.0,0.0,0.6666666666666666,0.0,0.6666666666666666,4.333333333333333,5.0,9.666666666666666,0.0,3.6666666666666665,0.3333333333333333,0.3333333333333333,3.0,1.3333333333333333,0.0,0.0,2.0,0.6666666666666666,0.0,2.7277777777777774,10.0,0.0,0.0,0.0,1.3333333333333333,8.666666666666666,10.0,14.0,27.333333333333332,33.333333333333336,2.3333333333333335,14.0,0.0,0.0,1.3333333333333333,2.3333333333333335,10.333333333333334,0.3333333333333333,4.0,0.0,0.0,1.3333333333333333,1.0,1.6666666666666667,4.0,6.0,,0.09090909090909091,1.0,0.0,0.0,0.5,,0.15384615384615385,0.5172413793103449,0.1428571428571429,0.2857142857142857,,-inf,1.0,0.4285714285714286,0.16129032258064524,0.2857142857142857,0.18000000000000005
Tom Murphy,Southpaw,No,No,No,Tom Murphy,0.0,2.0,0.6666666666666666,0.0,2.7277777777777774,10.0,0.0,0.0,0.0,1.3333333333333333,8.666666666666666,10.0,14.0,27.333333333333332,33.333333333333336,2.3333333333333335,14.0,0.0,0.0,1.3333333333333333,2.3333333333333335,10.333333333333334,0.0,0.0,0.0,0.0,0.0,0.3333333333333333,0.3333333333333333,0.0,0.0,0.6666666666666666,0.0,0.6666666666666666,4.333333333333333,5.0,9.666666666666666,0.0,3.6666666666666665,0.3333333333333333,0.3333333333333333,3.0,1.3333333333333333,0.0,0.0,3.3333333333333335,0.0,0.3333333333333333,3.0,0.6666666666666666,0.0,3.6666666666666665,4.666666666666667,0.8571428571428571,0.7142857142857143,,inf,0.0,0.5714285714285714,0.8387096774193548,0.7142857142857143,0.82,,0.9090909090909091,0.0,1.0,1.0,0.5,,0.8461538461538461,0.48275862068965514
Justin Eilers,Orthodox,No,No,Yes,Justin Eilers,0.25,0.0,0.0,0.0,0.47500000000000003,2.75,0.0,2.25,1.75,3.0,0.25,5.0,16.25,8.75,20.25,0.5,12.5,1.0,2.75,12.75,3.25,0.25,0.5,0.0,0.0,0.0,0.08749999999999997,9.5,2.75,5.0,12.25,3.75,1.25,17.25,33.0,17.75,33.5,0.0,23.75,3.25,6.0,26.75,5.0,1.25,0.0,14.25,0.5,1.0,14.5,1.25,0.0,15.75,15.75,0.0,0.22,0.0,0.0,0.13725490196078433,0.9230769230769231,1.0,0.3076923076923077,0.43209876543209874,,0.6,0.15384615384615385,1.0,0.5420560747663552,0.25,0.0,0.4772727272727273,0.4701492537313433
Mike Whitehead,Orthodox,No,No,No,Mike Whitehead,0.0,1.6666666666666667,0.0,0.0,2.1277777777777778,5.0,2.6666666666666665,1.3333333333333333,7.333333333333333,1.0,0.6666666666666666,9.0,24.333333333333332,12.333333333333334,27.666666666666668,4.0,19.333333333333332,3.0,2.0,21.0,2.3333333333333335,1.0,0.0,0.0,0.0,0.0,0.0,11.666666666666666,0.6666666666666666,2.3333333333333335,12.666666666666666,2.0,0.0,14.666666666666666,43.666666666666664,30.0,59.0,0.0,40.0,1.0,2.6666666666666665,38.333333333333336,5.333333333333333,0.0,0.0,28.333333333333332,0.3333333333333333,0.3333333333333333,25.666666666666668,3.3333333333333335,0.0,29.0,29.0,0.4166666666666667,0.25862068965517243,0.8888888888888888,0.8333333333333334,0.3492063492063492,0.42857142857142855,0.6666666666666666,0.36986301369863017,0.4457831325301205,,0.7083333333333334,0.33333333333333337,1.0,0.6695652173913044,0.625,,0.6641221374045801,0.4915254237288136
Mike van Arsdale,Switch,No,No,No,Mike van Arsdale,0.0,0.2222222222222222,0.0,0.16666666666666666,1.2055555555555555,3.277777777777778,2.555555555555556,0.16666666666666666,1.222222222222222,0.5555555555555555,4.222222222222222,6.0,15.0,13.666666666666666,23.666666666666668,2.0,12.111111111111112,2.7222222222222228,0.16666666666666666,8.61111111111111,1.277777777777778,5.111111111111111,0.16666666666666666,0.7777777777777777,0.7222222222222222,0.1111111111111111,1.6231481481481485,2.777777777777778,3.277777777777778,1.5555555555555554,1.4444444444444444,2.722222222222222,3.4444444444444446,7.611111111111112,13.222222222222221,13.166666666666666,19.055555555555557,1.222222222222222,8.0,3.6666666666666665,1.5555555555555554,4.944444444444445,3.555555555555556,4.722222222222222,0.4444444444444444,5.222222222222222,0.38888888888888884,0.0,3.5,0.8333333333333334,1.277777777777778,5.611111111111111,5.888888888888889,0.1111111111111111,0.2706422018348624,0.9387755102040816,1.3333333333333333,0.14193548387096774,0.43478260869565205,0.8260869565217392,0.4,0.5774647887323943,0.36363636363636365,0.6527777777777777,0.10606060606060597,0.5,0.7078651685393258,0.2343750000000001,0.2705882352941176,0.4243697478991596,0.3090379008746357
Alex Karalexis,Orthodox,No,No,No,Alex Karalexis,0.0,0.1111111111111111,0.6666666666666666,0.0,0.537037037037037,5.055555555555556,0.7222222222222222,0.27777777777777773,2.0,3.0555555555555554,1.0,6.055555555555556,20.5,10.722222222222221,25.277777777777775,0.7777777777777777,19.0,1.2222222222222223,0.27777777777777773,12.055555555555555,7.111111111111111,1.3333333333333333,0.0,0.16666666666666666,0.5555555555555555,0.0,0.6629629629629629,5.5,3.611111111111111,0.1111111111111111,4.722222222222222,4.5,0.0,9.222222222222221,20.61111111111111,13.555555555555555,24.944444444444443,0.7222222222222222,14.888888888888888,5.5,0.2222222222222222,12.944444444444445,7.666666666666667,0.0,0.5555555555555555,9.388888888888888,1.8888888888888886,0.1111111111111111,8.222222222222223,3.1666666666666665,0.0,11.388888888888888,11.388888888888888,0.14285714285714288,0.26608187134502925,0.5909090909090908,0.4,0.16589861751152074,0.4296875,0.75,0.29539295392953935,0.42417582417582417,0.7692307692307693,0.6305970149253731,0.3434343434343434,0.25,0.6351931330472103,0.4130434782608696,,0.5525606469002695,0.45657015590200445
Kevin Jordan,Orthodox,No,No,No,Kevin Jordan,0.0,0.0,0.0,0.0,0.24166666666666667,5.666666666666667,2.1666666666666665,0.5,6.333333333333333,2.0,0.0,8.333333333333334,21.666666666666668,9.833333333333334,23.166666666666668,0.16666666666666666,18.0,2.6666666666666665,1.0,18.666666666666668,3.0,0.0,0.5,0.5,0.5,0.0,1.0638888888888889,5.0,1.5,3.0,4.5,2.3333333333333335,2.6666666666666665,9.5,22.666666666666668,18.166666666666668,32.0,2.5,17.5,1.5,3.6666666666666665,14.333333333333334,3.5,4.833333333333333,2.0,12.5,0.0,0.6666666666666666,9.833333333333334,1.1666666666666667,2.1666666666666665,13.166666666666666,13.833333333333334,0.0,0.3148148148148148,0.8125,0.0,0.33928571428571425,0.6666666666666666,,0.38461538461538464,0.4244604316546763,0.8,0.7142857142857143,0.0,0.8636363636363636,0.686046511627907,0.33333333333333326,0.4482758620689655,0.5808823529411765,0.43229166666666663
Jeff Newton,,No,No,No,Jeff Newton,0.0,0.0,2.0,0.0,0.075,1.0,0.0,0.0,1.0,0.0,0.0,1.0,5.0,2.0,6.0,0.0,4.5,0.5,0.0,5.0,0.0,0.0,0.0,1.5,1.0,0.0,2.3666666666666667,5.0,0.0,0.0,0.0,0.0,5.0,5.0,10.5,17.5,24.0,1.5,10.5,0.0,0.0,1.0,0.0,9.5,0.0,5.5,0.0,0.0,1.0,0.0,4.5,5.5,6.5,,0.2222222222222222,0.0,,0.2,,,0.2,0.3333333333333333,0.0,0.5238095238095238,,-inf,1.0,,0.4736842105263158,0.5238095238095238,0.27083333333333337
Kerry Schall,Orthodox,No,No,No,Kerry Schall,0.0,0.0,0.0,0.0,0.0,3.5,0.0,0.5,4.0,0.0,0.0,4.0,34.0,4.0,34.0,0.0,33.0,0.5,0.5,34.0,0.0,0.0,0.5,0.0,0.0,0.0,0.0,9.5,3.0,8.0,20.5,0.0,0.0,20.5,55.5,20.5,55.5,0.0,43.5,3.5,8.5,55.5,0.0,0.0,0.0,34.0,0.5,0.5,35.0,0.0,0.0,35.0,35.0,,0.10606060606060606,0.0,0.0,0.11764705882352941,,,0.11764705882352941,0.11764705882352941,,0.7816091954022988,0.1428571428571429,1.0,0.6306306306306306,,,0.6306306306306306,0.6306306306306306
Kit Cope,Orthodox,No,No,No,Kit Cope,0.0,0.0,0.0,0.0,0.125,3.0,0.5,0.5,0.5,2.5,1.0,4.0,7.5,5.5,9.5,0.0,6.5,0.5,0.5,2.5,3.5,1.5,0.0,1.5,1.0,0.0,2.158333333333333,3.0,1.5,0.5,0.5,1.5,3.0,5.0,10.0,18.5,25.0,4.0,6.0,2.5,1.5,2.0,2.0,6.0,2.5,3.0,1.0,1.0,1.5,0.5,3.0,5.0,6.5,,0.46153846153846156,1.0,0.0,0.2,0.7142857142857143,0.6666666666666666,0.5333333333333333,0.5789473684210527,0.625,0.5,0.4,0.0,0.75,0.25,0.5,0.5,0.26
Ron Faircloth,Orthodox,No,No,No,Ron Faircloth,0.0,0.0,0.0,0.0,0.0,0.0,0.5,0.5,1.0,0.0,0.0,1.0,2.5,8.5,10.5,0.0,1.0,0.5,1.0,2.0,0.5,0.0,0.5,0.0,0.0,0.0,2.1416666666666666,22.0,1.0,0.0,4.5,2.0,16.5,23.0,40.0,31.0,49.0,0.0,38.5,1.5,0.0,9.0,3.0,28.0,0.0,16.5,0.5,0.0,4.5,1.0,11.5,17.0,18.0,,0.0,1.0,0.0,0.5,0.0,,0.4,0.8095238095238095,,0.4285714285714286,0.33333333333333337,,0.5,0.33333333333333337,0.4107142857142857,0.42500000000000004,0.36734693877551017
Sean Gannon,Southpaw,No,No,No,Sean Gannon,0.0,0.0,0.0,0.0,0.0,0.0,0.0,0.0,0.0,0.0,0.0,0.0,3.0,8.0,12.0,0.0,3.0,0.0,0.0,1.0,1.0,1.0,0.0,1.0,3.0,0.0,3.8166666666666655,20.0,7.0,0.0,0.0,2.0,25.0,27.0,38.0,40.0,52.0,2.0,31.0,7.0,0.0,0.0,2.0,36.0,1.0,11.0,0.0,0.0,0.0,0.0,11.0,11.0,12.0,,0.0,,,0.0,0.0,0.0,0.0,0.6666666666666666,0.5,0.3548387096774194,0.0,-inf,,0.0,0.3055555555555556,0.2894736842105263,0.23076923076923073
Keigo Kunihara,Orthodox,No,No,No,Keigo Kunihara,0.0,1.0,0.5,0.0,1.625,0.5,0.0,0.0,0.0,0.0,0.5,0.5,5.0,5.0,10.0,2.5,4.0,0.5,0.5,4.0,0.0,1.0,0.0,0.0,0.5,0.0,0.225,1.0,0.5,4.5,5.5,0.5,0.0,6.0,14.0,9.5,18.0,1.0,9.0,0.5,4.5,13.5,0.5,0.0,1.0,8.0,0.0,0.0,8.0,0.0,0.0,8.0,8.5,0.4,0.125,0.0,2.0,0.0,,0.5,0.1,0.5,1.0,0.8888888888888888,0.0,1.0,0.5925925925925926,0.0,,0.5714285714285714,0.4722222222222222
Brian Gassaway,Orthodox,No,No,No,Brian Gassaway,0.0,0.0,0.0,0.0,0.19166666666666665,0.5,0.5,0.5,1.0,0.5,0.0,1.5,3.0,1.5,3.0,0.0,2.0,0.5,0.5,2.0,1.0,0.0,0.0,1.5,0.5,0.0,2.641666666666666,17.5,0.0,0.0,0.5,0.0,17.0,17.5,32.0,26.0,43.0,3.0,32.0,0.0,0.0,3.0,0.0,29.0,1.5,14.5,0.0,0.0,2.5,0.0,12.0,14.5,17.0,,0.25,1.0,0.0,0.5,0.5,,0.5,0.5,0.5,0.453125,,-inf,0.8333333333333334,,0.4137931034482759,0.453125,0.39534883720930236
Matt Lindland,Southpaw,No,No,Yes,Matt Lindland,0.0,1.005952380952381,0.3670634920634921,0.22023809523809523,2.8121031746031746,6.906746031746032,1.4940476190476188,2.013888888888889,1.7142857142857142,3.5297619047619047,5.170634920634921,10.41468253968254,20.63095238095238,37.33730158730159,49.69047619047618,1.9980158730158728,16.371031746031747,1.8313492063492063,2.4285714285714284,7.128968253968254,5.188492063492063,8.313492063492063,0.10317460317460318,0.20833333333333334,0.15873015873015872,0.15873015873015872,0.5352843915343914,2.9960317460317456,2.0892857142857144,1.1428571428571428,2.392857142857143,2.0496031746031744,1.7857142857142858,6.228174603174604,12.82936507936508,12.831349206349207,19.708333333333332,0.628968253968254,9.198412698412698,2.2956349206349205,1.3353174603174605,6.66468253968254,3.347222222222222,2.8174603174603177,0.42063492063492064,6.2023809523809526,0.20634920634920637,0.19246031746031744,4.271825396825396,1.2976190476190477,1.0317460317460316,6.601190476190477,6.8769841269841265,0.5034756703078451,0.42188825596897345,0.8158179848320692,0.41421568627450983,0.24046757584191483,0.6803059273422563,0.6219570405727924,0.5048086170417388,0.7513975403290211,0.6687697160883281,0.6742881794650561,0.08988764044943809,0.8439821693907875,0.6409645727895208,0.38767042086544157,0.3661971830985916,0.5145375811939376,0.3489378838216046
Tra Telligman,Orthodox,No,No,No,Tra Telligman,0.25,0.0,0.0,0.0,0.09583333333333333,7.75,2.75,3.0,11.0,2.25,0.25,13.5,31.0,16.75,35.25,0.0,24.25,3.25,3.5,28.0,2.75,0.25,0.25,0.5,0.0,0.0,1.4958333333333331,16.0,2.0,5.25,14.5,3.75,5.0,23.25,51.0,36.75,66.0,1.0,40.75,2.0,8.25,38.5,4.5,8.0,0.5,24.75,0.0,3.0,24.0,0.75,3.0,27.75,29.25,,0.31958762886597936,0.8461538461538461,0.0,0.39285714285714285,0.8181818181818182,1.0,0.43548387096774194,0.475177304964539,0.5,0.6073619631901841,0.0,0.9393939393939394,0.6233766233766234,0.16666666666666663,0.375,0.5441176470588236,0.44318181818181823
Bill Mahood,Orthodox,No,No,No,Bill Mahood,0.0,0.0,0.0,0.0,0.0,0.0,0.0,1.0,1.0,0.0,0.0,1.0,1.0,2.0,2.0,0.0,0.0,0.0,1.0,1.0,0.0,0.0,0.0,1.0,1.0,0.0,2.066666666666667,3.0,0.0,0.0,1.0,0.0,2.0,3.0,4.0,32.0,33.0,1.0,4.0,0.0,0.0,2.0,0.0,2.0,0.0,1.0,0.0,0.0,1.0,0.0,0.0,1.0,1.0,,,,0.0,1.0,,,1.0,1.0,0.0,0.25,,-inf,0.5,,0.0,0.25,0.030303030303030276
Koji Oishi,Orthodox,No,No,No,Koji Oishi,0.0,0.0,0.0,0.0,0.0,2.0,0.0,0.0,2.0,0.0,0.0,2.0,22.0,2.0,22.0,0.0,22.0,0.0,0.0,22.0,0.0,0.0,1.0,0.0,0.0,0.0,0.05,20.0,5.0,0.0,17.0,4.0,4.0,25.0,44.0,26.0,45.0,0.0,39.0,5.0,0.0,34.0,5.0,5.0,0.0,19.0,0.0,0.0,17.0,1.0,1.0,19.0,19.0,,0.09090909090909091,,,0.09090909090909091,,,0.09090909090909091,0.09090909090909091,,0.4871794871794872,0.0,,0.5,0.19999999999999996,0.19999999999999996,0.43181818181818177,0.4222222222222223
John Marsh,Orthodox,No,No,No,John Marsh,0.3333333333333333,0.3333333333333333,0.3333333333333333,0.0,0.8944444444444444,2.6666666666666665,2.0,1.3333333333333333,1.6666666666666667,3.0,1.3333333333333333,6.0,11.666666666666666,13.333333333333334,19.333333333333332,0.3333333333333333,7.666666666666667,2.6666666666666665,1.3333333333333333,5.0,4.333333333333333,2.3333333333333335,0.0,0.3333333333333333,0.0,0.3333333333333333,2.477777777777778,4.666666666666667,6.666666666666667,0.0,0.6666666666666666,0.3333333333333333,10.333333333333334,11.333333333333334,20.0,28.333333333333332,39.0,1.3333333333333333,13.0,7.0,0.0,7.0,0.6666666666666666,12.333333333333334,1.0,8.333333333333334,0.3333333333333333,0.0,6.333333333333333,0.3333333333333333,2.0,8.666666666666666,10.666666666666666,1.0,0.34782608695652173,0.75,0.25,0.33333333333333337,0.6923076923076924,0.5714285714285714,0.5142857142857143,0.6896551724137931,0.75,0.641025641025641,0.04761904761904756,-inf,0.9047619047619048,0.5,0.16216216216216217,0.43333333333333335,0.27350427350427353
Travis Wiuff,Orthodox,No,No,No,Travis Wiuff,0.0,0.75,0.25,0.0,0.35,0.75,0.25,0.0,0.5,0.25,0.25,1.0,1.5,3.5,4.0,1.5,1.25,0.25,0.0,0.75,0.5,0.25,0.0,1.0,0.75,0.0,1.6624999999999999,7.5,2.0,0.5,1.0,3.25,5.75,10.0,15.0,25.25,31.5,1.5,12.0,2.5,0.5,2.25,4.0,8.75,0.5,4.5,0.5,0.0,1.25,0.75,3.0,5.0,6.25,0.5,0.6,1.0,inf,0.6666666666666666,0.5,1.0,0.6666666666666666,0.875,0.33333333333333337,0.375,0.19999999999999996,-1.0,0.5555555555555556,0.1875,0.34285714285714286,0.33333333333333337,0.19841269841269837
Josh Rafferty,Orthodox,No,No,No,Josh Rafferty,0.0,0.0,1.0,0.0,0.0,0.0,1.0,0.0,1.0,0.0,0.0,1.0,3.0,2.0,4.0,1.0,1.0,1.0,1.0,3.0,0.0,0.0,0.0,0.0,0.0,0.0,1.05,6.0,0.0,0.0,0.0,0.0,6.0,6.0,12.0,12.0,19.0,0.0,12.0,0.0,0.0,4.0,0.0,8.0,0.0,6.0,0.0,0.0,4.0,0.0,2.0,6.0,7.0,0.0,0.0,1.0,0.0,0.3333333333333333,,,0.3333333333333333,0.5,,0.5,,,1.0,,0.25,0.5,0.368421052631579
Jason Thacker,Orthodox,No,No,No,Jason Thacker,0.0,0.0,0.0,0.0,0.0,1.0,0.0,0.0,0.0,1.0,0.0,1.0,3.0,3.0,5.0,0.0,3.0,0.0,0.0,1.0,2.0,0.0,0.0,1.0,0.0,0.0,1.4333333333333331,21.0,6.0,0.0,0.0,1.0,26.0,27.0,40.0,34.0,47.0,1.0,34.0,6.0,0.0,1.0,2.0,37.0,0.0,13.0,0.0,0.0,1.0,1.0,11.0,13.0,13.0,,0.3333333333333333,,,0.0,0.5,,0.3333333333333333,0.6,0.0,0.38235294117647056,0.0,-inf,1.0,0.5,0.29729729729729726,0.32499999999999996,0.276595744680851
Chris Sanford,Orthodox,No,No,No,Chris Sanford,0.0,0.0,1.0,0.0,0.0,0.0,0.0,1.0,1.0,0.0,0.0,1.0,2.0,3.0,4.0,0.0,1.0,0.0,1.0,2.0,0.0,0.0,0.0,2.0,0.0,0.0,3.15,13.0,0.0,1.0,2.0,0.0,12.0,14.0,17.0,27.0,31.0,2.0,16.0,0.0,1.0,3.0,0.0,14.0,0.0,3.0,0.0,0.0,1.0,0.0,2.0,3.0,4.0,,0.0,,0.0,0.5,,,0.5,0.75,0.0,0.1875,,-1.0,0.33333333333333337,,0.1428571428571429,0.17647058823529416,0.12903225806451613
Alex Schoenauer,Orthodox,No,No,No,Alex Schoenauer,0.0,0.0,0.0,0.0,0.0,0.0,0.0,1.0,1.0,0.0,0.0,1.0,4.0,1.0,4.0,0.0,2.0,1.0,1.0,4.0,0.0,0.0,1.0,0.0,0.0,0.0,0.0,6.0,0.0,1.0,7.0,0.0,0.0,7.0,13.0,7.0,13.0,0.0,12.0,0.0,1.0,13.0,0.0,0.0,0.0,6.0,0.0,0.0,6.0,0.0,0.0,6.0,6.0,,0.0,0.0,0.0,0.25,,,0.25,0.25,,0.5,,1.0,0.46153846153846156,,,0.46153846153846156,0.46153846153846156
Lodune Sincaid,Orthodox,No,No,No,Lodune Sincaid,0.0,0.0,0.0,0.0,0.0,3.0,0.0,7.0,10.0,0.0,0.0,10.0,34.0,10.0,34.0,0.0,26.0,0.0,8.0,34.0,0.0,0.0,0.0,0.0,0.0,0.0,0.0,26.0,8.0,2.0,36.0,0.0,0.0,36.0,82.0,36.0,82.0,0.0,71.0,9.0,2.0,82.0,0.0,0.0,0.0,45.0,1.0,0.0,46.0,0.0,0.0,46.0,46.0,,0.11538461538461539,,0.0,0.29411764705882354,,,0.29411764705882354,0.29411764705882354,,0.6338028169014085,0.11111111111111116,1.0,0.5609756097560976,,,0.5609756097560976,0.5609756097560976
Bobby Southworth,Orthodox,No,No,No,Bobby Southworth,0.0,0.3333333333333333,0.0,0.0,0.45,2.0,0.3333333333333333,4.666666666666667,6.333333333333333,0.3333333333333333,0.3333333333333333,7.0,28.0,27.0,50.333333333333336,0.6666666666666666,22.0,0.6666666666666666,5.333333333333333,27.0,0.3333333333333333,0.6666666666666666,0.3333333333333333,0.0,0.0,0.0,0.8833333333333333,4.0,1.6666666666666667,1.6666666666666667,7.0,0.3333333333333333,0.0,7.333333333333333,39.666666666666664,23.666666666666668,57.0,0.3333333333333333,31.666666666666668,5.666666666666667,2.3333333333333335,36.0,1.0,2.6666666666666665,0.3333333333333333,27.666666666666668,4.0,0.6666666666666666,29.0,0.6666666666666666,2.6666666666666665,32.333333333333336,33.333333333333336,0.5,0.09090909090909091,0.5,0.0625,0.2345679012345679,1.0,0.5,0.25,0.5364238410596026,1.0,0.8736842105263158,0.7058823529411764,1.0,0.8055555555555556,0.6666666666666667,1.0,0.8151260504201681,0.5847953216374269
Mike Kyle,Orthodox,No,No,No,Mike Kyle,0.6666666666666666,0.3333333333333333,0.3333333333333333,0.0,1.7944444444444443,5.333333333333333,3.0,1.6666666666666667,2.3333333333333335,5.333333333333333,2.3333333333333335,10.0,15.333333333333334,28.333333333333332,36.666666666666664,0.6666666666666666,10.666666666666666,3.0,1.6666666666666667,6.0,6.333333333333333,3.0,0.3333333333333333,0.0,1.0,0.0,0.10555555555555556,1.6666666666666667,0.3333333333333333,0.3333333333333333,1.0,1.0,0.3333333333333333,2.3333333333333335,5.666666666666667,4.666666666666667,8.0,0.6666666666666666,4.333333333333333,1.0,0.3333333333333333,4.333333333333333,1.0,0.3333333333333333,0.6666666666666666,2.6666666666666665,0.6666666666666666,0.0,3.3333333333333335,0.0,0.0,3.3333333333333335,3.3333333333333335,0.5,0.5,1.0,0.19999999999999998,0.3888888888888889,0.8421052631578947,0.7777777777777778,0.6521739130434783,0.7727272727272727,1.0,0.6153846153846154,0.6666666666666667,1.0,0.7692307692307692,0.0,0.0,0.5882352941176471,0.41666666666666663
Renato Verissimo,Orthodox,No,No,No,Renato Verissimo,0.0,0.4444444444444444,0.8333333333333334,0.2222222222222222,1.337962962962963,3.5,0.4444444444444444,0.2222222222222222,1.222222222222222,0.8888888888888888,2.0555555555555554,4.166666666666667,8.5,29.722222222222218,36.22222222222222,1.5,7.611111111111111,0.6666666666666666,0.2222222222222222,3.888888888888889,1.5555555555555554,3.0555555555555554,0.0,0.7777777777777777,0.16666666666666666,0.1111111111111111,2.7435185185185182,3.8333333333333335,1.777777777777778,0.1111111111111111,0.9444444444444445,1.722222222222222,3.055555555555556,5.722222222222222,10.777777777777779,11.833333333333334,17.5,1.5555555555555556,8.166666666666666,2.5,0.1111111111111111,2.8888888888888893,2.777777777777778,5.111111111111111,0.7777777777777777,4.333333333333333,0.7222222222222222,0.0,1.9444444444444446,1.0555555555555556,2.0555555555555554,5.055555555555556,5.666666666666667,0.2962962962962963,0.4598540145985402,0.6666666666666666,2.0,0.3142857142857143,0.5714285714285715,0.6727272727272727,0.4901960784313726,0.8205521472392637,0.5,0.5306122448979591,0.28888888888888886,-5.999999999999999,0.6730769230769231,0.3800000000000001,0.40217391304347816,0.4690721649484536,0.32380952380952377
Tony Fryklund,Orthodox,No,No,No,Tony Fryklund,0.25,0.0,0.5,0.0,2.5124999999999997,18.5,3.0,1.0,2.5,2.75,17.25,22.5,37.75,48.5,65.75,0.25,33.0,3.0,1.75,7.0,3.5,27.25,0.25,0.0,0.25,0.0,0.2833333333333333,3.0,0.5,1.75,2.5,2.0,0.75,5.25,13.5,10.25,20.25,0.5,11.0,0.5,2.0,8.5,4.25,0.75,0.5,8.0,0.0,0.25,6.0,2.25,0.0,8.25,10.0,0.0,0.5606060606060606,1.0,0.0,0.35714285714285715,0.7857142857142857,0.6330275229357798,0.5960264900662252,0.7376425855513308,1.0,0.7272727272727273,0.0,1.0,0.7058823529411764,0.5294117647058824,0.0,0.6111111111111112,0.49382716049382713
Ronald Jhun,Orthodox,No,No,No,Ronald Jhun,0.0,0.5,0.0,0.0,0.1916666666666666,0.5,1.5,2.0,2.5,1.5,0.0,4.0,8.0,10.0,14.5,0.5,2.5,2.5,3.0,6.0,2.0,0.0,0.5,0.0,1.0,0.5,2.166666666666667,4.0,1.5,0.5,3.0,0.5,2.5,6.0,12.5,19.0,29.5,0.5,10.0,2.0,0.5,7.0,1.0,4.5,0.5,6.0,0.5,0.0,4.0,0.5,2.0,6.5,10.5,1.0,0.2,0.6,0.16666666666666666,0.4166666666666667,0.75,,0.5,0.6896551724137931,1.0,0.6,0.25,1.0,0.5714285714285714,0.5,0.4444444444444444,0.52,0.35593220338983056
Vernon White,Southpaw,No,No,No,Vernon White,0.0,0.16666666666666666,0.0,0.3333333333333333,1.3555555555555554,8.0,3.3333333333333335,4.0,4.333333333333333,6.0,5.0,15.333333333333334,30.666666666666668,32.833333333333336,49.166666666666664,1.5,20.833333333333332,5.333333333333333,4.5,11.0,10.5,9.166666666666666,0.3333333333333333,0.6666666666666666,0.3333333333333333,0.0,2.0194444444444444,9.0,0.5,0.6666666666666666,2.8333333333333335,3.5,3.8333333333333335,10.166666666666666,26.5,29.833333333333332,47.5,1.5,25.166666666666668,0.6666666666666666,0.6666666666666666,10.666666666666666,7.666666666666667,8.166666666666666,0.8333333333333334,16.166666666666668,0.16666666666666666,0.0,7.833333333333333,4.166666666666667,4.333333333333333,16.333333333333332,17.666666666666668,0.1111111111111111,0.384,0.6250000000000001,0.037037037037037035,0.3939393939393939,0.5714285714285714,0.5454545454545455,0.5,0.6677966101694917,0.5555555555555556,0.6423841059602649,0.25,0.0,0.734375,0.5434782608695652,0.5306122448979591,0.6163522012578617,0.37192982456140355
Kimo Leopoldo,Orthodox,No,No,No,Kimo Leopoldo,0.0,0.5,0.5,0.0,0.9833333333333334,1.0,1.5,0.0,1.5,1.0,0.0,2.5,3.0,2.5,3.5,0.5,1.5,1.5,0.0,2.0,1.0,0.0,0.5,0.0,0.0,0.0,0.0833333333333333,1.5,4.5,0.0,0.0,5.5,0.5,6.0,7.5,8.5,10.0,0.0,3.0,4.5,0.0,0.5,6.5,0.5,0.0,1.5,0.0,0.0,0.5,1.0,0.0,1.5,1.5,1.0,0.6666666666666666,1.0,inf,0.75,1.0,,0.8333333333333334,0.7142857142857143,,0.5,0.0,,1.0,0.15384615384615385,0.0,0.19999999999999996,0.15000000000000002
Curtis Stout,Southpaw,No,No,No,Curtis Stout,0.0,0.0,0.0,0.0,0.01666666666666665,0.0,0.75,1.0,1.5,0.0,0.25,1.75,2.5,16.0,17.25,0.0,0.5,0.75,1.25,2.0,0.0,0.5,0.0,1.0,0.5,0.0,3.720833333333333,3.75,9.0,0.0,0.25,0.0,12.5,12.75,18.0,63.75,71.75,1.5,9.0,9.0,0.0,0.75,0.0,17.25,0.5,5.25,0.0,0.0,0.5,0.0,4.75,5.25,8.0,,0.0,1.0,0.0,0.75,,0.5,0.7,0.927536231884058,0.33333333333333337,0.5833333333333333,0.0,-inf,0.6666666666666667,,0.2753623188405797,0.29166666666666663,0.11149825783972123
Wesley Correira,Orthodox,No,No,No,Wesley Correira,0.125,0.0,0.0,0.0,0.04513888888888887,7.833333333333334,0.6666666666666666,0.41666666666666663,4.291666666666667,4.5,0.125,8.916666666666666,21.791666666666668,17.166666666666668,30.041666666666664,0.16666666666666666,20.333333333333332,0.6666666666666666,0.7916666666666666,13.416666666666666,8.25,0.125,0.16666666666666666,0.0,0.0,0.0,0.6430555555555555,23.166666666666664,1.9583333333333333,3.125,17.833333333333332,10.416666666666668,0.0,28.25,46.291666666666664,32.541666666666664,50.83333333333333,1.2083333333333333,39.416666666666664,2.6666666666666665,4.208333333333333,30.583333333333336,15.708333333333332,0.0,1.2083333333333333,16.25,0.7083333333333333,1.0833333333333333,12.75,5.291666666666666,0.0,18.041666666666668,18.291666666666668,0.0,0.3852459016393443,1.0,0.0,0.3198757763975156,0.5454545454545454,1.0,0.4091778202676864,0.5714285714285715,1.0,0.41226215644820297,0.265625,1.0,0.4168937329700273,0.3368700265251988,,0.38973897389738976,0.35983606557377046
Tiki Ghosn,Orthodox,No,No,No,Tiki Ghosn,0.0,0.0,0.0,0.0,0.075,1.6666666666666667,2.083333333333333,2.5833333333333335,4.25,2.083333333333333,0.0,6.333333333333333,13.333333333333334,9.0,16.0,0.0,6.583333333333334,2.833333333333333,3.9166666666666665,9.166666666666668,4.166666666666666,0.0,0.16666666666666666,1.25,0.25,0.0,2.1,7.333333333333333,1.3333333333333335,1.1666666666666665,5.0,2.75,2.083333333333333,9.833333333333332,20.5,37.5,49.83333333333333,1.6666666666666665,16.916666666666664,2.25,1.3333333333333335,14.666666666666666,3.166666666666667,2.666666666666667,0.41666666666666663,9.583333333333332,0.9166666666666666,0.16666666666666666,9.666666666666668,0.41666666666666663,0.5833333333333333,10.666666666666668,12.333333333333332,,0.2531645569620253,0.7352941176470588,0.0,0.46363636363636357,0.5,,0.475,0.5625,0.2499999999999999,0.5665024630541872,0.40740740740740733,0.06250000000000011,0.6590909090909091,0.13157894736842113,0.21875000000000022,0.5203252032520326,0.24749163879598657
Genki Sudo,Orthodox,No,No,No,Genki Sudo,0.0,1.0,0.8333333333333334,0.0,1.8564814814814816,4.555555555555555,1.2222222222222223,2.0,2.7777777777777772,0.6666666666666666,4.333333333333333,7.777777777777778,19.222222222222225,15.722222222222221,28.833333333333332,1.9444444444444444,13.944444444444445,2.0,3.277777777777778,6.611111111111111,1.1111111111111112,11.5,0.0,0.1111111111111111,0.0,0.0,1.412037037037037,4.333333333333333,4.722222222222222,1.777777777777778,2.944444444444444,2.6666666666666665,5.222222222222222,10.833333333333334,16.72222222222222,24.833333333333332,34.22222222222222,0.2222222222222222,9.5,5.333333333333333,1.8888888888888886,6.5,2.8888888888888893,7.333333333333333,0.1111111111111111,5.166666666666667,0.611111111111111,0.1111111111111111,3.555555555555556,0.2222222222222222,2.111111111111111,5.888888888888888,9.38888888888889,0.5142857142857143,0.32669322709163345,0.6111111111111112,0.30508474576271183,0.4201680672268907,0.6,0.3768115942028985,0.40462427745664736,0.5452793834296724,0.5,0.543859649122807,0.11458333333333326,0.9411764705882353,0.5470085470085471,0.0769230769230771,0.28787878787878785,0.3521594684385382,0.27435064935064934
Jonathan Wiezorek,Southpaw,No,No,No,Jonathan Wiezorek,0.0,1.0,0.0,0.0,1.85,10.0,0.0,0.0,0.0,2.0,8.0,10.0,10.0,37.0,37.0,4.0,10.0,0.0,0.0,0.0,2.0,8.0,0.0,0.0,0.0,0.0,0.7333333333333333,11.0,7.0,2.0,4.0,15.0,1.0,20.0,23.0,42.0,48.0,0.0,14.0,7.0,2.0,6.0,16.0,1.0,0.0,3.0,0.0,0.0,2.0,1.0,0.0,3.0,6.0,0.25,1.0,,inf,,1.0,1.0,1.0,1.0,,0.2142857142857143,0.0,1.0,0.33333333333333337,0.0625,0.0,0.13043478260869568,0.125
Wade Shipp,Orthodox,No,No,No,Wade Shipp,0.0,0.0,0.0,0.0,0.7333333333333333,11.0,7.0,2.0,4.0,15.0,1.0,20.0,23.0,42.0,48.0,0.0,14.0,7.0,2.0,6.0,16.0,1.0,0.0,1.0,0.0,0.0,1.85,10.0,0.0,0.0,0.0,2.0,8.0,10.0,10.0,37.0,37.0,4.0,10.0,0.0,0.0,0.0,2.0,8.0,3.0,0.0,0.0,0.0,0.0,0.0,0.0,0.0,0.0,,0.7857142857142857,1.0,0.0,0.6666666666666666,0.9375,1.0,0.8695652173913043,0.875,0.75,0.0,,-inf,,0.0,0.0,0.0,0.0
Wes Sims,Orthodox,No,No,No,Wes Sims,0.0,0.0,0.5,0.0,0.3888888888888889,0.3333333333333333,8.166666666666666,0.0,0.6666666666666666,2.5,5.333333333333333,8.5,11.666666666666666,33.5,39.666666666666664,0.16666666666666666,3.3333333333333335,8.333333333333334,0.0,3.8333333333333335,2.5,5.333333333333333,0.6666666666666666,1.8333333333333333,1.1666666666666667,0.0,3.2944444444444443,7.333333333333334,2.3333333333333335,1.8333333333333335,2.0,3.166666666666667,6.333333333333334,11.5,16.333333333333336,29.333333333333332,36.66666666666667,3.5,11.166666666666668,2.8333333333333335,2.3333333333333335,3.8333333333333335,3.166666666666667,9.333333333333332,1.6666666666666667,3.8333333333333335,0.5,0.5,1.8333333333333333,0.0,3.0,4.833333333333334,7.333333333333333,0.0,0.09999999999999999,0.9799999999999999,,0.17391304347826086,1.0,1.0,0.7285714285714286,0.8445378151260504,0.47619047619047616,0.34328358208955223,0.17647058823529416,0.2142857142857144,0.4782608695652174,0.0,0.3214285714285713,0.2959183673469389,0.20000000000000018
Lee Murray,Orthodox,No,No,No,Lee Murray,0.0,0.0,2.0,0.0,0.0,0.0,0.0,0.0,0.0,0.0,0.0,0.0,1.0,2.0,4.0,0.0,1.0,0.0,0.0,1.0,0.0,0.0,0.0,1.0,0.0,0.0,1.45,1.0,0.0,1.0,0.0,1.0,1.0,2.0,4.0,6.0,12.0,2.0,3.0,0.0,1.0,1.0,1.0,2.0,1.0,2.0,0.0,0.0,1.0,0.0,1.0,2.0,6.0,,0.0,,,0.0,,,0.0,0.5,0.5,0.6666666666666667,,0.0,1.0,0.0,0.5,0.5,0.5
Carlos Newton,Orthodox,Yes,No,Yes,Carlos Newton,0.0,0.44166666666666665,0.24583333333333335,0.18333333333333335,0.732361111111111,0.7458333333333333,0.5083333333333333,0.18333333333333335,0.6875,0.5208333333333334,0.22916666666666666,1.4375,4.8625,5.9125,9.775,0.7875,4.108333333333333,0.5708333333333333,0.18333333333333335,3.4916666666666667,0.8291666666666666,0.5416666666666666,0.0,0.9125,0.18333333333333335,0.05,2.566805555555556,7.733333333333333,1.3833333333333333,0.575,2.0458333333333334,0.4916666666666667,7.154166666666667,9.691666666666666,16.15416666666667,24.34583333333333,31.908333333333335,1.1208333333333333,14.145833333333334,1.4333333333333333,0.575,5.5,0.6416666666666666,10.0125,0.20833333333333331,6.4125,0.05,0.0,3.4541666666666666,0.15,2.8583333333333334,6.4625,7.5625,0.5608465608465608,0.1815415821501014,0.8905109489051095,2.4090909090909087,0.19689737470167065,0.628140703517588,0.4230769230769231,0.2956298200514139,0.6048593350383631,0.18587360594795543,0.45331369661266574,0.03488372093023262,-0.5869565217391306,0.6280303030303029,0.23376623376623362,0.2854764877236786,0.40005158627805015,0.23700705144946466
Chris Liguori,Orthodox,No,No,No,Chris Liguori,0.0,0.0,0.0,0.0,0.1333333333333333,0.0,0.0,1.0,1.0,0.0,0.0,1.0,3.0,12.0,14.0,0.0,2.0,0.0,1.0,3.0,0.0,0.0,0.0,1.0,1.0,0.0,3.066666666666667,5.0,0.0,0.0,0.0,0.0,5.0,5.0,5.0,17.0,19.0,2.0,5.0,0.0,0.0,0.0,0.0,5.0,1.0,0.0,0.0,0.0,0.0,0.0,0.0,0.0,2.0,,0.0,,0.0,0.3333333333333333,,,0.3333333333333333,0.8571428571428571,0.5,0.0,,-inf,,,0.0,0.0,0.10526315789473684
Keith Rockel,Orthodox,No,No,No,Keith Rockel,0.0,1.0,0.75,0.0,2.341666666666667,2.5,0.25,0.5,1.0,0.0,2.25,3.25,4.25,11.5,13.0,1.25,3.5,0.25,0.5,1.0,0.0,3.25,0.0,0.0,0.5,0.0,0.06666666666666662,0.5,0.0,0.25,0.75,0.0,0.0,0.75,2.25,14.5,16.25,0.5,2.0,0.0,0.25,2.25,0.0,0.0,0.5,1.5,0.0,0.0,1.5,0.0,0.0,1.5,1.75,0.8,0.7142857142857143,1.0,2.0,1.0,,0.6923076923076923,0.7647058823529411,0.8846153846153846,1.0,0.75,,1.0,0.6666666666666667,,,0.6666666666666667,0.10769230769230764
Falaniko Vitale,Orthodox,No,No,No,Falaniko Vitale,0.0,0.0,0.0,0.0,1.1805555555555556,0.16666666666666666,0.0,1.0,0.5,0.16666666666666666,0.5,1.1666666666666667,6.5,4.0,10.0,0.5,4.833333333333333,0.5,1.1666666666666667,5.333333333333333,0.3333333333333333,0.8333333333333334,0.0,0.16666666666666666,0.16666666666666666,0.3333333333333333,2.1833333333333336,5.0,1.1666666666666667,4.166666666666667,0.6666666666666666,6.333333333333333,3.3333333333333335,10.333333333333334,18.666666666666668,27.666666666666668,36.333333333333336,1.3333333333333333,12.666666666666666,1.3333333333333333,4.666666666666667,5.833333333333333,8.166666666666666,4.666666666666667,1.1666666666666667,7.666666666666667,0.16666666666666666,0.5,5.166666666666667,1.8333333333333333,1.3333333333333333,8.333333333333334,8.666666666666666,0.0,0.034482758620689655,0.0,0.0,0.09375,0.5,0.6,0.1794871794871795,0.4,0.875,0.6052631578947368,0.12499999999999989,0.9642857142857143,0.8857142857142857,0.22448979591836737,0.2857142857142857,0.4464285714285714,0.23853211009174313
Pedro Rizzo,Orthodox,No,No,Yes,Pedro Rizzo,0.10333333333333332,0.045,0.0,0.0,0.5467777777777778,3.3516666666666666,0.49000000000000005,2.7233333333333336,4.548333333333334,0.9349999999999999,1.0816666666666666,6.565,19.076666666666664,10.651666666666667,23.543333333333333,0.16333333333333333,14.89,0.49000000000000005,3.6966666666666668,15.856666666666666,1.3900000000000001,1.83,0.02,0.4083333333333333,0.04,0.0,0.7694444444444445,5.956666666666666,0.595,2.3449999999999998,5.720000000000001,1.935,1.2416666666666667,8.896666666666667,19.263333333333332,16.455000000000002,27.18,1.9633333333333334,15.356666666666666,0.8233333333333335,3.083333333333333,14.441666666666666,2.881666666666667,1.94,1.5550000000000002,9.4,0.22833333333333333,0.7383333333333333,8.721666666666668,0.9466666666666667,0.6983333333333334,10.366666666666665,10.725,0.2755102040816326,0.22509514215357063,1.0,0.01217312894499549,0.28684044565902883,0.672661870503597,0.5910746812386156,0.34413769002271544,0.4524281466798811,0.7920203735144312,0.6121120034729759,0.2773279352226722,0.8675675675675676,0.6039238315060589,0.3285135916714864,0.35996563573883156,0.538155390205918,0.39459161147902866
Ricco Rodriguez,Orthodox,Yes,No,Yes,Ricco Rodriguez,0.0,0.9071428571428571,0.19285714285714287,0.06190476190476191,2.530515873015873,9.514285714285714,1.0476190476190477,0.36666666666666664,1.5547619047619048,0.8595238095238095,8.514285714285714,10.928571428571427,19.85238095238095,30.6,40.55714285714286,1.7452380952380953,18.121428571428574,1.330952380952381,0.4,4.90952380952381,1.1071428571428572,13.835714285714285,0.02857142857142857,0.2642857142857143,0.02857142857142857,0.05,0.7762698412698412,3.669047619047619,0.4428571428571429,1.0047619047619047,1.7047619047619047,0.8619047619047618,2.55,5.116666666666666,11.421428571428573,10.06904761904762,16.55952380952381,0.4428571428571429,9.704761904761906,0.5047619047619047,1.2119047619047618,5.961904761904762,1.4833333333333332,3.976190476190476,0.17857142857142855,6.0357142857142865,0.06190476190476191,0.20714285714285713,4.257142857142857,0.6214285714285714,1.4261904761904762,6.3047619047619055,6.49047619047619,0.519781718963165,0.5250295624753646,0.7871198568872987,2.267857142857143,0.31668283220174587,0.7763440860215053,0.6153846153846154,0.5504917246342048,0.7544910179640719,0.403225806451613,0.6219332679097155,0.12264150943396213,0.7819253438113949,0.7140575079872205,0.4189406099518459,0.35868263473053896,0.5520116739628935,0.3919482386772106
David Abbott,Switch,No,No,No,David Abbott,0.0,0.0,0.0,0.0,0.6833333333333332,4.0,0.0,0.0,1.3333333333333333,2.3333333333333335,0.3333333333333333,4.0,10.333333333333334,7.333333333333333,14.0,0.0,10.333333333333334,0.0,0.0,4.333333333333333,5.666666666666667,0.3333333333333333,0.3333333333333333,0.3333333333333333,1.0,0.0,0.6611111111111111,4.333333333333333,0.3333333333333333,0.0,1.3333333333333333,3.0,0.3333333333333333,4.666666666666667,8.666666666666666,6.666666666666667,10.666666666666666,1.0,8.0,0.3333333333333333,0.3333333333333333,3.0,5.333333333333333,0.3333333333333333,0.6666666666666666,3.6666666666666665,0.0,0.3333333333333333,1.6666666666666667,2.3333333333333335,0.0,4.0,4.0,,0.3870967741935484,,,0.3076923076923077,0.4117647058823529,1.0,0.3870967741935484,0.5238095238095238,0.6666666666666667,0.45833333333333337,0.0,0.0,0.5555555555555556,0.4375,0.0,0.46153846153846145,0.3749999999999999
Nick Agallar,Orthodox,No,No,No,Nick Agallar,0.0,0.0,0.0,0.0,0.5583333333333333,1.0,0.0,1.5,2.0,0.5,0.0,2.5,21.5,5.0,24.0,1.0,18.0,1.0,2.5,21.0,0.5,0.0,0.5,0.0,0.0,0.0,0.09166666666666665,7.0,0.5,9.0,10.5,0.5,5.5,16.5,28.5,19.5,31.5,0.0,16.0,2.0,10.5,20.0,1.0,7.5,0.0,9.0,1.5,1.5,9.5,0.5,2.0,12.0,12.0,0.0,0.05555555555555555,0.0,0.0,0.09523809523809523,1.0,,0.11627906976744186,0.20833333333333334,,0.5625,0.75,1.0,0.475,0.5,0.2666666666666667,0.42105263157894735,0.38095238095238093
Gerald Strebendt,Orthodox,No,No,No,Gerald Strebendt,0.0,0.0,3.0,0.0,0.0,0.0,0.0,0.0,0.0,0.0,0.0,0.0,0.0,0.0,0.0,0.0,0.0,0.0,0.0,0.0,0.0,0.0,1.0,1.0,0.0,0.0,2.45,10.0,1.0,0.0,1.0,0.0,10.0,11.0,18.0,19.0,26.0,1.0,17.0,1.0,0.0,2.0,0.0,16.0,0.0,7.0,0.0,0.0,1.0,0.0,6.0,7.0,7.0,,,,,,,,,,0.0,0.4117647058823529,0.0,-inf,0.5,,0.375,0.38888888888888884,0.2692307692307693
Dave Strasser,Orthodox,No,No,No,Dave Strasser,0.0,0.16666666666666666,0.0,0.0,1.3333333333333333,12.333333333333334,4.0,0.6666666666666666,7.166666666666667,4.5,5.333333333333333,17.0,38.0,32.833333333333336,55.166666666666664,0.5,31.333333333333332,6.0,0.6666666666666666,19.0,11.166666666666666,7.833333333333333,0.16666666666666666,1.0,0.16666666666666666,0.0,1.6333333333333335,7.0,0.8333333333333334,1.0,3.6666666666666665,4.166666666666667,1.0,8.833333333333334,24.166666666666668,22.5,38.0,1.6666666666666667,22.333333333333332,0.8333333333333334,1.0,13.5,8.5,2.1666666666666665,0.6666666666666666,15.333333333333334,0.0,0.0,9.833333333333334,4.333333333333333,1.1666666666666667,15.333333333333334,15.5,0.3333333333333333,0.39361702127659576,0.6666666666666666,0.25,0.37719298245614036,0.40298507462686567,0.6808510638297872,0.4473684210526316,0.595166163141994,0.4,0.6865671641791045,0.0,0.0,0.7283950617283951,0.5098039215686274,0.5384615384615384,0.6344827586206896,0.4078947368421053
Gan McGee,Orthodox,No,No,Yes,Gan McGee,0.0,0.625,0.0,0.0,2.1166666666666667,5.25,0.5,0.75,3.625,1.0,1.875,6.5,17.375,8.75,19.75,1.75,16.0,0.5,0.875,12.5,1.125,3.75,0.125,0.5,0.625,0.0,0.8999999999999999,6.75,2.125,2.375,3.0,2.75,5.5,11.25,19.875,22.5,32.375,1.375,15.375,2.125,2.375,9.5,3.25,7.125,0.875,8.625,0.0,0.0,6.5,0.5,1.625,8.625,9.875,0.35714285714285715,0.328125,1.0,0.7142857142857143,0.29,0.8888888888888888,0.5,0.37410071942446044,0.4430379746835443,0.6363636363636364,0.5609756097560976,0.0,0.7894736842105263,0.6842105263157895,0.15384615384615385,0.22807017543859653,0.4339622641509434,0.30501930501930496
Ian Freeman,Orthodox,No,No,No,Ian Freeman,0.0,0.24444444444444446,0.16666666666666666,0.06666666666666667,1.9424074074074074,9.344444444444443,0.6444444444444445,0.3111111111111111,1.1222222222222222,2.8444444444444446,6.333333333333333,10.299999999999999,21.322222222222223,22.833333333333332,34.544444444444444,0.6444444444444445,20.166666666666668,0.8444444444444446,0.3111111111111111,5.377777777777777,4.722222222222222,11.222222222222221,0.06666666666666667,0.26666666666666666,0.19999999999999998,0.17777777777777778,1.4477777777777778,3.8222222222222224,2.9333333333333336,2.611111111111111,2.511111111111111,3.6222222222222222,3.233333333333333,9.366666666666667,16.2,17.966666666666665,25.333333333333332,2.488888888888889,8.922222222222222,3.966666666666667,3.3111111111111113,5.7555555555555555,5.522222222222222,4.922222222222222,2.222222222222222,5.1000000000000005,1.0333333333333334,0.7000000000000001,3.244444444444445,1.9000000000000001,1.6888888888888889,6.833333333333333,7.366666666666667,0.3793103448275862,0.4633608815426996,0.763157894736842,0.7857142857142858,0.20867768595041325,0.6023529411764706,0.5643564356435644,0.4830640958832725,0.6609842393052429,0.8928571428571429,0.5716064757160648,0.26050420168067223,0.9194630872483222,0.5637065637065637,0.3440643863179075,0.3431151241534989,0.4218106995884773,0.2907894736842106
Eddie Ruiz,Orthodox,No,No,No,Eddie Ruiz,0.0,0.6666666666666666,0.0,0.6666666666666666,1.5833333333333333,0.0,0.3333333333333333,0.6666666666666666,0.6666666666666666,0.3333333333333333,0.0,1.0,4.0,10.0,14.333333333333334,5.333333333333333,2.0,0.6666666666666666,1.3333333333333333,3.0,0.6666666666666666,0.3333333333333333,0.3333333333333333,0.0,1.0,0.3333333333333333,2.327777777777778,3.3333333333333335,3.3333333333333335,0.3333333333333333,1.0,4.666666666666667,1.3333333333333333,7.0,13.333333333333334,19.0,26.333333333333332,0.0,8.666666666666666,4.0,0.6666666666666666,4.666666666666667,5.666666666666667,3.0,0.0,5.333333333333333,0.6666666666666666,0.3333333333333333,3.6666666666666665,1.0,1.6666666666666667,6.333333333333333,7.333333333333333,0.125,0.0,0.5,0.5,0.2222222222222222,0.5,0.0,0.25,0.6976744186046512,,0.6153846153846154,0.16666666666666663,1.0,0.7857142857142857,0.17647058823529416,0.5555555555555556,0.475,0.2784810126582278
Romie Aram,Orthodox,No,No,No,Romie Aram,0.3333333333333333,0.6666666666666666,0.0,0.0,1.6333333333333335,7.0,0.3333333333333333,0.6666666666666666,3.3333333333333335,3.6666666666666665,1.0,8.0,23.333333333333332,26.0,41.666666666666664,1.3333333333333333,22.333333333333332,0.3333333333333333,0.6666666666666666,12.666666666666666,8.666666666666666,2.0,0.0,0.3333333333333333,0.0,0.0,1.5777777777777777,15.333333333333334,4.0,0.6666666666666666,7.333333333333333,4.666666666666667,8.0,20.0,41.666666666666664,35.666666666666664,58.666666666666664,0.6666666666666666,35.0,6.0,0.6666666666666666,18.666666666666668,11.333333333333334,11.666666666666666,0.3333333333333333,19.666666666666668,2.0,0.0,11.333333333333334,6.666666666666667,3.6666666666666665,21.666666666666668,23.0,0.5,0.31343283582089554,1.0,1.0,0.26315789473684215,0.4230769230769231,0.5,0.34285714285714286,0.624,0.5,0.5619047619047619,0.33333333333333337,0.5,0.6071428571428572,0.5882352941176471,0.3142857142857143,0.52,0.3920454545454546
Mark Weir,Southpaw,No,No,No,Mark Weir,0.6666666666666666,0.0,0.5,0.5,1.3388888888888888,9.833333333333334,0.3333333333333333,0.0,1.5,0.16666666666666666,8.5,10.166666666666666,15.833333333333334,18.833333333333332,27.166666666666668,0.0,15.5,0.3333333333333333,0.0,2.5,0.16666666666666666,13.166666666666666,0.0,0.8333333333333333,0.5,0.5,2.2972222222222225,3.8333333333333335,0.6666666666666666,0.16666666666666666,0.16666666666666666,0.0,4.5,4.666666666666667,9.333333333333332,7.833333333333333,13.333333333333332,1.0,8.5,0.6666666666666666,0.16666666666666666,0.3333333333333333,0.0,9.0,0.16666666666666666,4.666666666666667,0.0,0.0,0.16666666666666666,0.0,4.5,4.666666666666667,5.5,,0.6344086021505376,1.0,,0.6,1.0,0.6455696202531646,0.6421052631578946,0.6932515337423312,0.16666666666666674,0.5490196078431373,0.0,-4.0,0.5,,0.5,0.4999999999999999,0.4125
Richard Crunkilton,Orthodox,No,No,No,Richard Crunkilton,0.0,1.3333333333333333,0.0,0.0,2.4499999999999997,7.333333333333333,0.6666666666666666,1.6666666666666667,5.333333333333333,0.3333333333333333,4.0,9.666666666666666,29.666666666666668,25.666666666666668,49.333333333333336,2.3333333333333335,26.0,1.3333333333333333,2.3333333333333335,20.333333333333332,2.0,7.333333333333333,0.3333333333333333,0.6666666666666666,3.0,0.0,0.2388888888888889,6.666666666666667,1.3333333333333333,1.0,6.666666666666667,2.3333333333333335,0.0,9.0,18.0,32.333333333333336,41.666666666666664,3.6666666666666665,15.666666666666666,1.3333333333333333,1.0,14.333333333333334,3.3333333333333335,0.3333333333333333,3.0,9.0,0.0,0.0,7.666666666666667,1.0,0.3333333333333333,9.0,9.333333333333334,0.5714285714285714,0.28205128205128205,0.5,0.5714285714285714,0.26229508196721313,0.16666666666666666,0.5454545454545455,0.32584269662921345,0.5202702702702703,0.8181818181818181,0.5744680851063829,0.0,0.33333333333333337,0.5348837209302326,0.29999999999999993,1.0,0.5,0.22399999999999987
Sean Alvarez,Orthodox,No,No,No,Sean Alvarez,0.0,0.0,0.0,0.0,1.6416666666666668,0.5,0.0,2.5,2.5,0.5,0.0,3.0,8.0,8.0,13.0,4.5,4.0,0.5,3.5,5.0,3.0,0.0,0.0,0.0,0.0,0.0,0.10833333333333331,10.5,0.5,0.0,1.5,9.5,0.0,11.0,21.0,37.5,47.5,0.0,20.5,0.5,0.0,5.5,15.5,0.0,0.0,10.0,0.0,0.0,4.0,6.0,0.0,10.0,10.0,0.0,0.125,0.0,0.0,0.5,0.16666666666666666,,0.375,0.6153846153846154,,0.4878048780487805,0.0,,0.7272727272727273,0.3870967741935484,,0.47619047619047616,0.21052631578947367
Alexandre Dantas,Orthodox,No,No,No,Alexandre Dantas,0.0,0.6666666666666666,0.16666666666666666,0.16666666666666666,1.8777777777777775,2.5,0.0,0.16666666666666666,0.16666666666666666,0.16666666666666666,2.3333333333333335,2.6666666666666665,9.166666666666666,5.333333333333333,12.5,3.5,8.666666666666666,0.3333333333333333,0.16666666666666666,2.0,0.16666666666666666,7.0,0.3333333333333333,0.0,0.0,0.5,1.4777777777777779,9.833333333333334,1.1666666666666667,0.0,3.0,1.0,7.0,11.0,19.166666666666668,20.666666666666668,30.0,0.0,17.166666666666668,2.0,0.0,6.833333333333333,1.3333333333333333,11.0,0.0,7.333333333333333,0.8333333333333334,0.0,3.8333333333333335,0.3333333333333333,4.0,8.166666666666666,9.333333333333334,0.19047619047619047,0.2884615384615385,0.0,4.0,0.08333333333333333,1.0,0.33333333333333337,0.2909090909090909,0.42666666666666664,,0.4271844660194175,0.41666666666666663,,0.5609756097560976,0.25,0.36363636363636365,0.4260869565217391,0.3111111111111111
Gil Castillo,Southpaw,No,No,Yes,Gil Castillo,0.0,1.1333333333333333,0.0,0.0,2.783333333333333,2.3333333333333335,0.4,0.3,1.5333333333333334,0.4,1.1,3.0333333333333337,7.066666666666667,24.766666666666666,30.133333333333336,2.7333333333333334,6.166666666666667,0.6,0.3,4.2333333333333325,0.4,2.4333333333333336,0.0,0.13333333333333333,0.5666666666666667,0.2,1.2594444444444444,7.033333333333334,2.3333333333333335,2.7333333333333334,3.866666666666667,4.7333333333333325,3.5,12.1,21.5,35.36666666666666,45.766666666666666,0.3,15.333333333333332,2.5333333333333337,3.633333333333333,10.166666666666668,6.733333333333334,4.6,0.16666666666666666,8.3,0.2,0.9,6.3,2.0,1.1,9.4,10.4,0.4146341463414634,0.3783783783783784,0.6666666666666667,3.7777777777777777,0.3622047244094489,1.0,0.4520547945205479,0.42924528301886794,0.8219026548672566,0.5555555555555556,0.5413043478260868,0.07894736842105265,0.963302752293578,0.619672131147541,0.2970297029702973,0.23913043478260865,0.4372093023255814,0.22723962126729802
Phillip Miller,Orthodox,No,No,No,Phillip Miller,0.0,1.0,0.16666666666666666,0.16666666666666666,2.961111111111111,6.333333333333333,1.3333333333333333,0.5,2.5,1.5,4.166666666666667,8.166666666666666,15.0,22.166666666666668,31.333333333333332,5.0,12.833333333333334,1.6666666666666667,0.5,4.333333333333333,2.5,8.166666666666666,0.16666666666666666,0.0,0.8333333333333334,0.16666666666666666,1.3166666666666667,9.333333333333334,1.3333333333333333,0.3333333333333333,2.8333333333333335,2.1666666666666665,6.0,11.0,23.666666666666668,20.666666666666668,34.666666666666664,0.16666666666666666,21.833333333333332,1.5,0.3333333333333333,8.333333333333334,3.5,11.833333333333334,0.16666666666666666,12.5,0.16666666666666666,0.0,5.5,1.3333333333333333,5.833333333333333,12.666666666666666,14.0,0.2,0.49350649350649345,0.7999999999999999,2.0,0.576923076923077,0.6,0.5102040816326532,0.5444444444444444,0.7074468085106383,1.0,0.5725190839694656,0.11111111111111116,1.0,0.66,0.38095238095238104,0.49295774647887325,0.5352112676056338,0.40384615384615374
Benji Radach,Orthodox,No,No,No,Benji Radach,0.4444444444444444,0.0,0.0,0.0,2.6037037037037036,6.4444444444444455,0.3333333333333333,0.0,1.3333333333333333,0.5555555555555556,4.888888888888889,6.777777777777779,12.666666666666666,20.333333333333332,27.888888888888886,0.0,11.666666666666666,1.0,0.0,3.555555555555556,1.1111111111111112,8.0,0.0,0.4444444444444444,0.2222222222222222,0.0,0.8555555555555555,0.6666666666666666,0.0,0.0,0.0,0.0,0.6666666666666666,0.6666666666666666,3.1111111111111107,8.444444444444445,10.888888888888888,3.222222222222222,3.1111111111111107,0.0,0.0,2.3333333333333335,0.0,0.7777777777777778,2.777777777777778,2.4444444444444446,0.0,0.0,2.3333333333333335,0.0,0.1111111111111111,2.4444444444444446,2.4444444444444446,,0.5523809523809525,0.3333333333333333,,0.37499999999999994,0.5,0.6111111111111112,0.5350877192982457,0.7290836653386454,0.8620689655172413,0.7857142857142857,,-inf,1.0,,0.1428571428571429,0.7857142857142857,0.22448979591836726
Chris Haseman,Orthodox,No,No,No,Chris Haseman,0.0,0.0,0.6666666666666666,0.0,0.07777777777777777,1.0,2.0,1.6666666666666667,1.6666666666666667,1.6666666666666667,1.3333333333333333,4.666666666666667,6.666666666666667,16.333333333333332,18.666666666666668,0.0,2.6666666666666665,2.0,2.0,3.0,2.3333333333333335,1.3333333333333333,0.0,1.0,0.0,0.0,4.605555555555555,15.666666666666666,7.0,0.6666666666666666,2.3333333333333335,3.3333333333333335,17.666666666666668,23.333333333333332,32.666666666666664,43.666666666666664,53.666666666666664,1.6666666666666667,23.666666666666668,7.666666666666667,1.3333333333333333,3.0,4.333333333333333,25.333333333333332,0.6666666666666666,8.0,0.6666666666666666,0.6666666666666666,0.6666666666666666,1.0,7.666666666666667,9.333333333333334,10.0,,0.375,1.0,0.0,0.5555555555555556,0.7142857142857143,1.0,0.7000000000000001,0.8749999999999999,0.4,0.3380281690140846,0.08695652173913049,0.25,0.2222222222222222,0.23076923076923073,0.30263157894736836,0.2857142857142857,0.1863354037267081
Leigh Remedios,Orthodox,No,No,No,Leigh Remedios,0.0,0.0,0.0,0.0,0.7083333333333334,0.5,0.5,1.5,1.5,1.0,0.0,2.5,6.0,16.0,21.0,0.0,3.5,0.5,2.0,4.5,1.5,0.0,0.0,1.0,1.5,0.0,1.7583333333333333,4.0,0.0,0.5,1.5,0.0,3.0,4.5,14.5,8.5,18.5,1.5,10.5,0.5,3.5,9.0,1.0,4.5,0.5,6.5,0.5,3.0,7.5,1.0,1.5,10.0,10.0,,0.14285714285714285,1.0,0.0,0.3333333333333333,0.6666666666666666,,0.4166666666666667,0.7619047619047619,0.33333333333333337,0.6190476190476191,1.0,0.7142857142857143,0.8333333333333334,1.0,0.33333333333333337,0.6896551724137931,0.5405405405405406
Eugene Jackson,Orthodox,No,No,No,Eugene Jackson,0.0,0.25,0.75,0.0,0.11249999999999996,0.75,0.125,0.0,0.625,0.125,0.125,0.875,3.25,9.875,12.625,0.75,3.0,0.25,0.0,2.875,0.125,0.25,0.125,0.875,0.5,0.0,1.8229166666666665,1.375,0.625,0.75,1.625,0.0,1.125,2.75,4.0,11.0,12.625,1.0,2.25,0.625,1.125,2.125,0.0,1.875,0.125,0.875,0.0,0.375,0.5,0.0,0.75,1.25,1.625,0.3333333333333333,0.25,0.5,inf,0.21739130434782608,1.0,0.5,0.2692307692307692,0.7821782178217822,0.125,0.38888888888888884,0.0,0.2222222222222222,0.23529411764705888,,0.4,0.3125,0.12871287128712872
James Zikic,Orthodox,No,No,No,James Zikic,0.0,0.0,0.3333333333333333,0.0,0.9222222222222222,6.666666666666667,2.6666666666666665,0.3333333333333333,2.6666666666666665,3.6666666666666665,3.3333333333333335,9.666666666666666,22.0,18.333333333333332,31.0,0.3333333333333333,18.666666666666668,3.0,0.3333333333333333,8.333333333333334,6.0,7.666666666666667,0.0,1.3333333333333333,0.0,0.0,3.238888888888889,8.0,1.3333333333333333,0.6666666666666666,2.6666666666666665,2.3333333333333335,5.0,10.0,17.666666666666668,27.333333333333332,38.0,7.333333333333333,15.0,2.0,0.6666666666666666,4.666666666666667,3.6666666666666665,9.333333333333334,6.0,7.0,0.6666666666666666,0.0,2.0,1.3333333333333333,4.333333333333333,7.666666666666667,10.666666666666666,0.0,0.35714285714285715,0.8888888888888888,0.0,0.31999999999999995,0.611111111111111,0.43478260869565216,0.4393939393939394,0.5913978494623655,0.8181818181818181,0.4666666666666667,0.33333333333333337,-1.0,0.4285714285714286,0.36363636363636354,0.4642857142857143,0.4339622641509434,0.2807017543859649
Nick Serra,Orthodox,No,No,No,Nick Serra,0.0,0.3333333333333333,0.6666666666666666,0.0,0.5777777777777778,0.0,0.0,0.0,0.0,0.0,0.0,0.0,2.6666666666666665,7.666666666666667,10.333333333333334,3.3333333333333335,2.6666666666666665,0.0,0.0,2.6666666666666665,0.0,0.0,0.3333333333333333,0.0,0.0,0.0,3.4111111111111114,8.0,0.6666666666666666,0.0,1.0,0.6666666666666666,7.0,8.666666666666666,15.333333333333334,22.333333333333332,30.666666666666668,0.0,14.333333333333334,1.0,0.0,3.0,0.6666666666666666,11.666666666666666,0.0,6.333333333333333,0.3333333333333333,0.0,2.0,0.0,4.666666666666667,6.666666666666667,8.333333333333334,0.09999999999999999,0.0,,inf,0.0,,,0.0,0.7419354838709677,,0.4418604651162791,0.33333333333333337,,0.6666666666666667,0.0,0.4,0.4347826086956522,0.2717391304347827
Zach Light,Orthodox,No,No,No,Zach Light,0.0,1.0,0.0,0.0,2.05,2.0,0.0,0.0,1.0,0.0,1.0,2.0,5.0,13.0,16.0,1.0,5.0,0.0,0.0,1.0,0.0,4.0,0.0,0.0,1.0,0.0,0.05,1.0,2.0,0.0,2.0,1.0,0.0,3.0,5.0,5.0,7.0,0.0,3.0,2.0,0.0,4.0,1.0,0.0,0.0,2.0,0.0,0.0,2.0,0.0,0.0,2.0,2.0,1.0,0.4,,inf,1.0,,0.25,0.4,0.8125,,0.6666666666666667,0.0,,0.5,0.0,,0.4,0.2857142857142857
Steve Berger,Orthodox,No,No,No,Steve Berger,0.0,0.1111111111111111,0.611111111111111,0.3333333333333333,0.42037037037037034,0.5555555555555555,0.8888888888888888,0.1111111111111111,0.3333333333333333,1.222222222222222,0.0,1.5555555555555554,8.388888888888888,26.61111111111111,34.77777777777778,0.3333333333333333,7.166666666666667,1.1111111111111112,0.1111111111111111,5.722222222222222,2.6666666666666665,0.0,0.27777777777777773,1.0,0.0,0.0,2.0824074074074073,8.0,1.4444444444444444,0.0,0.8333333333333334,2.3333333333333335,6.277777777777779,9.444444444444445,16.11111111111111,14.722222222222223,21.38888888888889,1.0,14.666666666666666,1.4444444444444444,0.0,2.944444444444444,3.3333333333333335,9.833333333333334,0.0,6.666666666666667,0.0,0.0,2.111111111111111,1.0,3.5555555555555554,6.666666666666667,6.666666666666667,0.3333333333333333,0.07751937984496123,0.7999999999999999,1.0,0.058252427184466014,0.4583333333333333,,0.18543046357615894,0.7651757188498403,0.0,0.4545454545454545,0.0,-inf,0.7169811320754716,0.29999999999999993,0.3615819209039548,0.4137931034482758,0.3116883116883117
Rodrigo Ruas,Orthodox,No,No,No,Rodrigo Ruas,0.0,0.0,0.0,0.0,0.0333333333333333,2.5,0.0,3.0,4.5,1.0,0.0,5.5,15.5,9.5,21.0,0.0,12.5,0.0,3.0,12.0,3.5,0.0,0.5,0.0,0.5,0.0,3.458333333333333,26.0,3.0,1.0,3.0,2.5,24.5,30.0,51.0,63.5,87.0,0.0,46.5,3.0,1.5,8.5,3.5,39.0,0.0,20.5,0.0,0.5,5.5,1.0,14.5,21.0,23.5,,0.2,,0.0,0.375,0.2857142857142857,,0.3548387096774194,0.4523809523809524,,0.4408602150537635,0.0,1.0,0.6470588235294117,0.2857142857142857,0.3717948717948718,0.4117647058823529,0.2701149425287356
Joao Pierini,Switch,No,No,No,Joao Pierini,0.0,0.0,0.0,0.0,0.0,1.0,0.0,0.0,1.0,0.0,0.0,1.0,7.0,1.0,7.0,0.0,7.0,0.0,0.0,7.0,0.0,0.0,0.0,0.0,0.0,0.0,0.15,3.0,0.0,3.0,5.0,0.0,1.0,6.0,9.0,6.0,9.0,0.0,6.0,0.0,3.0,6.0,0.0,3.0,0.0,3.0,0.0,0.0,1.0,0.0,2.0,3.0,3.0,,0.14285714285714285,,,0.14285714285714285,,,0.14285714285714285,0.14285714285714285,,0.5,,1.0,0.16666666666666663,,0.6666666666666667,0.33333333333333337,0.33333333333333337
Paul Creighton,Southpaw,No,No,No,Paul Creighton,0.0,1.5,0.0,0.0,0.8833333333333335,1.0,2.0,0.0,0.5,2.0,0.5,3.0,4.0,4.0,5.0,4.0,2.0,2.0,0.0,1.5,2.0,0.5,0.0,0.0,0.0,0.0,1.7333333333333334,8.5,7.0,4.0,1.0,10.0,8.5,19.5,28.0,45.5,54.0,0.0,16.0,7.0,5.0,3.5,10.5,14.0,0.0,7.5,0.0,1.0,2.5,0.5,5.5,8.5,8.5,0.375,0.5,1.0,inf,0.3333333333333333,1.0,1.0,0.75,0.8,,0.46875,0.0,1.0,0.7142857142857143,0.04761904761904767,0.3928571428571429,0.3035714285714286,0.15740740740740744
Andrei Semenov,Orthodox,No,No,No,Andrei Semenov,0.16666666666666666,0.16666666666666666,0.16666666666666666,0.0,0.7000000000000001,1.5,0.0,0.3333333333333333,1.5,0.16666666666666666,0.16666666666666666,1.8333333333333333,13.333333333333334,6.833333333333333,18.333333333333332,0.3333333333333333,12.333333333333334,0.16666666666666666,0.8333333333333334,11.833333333333334,0.5,1.0,0.0,0.6666666666666666,2.1666666666666665,0.0,1.375,5.666666666666667,1.3333333333333333,4.166666666666667,6.166666666666667,1.6666666666666667,3.3333333333333335,11.166666666666666,20.666666666666668,38.833333333333336,50.0,1.1666666666666667,13.333333333333334,2.0,5.333333333333333,13.333333333333334,2.6666666666666665,4.666666666666667,0.5,7.666666666666667,0.6666666666666666,1.1666666666666667,7.166666666666667,1.0,1.3333333333333333,9.5,11.166666666666666,0.5,0.12162162162162161,0.0,0.19999999999999998,0.1267605633802817,0.3333333333333333,0.16666666666666666,0.13749999999999998,0.37272727272727274,0.4285714285714286,0.575,0.33333333333333337,0.875,0.5375,0.3749999999999999,0.2857142857142857,0.45967741935483875,0.22333333333333327
Murilo Bustamante,Orthodox,Yes,No,Yes,Murilo Bustamante,0.27777777777777773,0.6666666666666666,0.27777777777777773,0.0,0.8453703703703703,5.0,0.4444444444444444,0.1111111111111111,3.2222222222222228,0.4444444444444444,1.8888888888888886,5.5555555555555545,11.055555555555557,8.666666666666666,14.166666666666666,3.3888888888888893,10.5,0.4444444444444444,0.1111111111111111,5.333333333333333,1.277777777777778,4.444444444444444,0.1111111111111111,0.0,0.1111111111111111,0.1111111111111111,0.7888888888888888,2.888888888888889,1.6666666666666667,4.444444444444444,3.7222222222222228,3.7777777777777772,1.5,9.0,22.166666666666668,15.277777777777779,28.444444444444443,0.3333333333333333,15.166666666666666,2.111111111111111,4.888888888888889,15.277777777777779,4.944444444444445,1.9444444444444446,0.3333333333333333,12.277777777777779,0.4444444444444444,0.4444444444444444,11.555555555555555,1.1666666666666667,0.4444444444444444,13.166666666666666,13.166666666666666,0.1967213114754098,0.47619047619047616,1.0,6.0,0.6041666666666669,0.3478260869565217,0.425,0.5025125628140702,0.6117647058823529,1.0,0.8095238095238095,0.21052631578947367,1.0,0.7563636363636363,0.2359550561797754,0.22857142857142865,0.5939849624060151,0.4628906249999999
Amar Suloev,Orthodox,No,No,No,Amar Suloev,0.0,0.16666666666666666,0.16666666666666666,0.0,0.008333333333333333,4.833333333333333,0.5,3.1666666666666665,8.166666666666666,0.0,0.3333333333333333,8.5,21.166666666666668,8.5,21.166666666666668,0.16666666666666666,16.5,1.1666666666666667,3.5,20.833333333333332,0.0,0.3333333333333333,0.0,0.0,0.0,0.0,0.14166666666666666,6.166666666666667,0.0,8.5,13.0,0.5,1.1666666666666667,14.666666666666666,43.5,16.0,45.166666666666664,0.3333333333333333,32.333333333333336,0.5,10.666666666666666,41.333333333333336,0.6666666666666666,1.5,0.3333333333333333,26.166666666666668,0.5,2.1666666666666665,28.333333333333332,0.16666666666666666,0.3333333333333333,28.833333333333332,29.166666666666668,1.0,0.29292929292929293,0.42857142857142855,0.047619047619047616,0.392,,1.0,0.40157480314960625,0.40157480314960625,1.0,0.8092783505154639,1.0,1.0,0.685483870967742,0.25,0.2222222222222222,0.6628352490421456,0.6457564575645756
Tsuyoshi Kohsaka,Orthodox,No,No,No,Tsuyoshi Kohsaka,0.0,0.5,0.0,0.0,0.275,1.5,1.0,0.5,0.5,1.5,1.0,3.0,5.5,13.5,16.5,0.5,4.0,1.0,0.5,1.0,3.5,1.0,0.0,1.5,0.5,0.0,3.583333333333333,9.0,0.5,0.0,0.0,0.5,9.0,9.5,16.5,29.0,38.5,2.5,15.0,1.5,0.0,1.5,0.5,14.5,1.0,6.0,1.0,0.0,1.5,0.0,5.5,7.0,9.5,1.0,0.375,1.0,1.0,0.5,0.42857142857142855,1.0,0.5454545454545454,0.8181818181818182,0.4,0.4,0.6666666666666667,-inf,1.0,0.0,0.3793103448275862,0.4242424242424242,0.24675324675324672
Pete Williams,Orthodox,No,No,No,Pete Williams,0.0,0.3333333333333333,0.16666666666666666,0.0,1.0472222222222223,1.3333333333333335,0.5,0.16666666666666666,0.41666666666666663,0.0,1.5833333333333335,2.0,3.25,4.416666666666666,6.0,1.0833333333333333,2.333333333333333,0.5,0.41666666666666663,1.5,0.0,1.75,0.5,0.9166666666666666,0.3333333333333333,0.25,1.5499999999999998,6.416666666666666,2.3333333333333335,0.8333333333333333,3.5,0.6666666666666666,5.416666666666666,9.583333333333334,15.5,22.75,29.833333333333336,1.1666666666666665,11.833333333333332,2.5833333333333335,1.0833333333333333,6.333333333333334,1.1666666666666667,8.0,0.25,5.416666666666666,0.25,0.25,2.833333333333333,0.5,2.583333333333333,5.916666666666666,7.083333333333334,0.3076923076923077,0.5714285714285716,1.0,0.8,0.27777777777777773,,0.9047619047619049,0.6153846153846154,0.736111111111111,0.2142857142857142,0.4577464788732394,0.09677419354838712,0.15384615384615385,0.44736842105263164,0.4285714285714286,0.32291666666666674,0.3817204301075269,0.23743016759776547
Hayato Sakurai,Orthodox,No,No,Yes,Hayato Sakurai,0.25,0.0,0.0,0.0,0.0,1.0,0.0,0.25,1.25,0.0,0.0,1.25,3.0,3.5,5.5,0.0,2.75,0.0,0.25,3.0,0.0,0.0,0.0,2.25,0.0,0.0,3.966666666666667,8.5,0.5,0.0,2.0,0.25,6.75,9.0,14.5,28.0,34.25,2.75,14.0,0.5,0.0,3.0,0.25,11.25,0.5,5.5,0.0,0.0,1.0,0.0,4.5,5.5,6.25,,0.36363636363636365,,0.0,0.4166666666666667,,,0.4166666666666667,0.6363636363636364,0.18181818181818177,0.3928571428571429,0.0,-inf,0.33333333333333337,0.0,0.4,0.3793103448275862,0.18248175182481752
Pat Miletich,Orthodox,Yes,No,Yes,Pat Miletich,0.08333333333333333,0.43333333333333335,0.2333333333333333,0.0,0.9855555555555556,4.483333333333333,0.6833333333333332,1.5999999999999999,4.766666666666667,0.9500000000000001,1.05,6.766666666666667,13.15,17.816666666666666,24.683333333333334,0.43333333333333335,10.65,0.7666666666666666,1.7333333333333334,10.483333333333333,1.3166666666666667,1.3499999999999999,0.0,0.6333333333333333,0.48333333333333334,0.0,0.9049999999999999,2.1333333333333333,1.05,1.0666666666666667,2.066666666666667,0.7666666666666666,1.4166666666666667,4.25,12.216666666666667,12.549999999999999,21.71666666666667,1.0666666666666667,9.783333333333333,1.2166666666666666,1.2166666666666666,7.933333333333334,1.25,3.033333333333333,0.43333333333333335,7.6499999999999995,0.16666666666666666,0.15,5.866666666666667,0.48333333333333334,1.6166666666666665,7.966666666666666,9.166666666666666,1.0,0.42097026604068855,0.8913043478260869,0.25,0.4546899841017488,0.7215189873417722,0.7777777777777779,0.514575411913815,0.7218095881161377,0.40625,0.7819420783645656,0.1369863013698629,0.4794520547945206,0.7394957983193278,0.3866666666666667,0.5329670329670328,0.6521145975443383,0.4221028396009211
Kelly Dullanty,Orthodox,No,No,No,Kelly Dullanty,0.0,0.0,0.0,0.0,0.1833333333333333,0.0,0.0,0.0,0.0,0.0,0.0,0.0,1.0,17.0,21.0,0.0,1.0,0.0,0.0,0.0,1.0,0.0,0.0,1.0,3.0,0.0,2.3666666666666667,2.0,0.0,0.0,0.0,0.0,2.0,2.0,8.0,14.0,20.0,3.0,8.0,0.0,0.0,2.0,0.0,6.0,2.0,6.0,0.0,0.0,2.0,0.0,4.0,6.0,6.0,,0.0,,,,0.0,,0.0,0.8095238095238095,0.6666666666666667,0.75,,-inf,1.0,,0.6666666666666667,0.75,0.30000000000000004
Jutaro Nakao,Southpaw,No,No,No,Jutaro Nakao,0.16666666666666666,0.0,0.0,0.0,0.7055555555555556,0.8333333333333334,0.3333333333333333,1.0,1.5,0.3333333333333333,0.3333333333333333,2.1666666666666665,6.0,4.166666666666667,8.0,0.16666666666666666,4.0,1.0,1.0,4.666666666666667,1.0,0.3333333333333333,0.0,1.6666666666666667,0.0,0.0,2.716666666666667,4.166666666666667,0.16666666666666666,1.0,0.6666666666666666,1.0,3.6666666666666665,5.333333333333333,8.166666666666666,58.166666666666664,62.166666666666664,3.0,6.833333333333333,0.3333333333333333,1.0,2.0,1.3333333333333333,4.833333333333333,1.3333333333333333,2.6666666666666665,0.16666666666666666,0.0,1.3333333333333333,0.3333333333333333,1.1666666666666667,2.8333333333333335,4.0,0.0,0.20833333333333334,0.3333333333333333,0.0,0.3214285714285714,0.3333333333333333,1.0,0.3611111111111111,0.5208333333333334,0.4444444444444444,0.3902439024390243,0.5,-0.6666666666666667,0.6666666666666667,0.25,0.24137931034482762,0.346938775510204,0.06434316353887404
Chris Brennan,Orthodox,No,No,No,Chris Brennan,0.0,0.0,0.3333333333333333,0.0,0.0444444444444444,0.6666666666666666,1.3333333333333333,0.6666666666666666,1.0,1.3333333333333333,0.3333333333333333,2.6666666666666665,7.666666666666667,32.333333333333336,38.333333333333336,0.6666666666666666,4.666666666666667,1.6666666666666667,1.3333333333333333,5.666666666666667,1.6666666666666667,0.3333333333333333,0.0,1.0,0.0,0.0,4.344444444444444,5.333333333333333,0.0,0.3333333333333333,1.6666666666666667,0.0,4.0,5.666666666666667,11.0,40.0,50.0,1.0,10.666666666666666,0.0,0.3333333333333333,2.3333333333333335,0.0,8.666666666666666,0.0,5.333333333333333,0.0,0.0,0.6666666666666666,0.0,4.666666666666667,5.333333333333333,10.0,0.0,0.14285714285714285,0.7999999999999999,0.0,0.1764705882352941,0.7999999999999999,1.0,0.34782608695652173,0.8434782608695652,0.0,0.5,,-2.0,0.2857142857142857,,0.5384615384615384,0.48484848484848486,0.19999999999999996
Kevin Randleman,Orthodox,Yes,No,Yes,Kevin Randleman,0.0,0.2833333333333333,0.15,0.0,1.5127777777777778,3.6,0.3333333333333333,0.06666666666666667,1.5666666666666669,0.7833333333333333,1.65,4.0,9.25,10.85,16.666666666666664,0.5,8.85,0.3333333333333333,0.06666666666666667,5.016666666666667,1.05,3.183333333333333,0.05,0.06666666666666667,0.38333333333333336,0.0,0.1983333333333333,1.5,0.5833333333333334,0.85,0.9,1.0333333333333332,1.0,2.9333333333333336,8.016666666666666,7.366666666666665,12.683333333333334,0.06666666666666667,6.383333333333333,0.65,0.9833333333333334,5.333333333333334,1.2333333333333332,1.45,0.0,4.883333333333334,0.06666666666666667,0.13333333333333333,4.433333333333333,0.2,0.45,5.083333333333333,5.316666666666667,0.5666666666666667,0.4067796610169492,1.0,4.25,0.31229235880398676,0.746031746031746,0.518324607329843,0.43243243243243246,0.651,0.0,0.7650130548302871,0.10256410256410253,0.9322033898305084,0.83125,0.16216216216216217,0.31034482758620685,0.6340956340956341,0.41918528252299614
Homer Moore,Orthodox,No,No,No,Homer Moore,0.0,1.0,0.0,0.0,2.275,2.0,0.0,0.0,1.0,0.0,1.0,2.0,4.0,6.0,8.0,1.5,4.0,0.0,0.0,1.5,0.0,2.5,0.0,0.0,2.0,0.0,0.0,1.0,0.0,1.0,1.5,0.5,0.0,2.0,2.0,3.0,3.5,0.0,1.0,0.0,1.0,1.5,0.5,0.0,0.0,0.0,0.0,0.0,0.0,0.0,0.0,0.0,0.5,0.6666666666666666,0.5,,inf,0.6666666666666666,,0.4,0.5,0.75,,0.0,,1.0,0.0,0.0,,0.0,0.1428571428571429
Roberto Traven,Orthodox,No,No,No,Roberto Traven,0.0,0.0,0.0,0.0,0.0,1.0,0.0,0.0,1.0,0.0,0.0,1.0,2.0,1.0,2.0,0.0,2.0,0.0,0.0,2.0,0.0,0.0,0.0,0.0,1.0,0.0,0.6166666666666667,1.0,0.0,2.0,3.0,0.0,0.0,3.0,7.0,6.0,11.0,0.0,5.0,0.0,2.0,7.0,0.0,0.0,0.0,4.0,0.0,0.0,4.0,0.0,0.0,4.0,5.0,,0.5,,,0.5,,,0.5,0.5,,0.8,,1.0,0.5714285714285714,,,0.5714285714285714,0.4545454545454546
Bobby Hoffman,Orthodox,No,No,No,Bobby Hoffman,0.1111111111111111,0.7222222222222222,0.1111111111111111,0.1111111111111111,1.4685185185185186,1.8333333333333333,2.2222222222222223,0.27777777777777773,0.16666666666666666,3.055555555555556,1.1111111111111112,4.333333333333333,11.5,13.611111111111109,22.5,0.8333333333333334,8.444444444444445,2.7777777777777772,0.27777777777777773,2.6666666666666665,5.333333333333333,3.5,0.0,0.27777777777777773,0.1111111111111111,0.0,2.823148148148148,7.777777777777778,6.0,1.0555555555555556,0.7777777777777777,12.111111111111112,1.9444444444444444,14.833333333333334,18.88888888888889,38.0,42.388888888888886,0.27777777777777773,11.5,6.0,1.3888888888888886,1.0555555555555556,15.555555555555555,2.2777777777777777,0.0,3.722222222222222,0.0,0.3333333333333333,0.27777777777777773,3.4444444444444446,0.3333333333333333,4.055555555555555,4.388888888888889,0.8666666666666666,0.21710526315789472,0.8000000000000002,2.6000000000000005,0.0625,0.5729166666666667,0.3174603174603175,0.3768115942028985,0.6049382716049382,0.0,0.32367149758454106,0.0,0.8,0.26315789473684226,0.2214285714285713,0.14634146341463417,0.2147058823529412,0.10353866317169058
Fabiano Iha,Orthodox,No,No,No,Fabiano Iha,0.0,0.6,0.39999999999999997,0.0,1.6988888888888887,3.1999999999999997,0.19999999999999998,1.7333333333333334,1.3333333333333333,1.9333333333333333,1.8666666666666665,5.133333333333334,12.466666666666667,13.933333333333332,23.266666666666666,1.5333333333333332,9.733333333333333,0.9333333333333332,1.8,5.733333333333333,3.6,3.1333333333333333,0.0,0.19999999999999998,0.0,0.0,1.6611111111111112,8.866666666666667,0.13333333333333333,0.13333333333333333,2.066666666666667,6.2,0.8666666666666667,9.133333333333333,15.0,26.400000000000002,33.06666666666667,0.39999999999999997,14.666666666666666,0.13333333333333333,0.19999999999999998,4.8,8.866666666666667,1.3333333333333333,0.19999999999999998,5.8,0.0,0.06666666666666667,2.733333333333333,2.6666666666666665,0.4666666666666666,5.866666666666667,6.666666666666667,0.391304347826087,0.3287671232876712,0.2142857142857143,0.3333333333333333,0.23255813953488372,0.537037037037037,0.5957446808510638,0.411764705882353,0.5988538681948423,0.5,0.3954545454545454,0.0,0.0,0.5694444444444444,0.3007518796992481,0.35,0.3911111111111112,0.2016129032258065
Semmy Schilt,Orthodox,No,No,No,Semmy Schilt,1.0,0.0,0.0,0.0,0.30416666666666664,2.5,3.25,1.25,5.25,0.75,1.0,7.0,11.75,10.5,16.0,0.0,6.25,3.75,1.75,9.0,1.75,1.0,0.0,0.5,0.25,0.0,2.1083333333333334,4.25,0.0,0.0,0.5,0.0,3.75,4.25,7.25,9.0,12.25,2.0,6.75,0.0,0.5,1.75,0.0,5.5,1.5,2.5,0.0,0.5,1.25,0.0,1.75,3.0,3.25,,0.4,0.8666666666666667,0.0,0.5833333333333334,0.42857142857142855,1.0,0.5957446808510638,0.65625,0.75,0.37037037037037035,,0.0,0.7142857142857143,,0.31818181818181823,0.4137931034482759,0.26530612244897955
Paul Rodriguez,Orthodox,No,No,No,Paul Rodriguez,0.0,0.0,0.0,0.0,0.0,0.0,0.0,2.0,2.0,0.0,0.0,2.0,2.0,2.0,2.0,1.0,0.0,0.0,2.0,2.0,0.0,0.0,0.0,0.0,2.0,0.0,0.5333333333333333,1.0,0.0,0.0,1.0,0.0,0.0,1.0,3.0,1.0,3.0,0.0,3.0,0.0,0.0,3.0,0.0,0.0,0.0,2.0,0.0,0.0,2.0,0.0,0.0,2.0,2.0,0.0,,,0.0,1.0,,,1.0,1.0,,0.6666666666666667,,,0.6666666666666667,,,0.6666666666666667,0.6666666666666667
Yuki Kondo,Southpaw,No,No,Yes,Yuki Kondo,0.27777777777777773,0.0,0.0,0.27777777777777773,0.6564814814814816,4.444444444444445,0.9444444444444443,0.0,1.8333333333333333,0.611111111111111,2.944444444444444,5.388888888888888,8.944444444444445,22.055555555555554,26.388888888888886,0.2222222222222222,7.222222222222222,1.722222222222222,0.0,3.388888888888889,0.888888888888889,4.666666666666667,0.0,0.9444444444444443,0.2222222222222222,0.1111111111111111,3.1824074074074074,5.0,0.7777777777777777,0.0,0.27777777777777773,0.1111111111111111,5.388888888888888,5.777777777777779,11.611111111111109,23.833333333333332,32.611111111111114,1.8333333333333333,10.555555555555555,1.0555555555555556,0.0,1.1666666666666667,0.1111111111111111,10.333333333333334,0.8888888888888888,5.5555555555555545,0.27777777777777773,0.0,0.8888888888888888,0.0,4.944444444444445,5.833333333333333,8.777777777777779,0.0,0.6153846153846154,0.5483870967741935,,0.540983606557377,0.6874999999999999,0.6309523809523808,0.6024844720496894,0.8357894736842105,0.48484848484848486,0.5263157894736842,0.26315789473684226,-inf,0.761904761904762,0.0,0.4784946236559141,0.5023923444976075,0.26916524701873945
Joey Gilbert,Orthodox,No,No,No,Joey Gilbert,0.0,0.0,0.0,0.0,0.1,0.0,2.0,1.0,1.0,2.0,0.0,3.0,7.0,11.0,15.0,1.0,4.0,2.0,1.0,5.0,2.0,0.0,0.0,2.0,0.0,0.0,4.5,18.0,4.0,0.0,3.0,3.0,16.0,22.0,32.0,76.0,86.0,2.0,28.0,4.0,0.0,8.0,3.0,21.0,0.0,10.0,0.0,0.0,5.0,0.0,5.0,10.0,10.0,0.0,0.0,1.0,0.0,0.2,1.0,,0.42857142857142855,0.7333333333333333,0.0,0.3571428571428571,0.0,-inf,0.625,0.0,0.23809523809523814,0.3125,0.11627906976744184
Mark Robinson,Orthodox,No,No,No,Mark Robinson,0.0,0.0,0.0,0.0,3.083333333333333,0.0,0.0,0.0,0.0,0.0,0.0,0.0,1.0,1.0,2.0,0.0,1.0,0.0,0.0,0.0,1.0,0.0,1.0,0.0,0.0,0.0,0.0166666666666666,4.0,16.0,0.0,0.0,20.0,0.0,20.0,23.0,64.0,67.0,0.0,6.0,17.0,0.0,1.0,22.0,0.0,0.0,2.0,1.0,0.0,1.0,2.0,0.0,3.0,3.0,,0.0,,,,0.0,,0.0,0.5,,0.33333333333333337,0.05882352941176472,,1.0,0.09090909090909094,,0.13043478260869568,0.04477611940298509
Phil Johns,Southpaw,No,No,No,Phil Johns,0.0,0.0,0.0,0.0,0.2666666666666666,0.0,1.0,1.0,1.0,1.0,0.0,2.0,3.0,6.0,7.0,1.0,0.0,1.0,2.0,2.0,1.0,0.0,0.0,1.0,1.0,0.0,0.85,0.0,2.0,1.0,2.0,1.0,0.0,3.0,6.0,3.0,6.0,2.0,3.0,2.0,1.0,5.0,1.0,0.0,1.0,3.0,0.0,0.0,3.0,0.0,0.0,3.0,3.0,0.0,,1.0,0.0,0.5,1.0,,0.6666666666666666,0.8571428571428571,0.5,1.0,0.0,0.0,0.6,0.0,,0.5,0.5
Lance Gibson,Orthodox,No,No,No,Lance Gibson,0.0,0.0,0.0,0.0,0.0,6.0,0.0,0.0,1.0,4.0,1.0,6.0,8.0,18.0,21.0,0.0,8.0,0.0,0.0,1.0,5.0,2.0,0.0,1.0,0.0,0.0,4.183333333333334,19.0,11.0,2.0,2.0,5.0,25.0,32.0,40.0,47.0,55.0,1.0,26.0,12.0,2.0,2.0,7.0,31.0,0.0,7.0,1.0,0.0,0.0,2.0,6.0,8.0,8.0,,0.75,,,1.0,0.8,0.5,0.75,0.8571428571428571,0.0,0.2692307692307693,0.08333333333333337,0.5,0.0,0.2857142857142857,0.19354838709677424,0.19999999999999996,0.1454545454545455
Daiju Takase,Southpaw,No,No,No,Daiju Takase,0.0,0.0,0.0,0.0,0.0,0.0,0.0,0.0,0.0,0.0,0.0,0.0,2.0,1.0,3.0,0.0,2.0,0.0,0.0,2.0,0.0,0.0,0.0,1.0,0.0,0.0,1.933333333333333,8.0,0.0,0.0,0.0,0.0,8.0,8.0,12.0,16.0,20.0,1.0,12.0,0.0,0.0,0.0,0.0,12.0,0.0,4.0,0.0,0.0,0.0,0.0,4.0,4.0,4.0,,0.0,,,0.0,,,0.0,0.3333333333333333,0.0,0.33333333333333337,,-inf,,,0.33333333333333337,0.33333333333333337,0.19999999999999996
Yoji Anjo,Orthodox,No,No,No,Yoji Anjo,0.0,0.0,0.0,0.0,0.2,0.0,0.0,0.0,0.0,0.0,0.0,0.0,1.0,0.0,1.0,1.0,1.0,0.0,0.0,1.0,0.0,0.0,0.0,0.0,0.0,0.0,2.1,17.0,0.0,0.0,0.0,1.0,16.0,17.0,26.0,39.0,52.0,0.0,26.0,0.0,0.0,2.0,1.0,23.0,0.0,9.0,0.0,0.0,2.0,0.0,7.0,9.0,13.0,0.0,0.0,,,0.0,,,0.0,0.0,,0.34615384615384615,,,1.0,0.0,0.30434782608695654,0.34615384615384615,0.25
Kenichi Yamamoto,Orthodox,No,No,Yes,Kenichi Yamamoto,0.0,0.0,0.0,0.0,0.0083333333333333,0.0,1.0,0.5,1.0,0.5,0.0,1.5,3.5,1.5,3.5,2.0,1.5,1.0,1.0,3.0,0.5,0.0,0.0,1.5,1.0,0.0,2.2,7.5,0.0,0.5,2.5,0.5,5.0,8.0,14.0,15.5,21.5,1.5,12.5,0.0,1.5,7.5,0.5,6.0,0.0,5.0,0.0,1.0,5.0,0.0,1.0,6.0,6.0,0.0,0.0,1.0,0.0,0.3333333333333333,1.0,,0.42857142857142855,0.42857142857142855,0.0,0.4,,0.0,0.6666666666666667,0.0,0.16666666666666663,0.4285714285714286,0.2790697674418605
Aaron Brink,Orthodox,No,No,No,Aaron Brink,0.0,0.0,0.0,0.0,0.0666666666666666,0.0,0.0,0.0,0.0,0.0,0.0,0.0,5.0,0.0,5.0,1.0,5.0,0.0,0.0,3.0,2.0,0.0,0.0,1.0,2.0,0.0,0.2166666666666666,1.0,0.0,1.0,2.0,0.0,0.0,2.0,4.0,2.0,4.0,1.0,3.0,0.0,1.0,2.0,2.0,0.0,0.0,2.0,0.0,0.0,0.0,2.0,0.0,2.0,2.0,0.0,0.0,,,0.0,0.0,,0.0,0.0,0.0,0.6666666666666667,,0.0,0.0,1.0,,0.5,0.5
Ben Earwood,Orthodox,No,No,No,Ben Earwood,0.0,1.0,0.0,0.0,4.891666666666667,2.5,0.0,0.0,0.5,0.0,2.0,2.5,4.5,32.0,35.5,1.0,4.5,0.0,0.0,0.5,0.0,4.0,0.0,0.0,0.5,0.0,0.0,0.0,1.0,0.0,1.0,0.0,0.0,1.0,1.5,14.5,15.5,0.0,0.5,1.0,0.0,1.5,0.0,0.0,0.0,0.5,0.0,0.0,0.5,0.0,0.0,0.5,1.0,1.0,0.5555555555555556,,inf,1.0,,0.5,0.5555555555555556,0.9014084507042254,,1.0,0.0,,0.33333333333333337,,,0.33333333333333337,0.06451612903225812
John Lewis,Southpaw,No,No,No,John Lewis,0.0,0.0,0.0,0.0,0.0,0.0,0.0,0.0,0.0,0.0,0.0,0.0,1.0,0.0,1.0,0.0,1.0,0.0,0.0,1.0,0.0,0.0,1.0,0.0,0.0,0.0,0.0,1.0,0.0,0.0,1.0,0.0,0.0,1.0,3.0,1.0,3.0,0.0,3.0,0.0,0.0,3.0,0.0,0.0,0.0,2.0,0.0,0.0,2.0,0.0,0.0,2.0,2.0,,0.0,,,0.0,,,0.0,0.0,,0.6666666666666667,,,0.6666666666666667,,,0.6666666666666667,0.6666666666666667
Alex Stiebling,Southpaw,No,No,No,Alex Stiebling,0.0,0.0,0.5,0.0,0.0,1.5,0.5,0.0,0.0,0.5,1.5,2.0,3.5,19.0,21.0,0.0,2.5,1.0,0.0,1.0,1.0,1.5,0.0,1.0,1.5,0.0,4.7,3.5,1.0,0.0,0.0,0.5,4.0,4.5,9.5,34.0,39.0,2.0,8.5,1.0,0.0,0.5,0.5,8.5,1.0,5.0,0.0,0.0,0.5,0.0,4.5,5.0,5.0,,0.6,0.5,,0.0,0.5,1.0,0.5714285714285714,0.9047619047619048,0.5,0.5882352941176471,0.0,-inf,1.0,0.0,0.5294117647058824,0.5263157894736843,0.1282051282051282
Mark Hughes,Southpaw,No,No,No,Mark Hughes,0.0,1.0,1.5,0.0,4.7,3.5,1.0,0.0,0.0,0.5,4.0,4.5,9.5,34.0,39.0,2.0,8.5,1.0,0.0,0.5,0.5,8.5,0.0,0.0,0.5,0.0,0.0,1.5,0.5,0.0,0.0,0.5,1.5,2.0,3.5,19.0,21.0,0.0,2.5,1.0,0.0,1.0,1.0,1.5,0.0,1.0,0.5,0.0,1.0,0.5,0.0,1.5,2.0,0.5,0.4117647058823529,1.0,inf,0.0,1.0,0.47058823529411764,0.47368421052631576,0.8717948717948718,,0.4,0.5,,1.0,0.5,0.0,0.4285714285714286,0.09523809523809523
Maurice Smith,Orthodox,No,No,No,Maurice Smith,0.0,0.0,0.0,0.0,0.9055555555555556,3.1666666666666665,3.6666666666666665,1.1666666666666667,1.3333333333333333,6.666666666666667,0.0,8.0,11.166666666666666,24.333333333333332,27.5,0.0,6.166666666666667,3.6666666666666665,1.3333333333333333,2.6666666666666665,8.5,0.0,0.0,1.3333333333333333,0.3333333333333333,0.0,3.3333333333333335,2.0,0.5,0.3333333333333333,0.6666666666666666,0.6666666666666666,1.5,2.8333333333333335,10.166666666666666,15.333333333333334,26.166666666666668,1.5,9.0,0.6666666666666666,0.5,4.166666666666667,2.0,4.0,0.16666666666666666,7.0,0.16666666666666666,0.16666666666666666,3.5,1.3333333333333333,2.5,7.333333333333333,10.833333333333334,,0.5135135135135135,1.0,0.0,0.5,0.7843137254901961,,0.7164179104477613,0.8848484848484848,0.11111111111111116,0.7777777777777778,0.25,-1.6666666666666665,0.8400000000000001,0.6666666666666667,0.625,0.721311475409836,0.4140127388535032
Brad Gumm,Orthodox,No,No,No,Brad Gumm,0.0,0.0,0.0,0.5,0.19166666666666665,6.5,2.5,0.0,0.5,6.5,2.0,9.0,16.5,44.0,53.0,1.0,11.5,4.5,0.5,4.0,10.5,2.0,0.0,0.5,0.0,0.0,4.241666666666667,4.5,7.5,2.0,1.0,10.5,2.5,14.0,27.5,31.5,47.0,0.5,16.5,8.0,3.0,2.5,15.5,9.5,0.0,12.0,0.5,1.0,1.5,5.0,7.0,13.5,15.5,0.0,0.5652173913043478,0.5555555555555556,0.0,0.125,0.6190476190476191,1.0,0.5454545454545454,0.8301886792452831,0.0,0.7272727272727273,0.0625,0.8333333333333334,0.6,0.32258064516129037,0.736842105263158,0.49090909090909096,0.32978723404255317
CJ Fernandes,,No,No,No,CJ Fernandes,0.0,0.5,0.0,0.0,4.241666666666667,4.5,7.5,2.0,1.0,10.5,2.5,14.0,27.5,31.5,47.0,0.5,16.5,8.0,3.0,2.5,15.5,9.5,0.0,0.0,0.0,0.5,0.19166666666666665,6.5,2.5,0.0,0.5,6.5,2.0,9.0,16.5,44.0,53.0,1.0,11.5,4.5,0.5,4.0,10.5,2.0,1.0,5.0,2.0,0.5,3.5,4.0,0.0,7.5,9.0,1.0,0.2727272727272727,0.9375,0.16666666666666666,0.4,0.6774193548387096,0.2631578947368421,0.509090909090909,0.6702127659574468,1.0,0.4347826086956522,0.4444444444444444,1.0,0.875,0.38095238095238093,0.0,0.4545454545454546,0.16981132075471694
Laverne Clark,Orthodox,No,No,No,Laverne Clark,0.0,0.0,0.0,0.0,0.4,1.0,0.0,0.0,1.0,0.0,0.0,1.0,2.0,1.0,2.0,0.0,2.0,0.0,0.0,2.0,0.0,0.0,0.0,1.0,2.0,0.0,0.1166666666666666,0.0,0.0,1.0,1.0,0.0,0.0,1.0,3.0,1.0,3.0,1.0,0.0,1.0,2.0,3.0,0.0,0.0,0.0,0.0,1.0,1.0,2.0,0.0,0.0,2.0,2.0,,0.5,,,0.5,,,0.5,0.5,0.0,,1.0,0.5,0.6666666666666667,,,0.6666666666666667,0.6666666666666667
Tedd Williams,Orthodox,No,No,No,Tedd Williams,0.0,0.3333333333333333,0.0,0.0,2.422222222222222,3.0,5.333333333333333,0.0,0.6666666666666666,0.3333333333333333,7.333333333333333,8.333333333333334,9.666666666666666,15.333333333333334,16.666666666666668,3.3333333333333335,4.0,5.666666666666667,0.0,1.0,0.3333333333333333,8.333333333333334,0.0,0.0,0.0,0.0,1.9777777777777779,9.666666666666666,0.3333333333333333,0.0,0.3333333333333333,1.3333333333333333,8.333333333333334,10.0,20.333333333333332,18.333333333333332,28.666666666666668,0.0,20.0,0.3333333333333333,0.0,2.6666666666666665,1.6666666666666667,16.0,0.0,10.333333333333334,0.0,0.0,2.3333333333333335,0.3333333333333333,7.666666666666667,10.333333333333334,10.333333333333334,0.09999999999999999,0.75,0.9411764705882352,inf,0.6666666666666666,1.0,0.8799999999999999,0.8620689655172415,0.9199999999999999,,0.5166666666666667,0.0,,0.875,0.20000000000000007,0.47916666666666663,0.5081967213114753,0.36046511627906985
Tim Lajcik,Orthodox,No,No,No,Tim Lajcik,0.0,0.0,0.0,0.0,0.8083333333333335,2.5,0.0,0.0,0.5,0.0,2.0,2.5,7.0,20.0,27.0,0.5,7.0,0.0,0.0,3.0,0.5,3.5,0.0,0.5,0.0,0.0,3.525,10.0,5.0,0.5,0.0,1.5,14.0,15.5,31.0,61.0,80.0,2.0,24.5,6.0,0.5,1.5,3.0,26.5,1.5,14.5,1.0,0.0,1.5,1.5,12.5,15.5,19.0,0.0,0.35714285714285715,,,0.16666666666666666,0.0,0.5714285714285714,0.35714285714285715,0.7407407407407407,0.75,0.5918367346938775,0.16666666666666663,0.0,1.0,0.5,0.4716981132075472,0.5,0.23750000000000004
Dan Severn,Southpaw,No,No,No,Dan Severn,0.0,0.0,0.0,0.0,0.0,0.0,0.0,0.0,0.0,0.0,0.0,0.0,3.0,1.0,4.0,1.0,3.0,0.0,0.0,3.0,0.0,0.0,1.0,0.0,0.0,0.0,0.1833333333333333,0.0,0.0,2.0,2.0,0.0,0.0,2.0,7.0,2.0,7.0,0.0,5.0,0.0,2.0,6.0,0.0,1.0,0.0,5.0,0.0,0.0,4.0,0.0,1.0,5.0,5.0,0.0,0.0,,,0.0,,,0.0,0.25,,1.0,,1.0,0.6666666666666667,,1.0,0.7142857142857143,0.7142857142857143
Alex Andrade,Orthodox,No,No,No,Alex Andrade,0.5,0.0,0.0,0.0,0.7666666666666666,4.0,1.5,0.5,3.0,3.0,0.0,6.0,13.5,15.0,22.5,0.5,11.5,1.5,0.5,9.0,4.5,0.0,0.0,0.0,0.0,0.0,0.11666666666666665,2.0,0.5,0.5,1.0,2.0,0.0,3.0,5.0,8.0,10.0,0.0,4.0,0.5,0.5,2.0,3.0,0.0,0.0,2.0,0.0,0.0,1.0,1.0,0.0,2.0,2.0,0.0,0.34782608695652173,1.0,0.0,0.3333333333333333,0.6666666666666666,,0.4444444444444444,0.6666666666666666,,0.5,0.0,1.0,0.5,0.33333333333333337,,0.4,0.19999999999999996
Amaury Bitetti,Orthodox,No,No,No,Amaury Bitetti,0.0,0.0,0.0,0.0,0.11666666666666665,2.0,0.5,0.5,1.0,2.0,0.0,3.0,5.0,8.0,10.0,0.0,4.0,0.5,0.5,2.0,3.0,0.0,0.5,0.0,0.0,0.0,0.7666666666666666,4.0,1.5,0.5,3.0,3.0,0.0,6.0,13.5,15.0,22.5,0.5,11.5,1.5,0.5,9.0,4.5,0.0,0.5,7.5,0.0,0.0,6.0,1.5,0.0,7.5,7.5,,0.5,1.0,0.0,0.5,0.6666666666666666,,0.6,0.8,1.0,0.6521739130434783,0.0,1.0,0.6666666666666667,0.33333333333333337,,0.5555555555555556,0.33333333333333337
Nate Schroeder,,No,No,No,Nate Schroeder,0.0,0.5,0.0,0.5,1.75,0.0,1.5,3.0,2.0,2.5,0.0,4.5,9.0,6.0,11.5,3.0,1.0,1.5,6.5,5.5,2.5,1.0,0.0,0.5,0.0,0.0,0.8666666666666668,6.5,1.5,0.0,0.5,2.5,5.0,8.0,13.0,11.5,17.0,0.5,10.5,2.5,0.0,3.5,3.5,6.0,0.0,4.0,1.0,0.0,3.0,1.0,1.0,5.0,5.5,0.16666666666666666,0.0,1.0,0.07692307692307693,0.36363636363636365,1.0,0.0,0.5,0.5217391304347826,0.0,0.38095238095238093,0.4,-inf,0.8571428571428572,0.2857142857142857,0.16666666666666663,0.3846153846153846,0.32352941176470584
Joao Roque,Orthodox,No,No,No,Joao Roque,0.0,0.3333333333333333,0.0,0.0,0.08888888888888886,0.6666666666666666,0.6666666666666666,0.3333333333333333,1.6666666666666667,0.0,0.0,1.6666666666666667,19.666666666666668,1.6666666666666667,19.666666666666668,6.0,14.333333333333334,2.0,3.3333333333333335,19.0,0.3333333333333333,0.3333333333333333,0.0,0.0,0.0,0.3333333333333333,0.7388888888888889,1.3333333333333333,0.0,0.0,1.0,0.3333333333333333,0.0,1.3333333333333333,28.0,6.0,32.666666666666664,0.0,28.0,0.0,0.0,25.666666666666668,0.3333333333333333,2.0,0.0,26.666666666666668,0.0,0.0,24.666666666666668,0.0,2.0,26.666666666666668,26.666666666666668,0.05555555555555555,0.04651162790697674,0.3333333333333333,0.09999999999999999,0.08771929824561404,0.0,0.0,0.0847457627118644,0.0847457627118644,,0.9523809523809523,,,0.961038961038961,0.0,1.0,0.9523809523809523,0.8163265306122449
Marcelo Aguiar,Orthodox,No,No,No,Marcelo Aguiar,0.0,0.0,0.0,0.0,0.0,2.0,0.0,0.0,0.0,0.0,2.0,2.0,2.0,21.0,21.0,0.0,2.0,0.0,0.0,0.0,0.0,2.0,0.0,2.0,0.0,0.0,4.133333333333334,14.0,4.0,0.0,0.0,0.0,18.0,18.0,31.0,29.0,42.0,3.0,27.0,4.0,0.0,2.0,0.0,29.0,1.0,13.0,0.0,0.0,2.0,0.0,11.0,13.0,13.0,,1.0,,,,,1.0,1.0,1.0,0.33333333333333337,0.4814814814814815,0.0,-inf,1.0,,0.3793103448275862,0.4193548387096774,0.30952380952380953
Adrian Serrano,,No,No,No,Adrian Serrano,0.0,0.0,0.0,0.5,1.5583333333333336,1.0,2.0,0.0,1.5,1.5,0.0,3.0,11.5,27.5,39.5,1.0,8.0,3.5,0.0,7.5,4.0,0.0,0.0,1.5,0.0,0.0,1.0,7.5,2.5,3.0,10.5,1.5,1.0,13.0,27.5,25.5,42.5,3.0,20.5,3.5,3.5,22.0,2.5,3.0,1.5,13.0,1.0,0.5,11.5,1.0,2.0,14.5,17.0,0.0,0.125,0.5714285714285714,,0.2,0.375,,0.2608695652173913,0.6962025316455697,0.5,0.6341463414634146,0.2857142857142857,0.5714285714285714,0.5227272727272727,0.4,0.6666666666666667,0.5272727272727273,0.4
David Dodd,Orthodox,No,No,No,David Dodd,0.0,0.0,0.0,0.0,0.0111111111111111,1.6666666666666667,1.6666666666666667,0.0,1.0,1.6666666666666667,0.6666666666666666,3.3333333333333335,10.333333333333334,9.0,16.333333333333332,0.6666666666666666,8.333333333333334,2.0,0.0,7.333333333333333,2.0,1.0,0.0,0.3333333333333333,0.0,0.0,1.5944444444444443,3.6666666666666665,1.0,0.6666666666666666,4.0,1.3333333333333333,0.0,5.333333333333333,20.0,35.0,54.333333333333336,0.3333333333333333,17.666666666666668,1.6666666666666667,0.6666666666666666,15.0,4.333333333333333,0.6666666666666666,0.0,14.0,0.6666666666666666,0.0,11.0,3.0,0.6666666666666666,14.666666666666666,19.333333333333332,0.0,0.19999999999999998,0.8333333333333334,,0.13636363636363638,0.8333333333333334,0.6666666666666666,0.3225806451612903,0.5510204081632654,0.0,0.7924528301886793,0.4,0.5,0.7333333333333334,0.6923076923076923,1.0,0.7333333333333334,0.35582822085889576
Tyrone Roberts,Orthodox,No,No,No,Tyrone Roberts,0.0,0.3333333333333333,0.0,0.0,1.5944444444444443,3.6666666666666665,1.0,0.6666666666666666,4.0,1.3333333333333333,0.0,5.333333333333333,20.0,35.0,54.333333333333336,0.3333333333333333,17.666666666666668,1.6666666666666667,0.6666666666666666,15.0,4.333333333333333,0.6666666666666666,0.0,0.0,0.0,0.0,0.0111111111111111,1.6666666666666667,1.6666666666666667,0.0,1.0,1.6666666666666667,0.6666666666666666,3.3333333333333335,10.333333333333334,9.0,16.333333333333332,0.6666666666666666,8.333333333333334,2.0,0.0,7.333333333333333,2.0,1.0,0.6666666666666666,6.666666666666667,0.3333333333333333,0.0,6.333333333333333,0.3333333333333333,0.3333333333333333,7.0,7.333333333333333,1.0,0.20754716981132074,0.6,0.5,0.26666666666666666,0.3076923076923077,0.0,0.26666666666666666,0.6441717791411042,1.0,0.8,0.16666666666666663,,0.8636363636363636,0.16666666666666663,0.33333333333333337,0.6774193548387097,0.44897959183673464
